line,wl,amp,amp_err,flux,flux_err,z,zerr,FWHM,FWHMerr
HI_6563,6564.61,800.9447012327807,800.9447012327807,22187.962787340988,131.86178811311024,0.2692372701343956,1.3539487490313656e-06,4.6931802894346415,0.017852069621326235
HI_4861,4862.683,282.5563700477305,282.5563700477305,7827.444534305142,97.93707553190546,0.2692372701343956,1.3539487490313656e-06,4.6931802894346415,0.017852069621326235
HI_4341,4341.684,133.76910412009465,133.76910412009465,3705.703901585567,93.44466374677539,0.2692372701343956,1.3539487490313656e-06,4.6931802894346415,0.017852069621326235
HI_4102,4102.892,63.785461021867604,63.785461021867604,1767.0001853414644,92.41216010561645,0.2692372701343956,1.3539487490313656e-06,4.6931802894346415,0.017852069621326235
OIII_4363,4364.436,9.22452539768085,9.22452539768085,255.54002160149096,92.11248476032998,0.2692372701343956,1.3539487490313656e-06,4.6931802894346415,0.017852069621326235
OIII_5007,5008.24,760.846103752373,760.846103752373,21077.141793893556,128.52358732261965,0.2692372701343956,1.3539487490313656e-06,4.6931802894346415,0.017852069621326235
OIII_4959,4960.295,245.76490007758207,245.76490007758207,6808.238382703453,96.5498863083366,0.2692372701343956,1.3539487490313656e-06,4.6931802894346415,0.017852069621326235
OII_3726,3727.092,325.84065635619095,325.84065635619095,9026.516246010757,114.55062438927682,0.2692372701343956,1.3539487490313656e-06,4.6931802894346415,0.017852069621326235
OII_3729,3729.875,397.0995089724029,397.0995089724029,11000.546123084143,116.43015018305633,0.2692372701343956,1.3539487490313656e-06,4.6931802894346415,0.017852069621326235
OI_6300,6302.046,17.75903575044117,17.75903575044117,491.96508043983795,92.12983295097568,0.2692372701343956,1.3539487490313656e-06,4.6931802894346415,0.017852069621326235
SII_6717,6718.29,83.89042350885984,83.89042350885984,2323.9526925690798,92.63483281939429,0.2692372701343956,1.3539487490313656e-06,4.6931802894346415,0.017852069621326235
SII_6731,6732.67,62.30463103871625,62.30463103871625,1725.9778769224567,92.39810383387653,0.2692372701343956,1.3539487490313656e-06,4.6931802894346415,0.017852069621326235
NII_6548,6549.85,43.55768736036384,43.55768736036384,1206.6455334143,92.2489300060882,0.2692372701343956,1.3539487490313656e-06,4.6931802894346415,0.017852069621326235
NII_6584,6585.28,127.63634481787994,127.63634481787994,3535.8127281102693,93.32547284937642,0.2692372701343956,1.3539487490313656e-06,4.6931802894346415,0.017852069621326235
NII_5755,5756.24,1.9799843176873537,1.9799843176873537,54.85000186997643,92.10636845429748,0.2692372701343956,1.3539487490313656e-06,4.6931802894346415,0.017852069621326235
HeI_5876,5877.594,32.551048882460464,32.551048882460464,901.7369865626256,92.18587649367718,0.2692372701343956,1.3539487490313656e-06,4.6931802894346415,0.017852069621326235
HeII_4686,4687.02,2.1600499167107046e-12,2.1600499167107046e-12,5.983822241037204e-11,92.10607402952265,0.2692372701343956,1.3539487490313656e-06,4.6931802894346415,0.017852069621326235
NeIII_3869,3870.16,74.30208012377261,3.3278628274926136,2058.334097561068,92.5211381100919,0.2692372701343956,1.3539487490313656e-06,4.6931802894346415,0.017852069621326235
