line,wl,amp,amp_err,flux,flux_err,z,zerr,FWHM,FWHMerr
HI_6563,6564.61,0.0,0.0,0.0,10000000000.0,0.2702198146442411,1.7514998019623126e-05,0.33383746373206513,0.5328553727798402
HI_4861,4862.683,21207.390377517848,21207.390377517848,41789.76810599118,1241510.576901006,0.2702198146442411,1.7514998019623126e-05,0.33383746373206513,0.5328553727798402
HI_4341,4341.684,0.8964281574812958,0.8964281574812958,1.7664372729488493,7.54572150037788,0.2702198146442411,1.7514998019623126e-05,0.33383746373206513,0.5328553727798402
HI_4102,4102.892,0.0,0.0,0.0,10000000000.0,0.2702198146442411,1.7514998019623126e-05,0.33383746373206513,0.5328553727798402
OIII_4363,4364.436,0.0,0.0,0.0,10000000000.0,0.2702198146442411,1.7514998019623126e-05,0.33383746373206513,0.5328553727798402
OIII_5007,5008.24,308.6941437898695,308.6941437898695,608.2906220433338,12278.556817915092,0.2702198146442411,1.7514998019623126e-05,0.33383746373206513,0.5328553727798402
OIII_4959,4960.295,1136.3378119914655,1136.3378119914655,2239.186095406367,29437.68334043242,0.2702198146442411,1.7514998019623126e-05,0.33383746373206513,0.5328553727798402
OII_3726,3727.092,15159.131298702567,15159.131298702567,29871.500943021674,859861.2795615618,0.2702198146442411,1.7514998019623126e-05,0.33383746373206513,0.5328553727798402
OII_3729,3729.875,0.0,0.0,0.0,10000000000.0,0.2702198146442411,1.7514998019623126e-05,0.33383746373206513,0.5328553727798402
OI_6300,6302.046,0.0,0.0,0.0,10000000000.0,0.2702198146442411,1.7514998019623126e-05,0.33383746373206513,0.5328553727798402
SII_6717,6718.29,0.0,0.0,0.0,10000000000.0,0.2702198146442411,1.7514998019623126e-05,0.33383746373206513,0.5328553727798402
SII_6731,6732.67,46.82442108876694,46.82442108876694,92.2688583632268,908.421602586166,0.2702198146442411,1.7514998019623126e-05,0.33383746373206513,0.5328553727798402
NII_6548,6549.85,0.0,0.0,0.0,10000000000.0,0.2702198146442411,1.7514998019623126e-05,0.33383746373206513,0.5328553727798402
NII_6584,6585.28,1.313734560751186,1.313734560751186,2.5887514526454396,8.478555780330531,0.2702198146442411,1.7514998019623126e-05,0.33383746373206513,0.5328553727798402
NII_5755,5756.24,6042.789884356111,6042.789884356111,11907.489959169005,373698.3628078943,0.2702198146442411,1.7514998019623126e-05,0.33383746373206513,0.5328553727798402
HeI_5876,5877.594,5.7489243408999755,5.7489243408999755,11.32841951736718,59.2901480529811,0.2702198146442411,1.7514998019623126e-05,0.33383746373206513,0.5328553727798402
HeII_4686,4687.02,0.0,0.0,0.0,10000000000.0,0.2702198146442411,1.7514998019623126e-05,0.33383746373206513,0.5328553727798402
NeIII_3869,3870.16,3.2716536636165756,6.0655680945827495,6.446886933839491,15.771738550084644,0.2702198146442411,1.7514998019623126e-05,0.33383746373206513,0.5328553727798402
