line,wl,amp,amp_err,flux,flux_err,z,zerr,FWHM,FWHMerr
HI_6563,6564.61,0.2593633878819901,0.2593633878819901,3.278946628633172,35.18659109865082,0.2701293684413715,4.607280559553329e-05,2.141795585502063,0.5047888564942965
HI_4861,4862.683,4.318776389582808,4.318776389582808,54.59921463119668,37.62600804189551,0.2701293684413715,4.607280559553329e-05,2.141795585502063,0.5047888564942965
HI_4341,4341.684,0.0,0.0,0.0,10000000000.0,0.2701293684413715,4.607280559553329e-05,2.141795585502063,0.5047888564942965
HI_4102,4102.892,0.1377899462836467,0.1377899462836467,1.7419801750580164,34.83939358002951,0.2701293684413715,4.607280559553329e-05,2.141795585502063,0.5047888564942965
OIII_4363,4364.436,7.258752852344742,7.258752852344742,91.76724358684987,42.26159629880028,0.2701293684413715,4.607280559553329e-05,2.141795585502063,0.5047888564942965
OIII_5007,5008.24,0.0,0.0,0.0,10000000000.0,0.2701293684413715,4.607280559553329e-05,2.141795585502063,0.5047888564942965
OIII_4959,4960.295,4.6157929345147295,4.6157929345147295,58.35418331280535,38.33634985464492,0.2701293684413715,4.607280559553329e-05,2.141795585502063,0.5047888564942965
OII_3726,3727.092,3.347850846929191,3.347850846929191,42.32449436039866,36.938632239550444,0.2701293684413715,4.607280559553329e-05,2.141795585502063,0.5047888564942965
OII_3729,3729.875,5.341781775013828,5.341781775013828,67.53234326984192,39.12512805459221,0.2701293684413715,4.607280559553329e-05,2.141795585502063,0.5047888564942965
OI_6300,6302.046,0.0,0.0,0.0,10000000000.0,0.2701293684413715,4.607280559553329e-05,2.141795585502063,0.5047888564942965
SII_6717,6718.29,0.0,0.0,0.0,10000000000.0,0.2701293684413715,4.607280559553329e-05,2.141795585502063,0.5047888564942965
SII_6731,6732.67,0.0,0.0,0.0,10000000000.0,0.2701293684413715,4.607280559553329e-05,2.141795585502063,0.5047888564942965
NII_6548,6549.85,2.686467686958167,2.686467686958167,33.96309801864333,36.34880645570725,0.2701293684413715,4.607280559553329e-05,2.141795585502063,0.5047888564942965
NII_6584,6585.28,0.0,0.0,0.0,10000000000.0,0.2701293684413715,4.607280559553329e-05,2.141795585502063,0.5047888564942965
NII_5755,5756.24,0.0,0.0,0.0,10000000000.0,0.2701293684413715,4.607280559553329e-05,2.141795585502063,0.5047888564942965
HeI_5876,5877.594,0.3777056867521651,0.3777056867521651,4.7750640454893105,35.1529584703739,0.2701293684413715,4.607280559553329e-05,2.141795585502063,0.5047888564942965
HeII_4686,4687.02,0.0,0.0,0.0,10000000000.0,0.2701293684413715,4.607280559553329e-05,2.141795585502063,0.5047888564942965
NeIII_3869,3870.16,0.0,10000000000.0,0.0,10000000000.0,0.2701293684413715,4.607280559553329e-05,2.141795585502063,0.5047888564942965
