line,wl,amp,amp_err,flux,flux_err,z,zerr,FWHM,FWHMerr
HI_6563,6564.61,0.0,0.0,0.0,10000000000.0,0.27017882163127377,1.4983841388809197e-06,0.37360774049211287,0.20856571611870006
HI_4861,4862.683,0.0,0.0,0.0,10000000000.0,0.27017882163127377,1.4983841388809197e-06,0.37360774049211287,0.20856571611870006
HI_4341,4341.684,2.4310549511393447,2.4310549511393447,5.361154206783918,9.769276571669211,0.27017882163127377,1.4983841388809197e-06,0.37360774049211287,0.20856571611870006
HI_4102,4102.892,33.33976635011868,33.33976635011868,73.5234835137573,183.38031026536243,0.27017882163127377,1.4983841388809197e-06,0.37360774049211287,0.20856571611870006
OIII_4363,4364.436,3.6225703256698125,3.6225703256698125,7.988777930228738,8.46529224566007,0.27017882163127377,1.4983841388809197e-06,0.37360774049211287,0.20856571611870006
OIII_5007,5008.24,0.0,0.0,0.0,10000000000.0,0.27017882163127377,1.4983841388809197e-06,0.37360774049211287,0.20856571611870006
OIII_4959,4960.295,49999.9725615467,49999.9725615467,110263.88486685092,78069.71098632987,0.27017882163127377,1.4983841388809197e-06,0.37360774049211287,0.20856571611870006
OII_3726,3727.092,1152.3363705225756,1152.3363705225756,2541.223092288345,13582.436978468504,0.27017882163127377,1.4983841388809197e-06,0.37360774049211287,0.20856571611870006
OII_3729,3729.875,12.379435861912157,12.379435861912157,27.300108793344148,58.021616435001846,0.27017882163127377,1.4983841388809197e-06,0.37360774049211287,0.20856571611870006
OI_6300,6302.046,0.0,0.0,0.0,10000000000.0,0.27017882163127377,1.4983841388809197e-06,0.37360774049211287,0.20856571611870006
SII_6717,6718.29,0.0,0.0,0.0,10000000000.0,0.27017882163127377,1.4983841388809197e-06,0.37360774049211287,0.20856571611870006
SII_6731,6732.67,11025.420382954655,11025.420382954655,24314.12701713564,205869.74043597226,0.27017882163127377,1.4983841388809197e-06,0.37360774049211287,0.20856571611870006
NII_6548,6549.85,15.156715828946176,15.156715828946176,33.4247857249384,124.59591907220897,0.27017882163127377,1.4983841388809197e-06,0.37360774049211287,0.20856571611870006
NII_6584,6585.28,0.0,0.0,0.0,10000000000.0,0.27017882163127377,1.4983841388809197e-06,0.37360774049211287,0.20856571611870006
NII_5755,5756.24,46.01390752565089,46.01390752565089,101.47349971916356,329.4631915370408,0.27017882163127377,1.4983841388809197e-06,0.37360774049211287,0.20856571611870006
HeI_5876,5877.594,0.0,0.0,0.0,10000000000.0,0.27017882163127377,1.4983841388809197e-06,0.37360774049211287,0.20856571611870006
HeII_4686,4687.02,0.0,0.0,0.0,10000000000.0,0.27017882163127377,1.4983841388809197e-06,0.37360774049211287,0.20856571611870006
NeIII_3869,3870.16,43.85293084437353,82.823308202628,96.70794342428735,190.46015035230738,0.27017882163127377,1.4983841388809197e-06,0.37360774049211287,0.20856571611870006
