line,wl,amp,amp_err,flux,flux_err,z,zerr,FWHM,FWHMerr
HI_6563,6564.61,47.25722837845046,47.25722837845046,1460.3028058271277,78.6745875920587,0.2691891280312154,1.3477126599007141e-05,5.235124503282298,0.16637255127296444
HI_4861,4862.683,23.873067943767182,23.873067943767182,737.7053055841524,64.68867790422847,0.2691891280312154,1.3477126599007141e-05,5.235124503282298,0.16637255127296444
HI_4341,4341.684,8.04384902496929,8.04384902496929,248.56420285047662,59.7964138023818,0.2691891280312154,1.3477126599007141e-05,5.235124503282298,0.16637255127296444
HI_4102,4102.892,5.46304801902204,5.46304801902204,168.81447821396335,59.444011643680476,0.2691891280312154,1.3477126599007141e-05,5.235124503282298,0.16637255127296444
OIII_4363,4364.436,0.0,0.0,0.0,10000000000.0,0.2691891280312154,1.3477126599007141e-05,5.235124503282298,0.16637255127296444
OIII_5007,5008.24,53.74937126244595,53.74937126244595,1660.9175010734614,83.54731547428186,0.2691891280312154,1.3477126599007141e-05,5.235124503282298,0.16637255127296444
OIII_4959,4960.295,15.49069652339574,15.49069652339574,478.6803706763021,61.53759775412342,0.2691891280312154,1.3477126599007141e-05,5.235124503282298,0.16637255127296444
OII_3726,3727.092,31.439925420642794,31.439925420642794,971.529920017407,82.65303945998718,0.2691891280312154,1.3477126599007141e-05,5.235124503282298,0.16637255127296444
OII_3729,3729.875,34.254006250807834,34.254006250807834,1058.4882600030896,83.34047548508003,0.2691891280312154,1.3477126599007141e-05,5.235124503282298,0.16637255127296444
OI_6300,6302.046,0.0,0.0,0.0,10000000000.0,0.2691891280312154,1.3477126599007141e-05,5.235124503282298,0.16637255127296444
SII_6717,6718.29,5.3884389470318865,5.3884389470318865,166.50897192622978,59.43580064687604,0.2691891280312154,1.3477126599007141e-05,5.235124503282298,0.16637255127296444
SII_6731,6732.67,3.9834735876637524,3.9834735876637524,123.0939235458051,59.302131779558664,0.2691891280312154,1.3477126599007141e-05,5.235124503282298,0.16637255127296444
NII_6548,6549.85,0.0,0.0,0.0,10000000000.0,0.2691891280312154,1.3477126599007141e-05,5.235124503282298,0.16637255127296444
NII_6584,6585.28,7.506259595582264,7.506259595582264,231.95207008149555,59.71209492762513,0.2691891280312154,1.3477126599007141e-05,5.235124503282298,0.16637255127296444
NII_5755,5756.24,3.2892789961545077,3.2892789961545077,101.64251082958168,59.25079557410838,0.2691891280312154,1.3477126599007141e-05,5.235124503282298,0.16637255127296444
HeI_5876,5877.594,1.8250563800721693,1.8250563800721693,56.39634494153714,59.17456485305946,0.2691891280312154,1.3477126599007141e-05,5.235124503282298,0.16637255127296444
HeII_4686,4687.02,0.0,0.0,0.0,10000000000.0,0.2691891280312154,1.3477126599007141e-05,5.235124503282298,0.16637255127296444
NeIII_3869,3870.16,9.705881296952839,1.920067702836404,299.92291501861484,60.093037063085184,0.2691891280312154,1.3477126599007141e-05,5.235124503282298,0.16637255127296444
