line,wl,amp,amp_err,flux,flux_err,z,zerr,FWHM,FWHMerr
HI_6563,6564.61,201.66615470849115,201.66615470849115,4484.554427209528,70.30851491143859,0.26939736462155434,2.8962859552731013e-06,3.767373023178742,0.038138266117519415
HI_4861,4862.683,60.18020764031826,60.18020764031826,1338.2583557161195,50.95520027290819,0.26939736462155434,2.8962859552731013e-06,3.767373023178742,0.038138266117519415
HI_4341,4341.684,23.256894908483673,23.256894908483673,517.1755824657263,49.00280137211995,0.26939736462155434,2.8962859552731013e-06,3.767373023178742,0.038138266117519415
HI_4102,4102.892,18.545674275116767,18.545674275116767,412.40973626081103,48.87534514508883,0.26939736462155434,2.8962859552731013e-06,3.767373023178742,0.038138266117519415
OIII_4363,4364.436,3.202250445747154,3.202250445747154,71.21009687653071,48.65860876857953,0.26939736462155434,2.8962859552731013e-06,3.767373023178742,0.038138266117519415
OIII_5007,5008.24,180.07852266914938,180.07852266914938,4004.4991052099554,66.49236779438804,0.26939736462155434,2.8962859552731013e-06,3.767373023178742,0.038138266117519415
OIII_4959,4960.295,55.653991030314955,55.653991030314955,1237.6065395189964,50.62825540636543,0.26939736462155434,2.8962859552731013e-06,3.767373023178742,0.038138266117519415
OII_3726,3727.092,71.24078084610892,71.24078084610892,1584.2180340230868,56.44641700441843,0.26939736462155434,2.8962859552731013e-06,3.767373023178742,0.038138266117519415
OII_3729,3729.875,117.75002178139766,117.75002178139766,2618.468043123507,59.97934407972104,0.26939736462155434,2.8962859552731013e-06,3.767373023178742,0.038138266117519415
OI_6300,6302.046,8.029263212705132,8.029263212705132,178.55087255378356,48.693886289651694,0.26939736462155434,2.8962859552731013e-06,3.767373023178742,0.038138266117519415
SII_6717,6718.29,29.548403154923335,29.548403154923335,657.0831004187538,49.217074084296975,0.26939736462155434,2.8962859552731013e-06,3.767373023178742,0.038138266117519415
SII_6731,6732.67,21.512008493461508,21.512008493461508,478.37364215612644,48.95228027563263,0.26939736462155434,2.8962859552731013e-06,3.767373023178742,0.038138266117519415
NII_6548,6549.85,1.289461969382046,1.289461969382046,28.674431720431333,48.65301820382215,0.26939736462155434,2.8962859552731013e-06,3.767373023178742,0.038138266117519415
NII_6584,6585.28,22.413166479007373,22.413166479007373,498.41315765904574,48.97789299199617,0.26939736462155434,2.8962859552731013e-06,3.767373023178742,0.038138266117519415
NII_5755,5756.24,0.0,0.0,0.0,10000000000.0,0.26939736462155434,2.8962859552731013e-06,3.767373023178742,0.038138266117519415
HeI_5876,5877.594,8.722045164727547,8.722045164727547,193.95662258915212,48.701431543124194,0.26939736462155434,2.8962859552731013e-06,3.767373023178742,0.038138266117519415
HeII_4686,4687.02,0.0,0.0,0.0,10000000000.0,0.26939736462155434,2.8962859552731013e-06,3.767373023178742,0.038138266117519415
NeIII_3869,3870.16,16.364679379093445,2.189399006456961,363.90982644291955,48.82597440002918,0.26939736462155434,2.8962859552731013e-06,3.767373023178742,0.038138266117519415
