line,wl,amp,amp_err,flux,flux_err,z,zerr,FWHM,FWHMerr
HI_6563,6564.61,21.196907781828713,21.196907781828713,608.4993984669529,71.19924467844174,0.2692011540943407,2.795697979601193e-05,4.863399935020823,0.3483743097949223
HI_4861,4862.683,8.631658866717316,8.631658866717316,247.78893611416618,55.5736117251635,0.2692011540943407,2.795697979601193e-05,4.863399935020823,0.3483743097949223
HI_4341,4341.684,0.0,0.0,0.0,10000000000.0,0.2692011540943407,2.795697979601193e-05,4.863399935020823,0.3483743097949223
HI_4102,4102.892,2.8493036419235978,2.8493036419235978,81.79492829829294,52.321828943184656,0.2692011540943407,2.795697979601193e-05,4.863399935020823,0.3483743097949223
OIII_4363,4364.436,0.0,0.0,0.0,10000000000.0,0.2692011540943407,2.795697979601193e-05,4.863399935020823,0.3483743097949223
OIII_5007,5008.24,21.82894043752549,21.82894043752549,626.6431529598914,72.20093022947503,0.2692011540943407,2.795697979601193e-05,4.863399935020823,0.3483743097949223
OIII_4959,4960.295,3.987586333871832,3.987586333871832,114.47159701171827,52.7134995760731,0.2692011540943407,2.795697979601193e-05,4.863399935020823,0.3483743097949223
OII_3726,3727.092,19.491994701872272,19.491994701872272,559.5564774395147,76.12811754304653,0.2692011540943407,2.795697979601193e-05,4.863399935020823,0.3483743097949223
OII_3729,3729.875,11.05078007218708,11.05078007218708,317.2346219424038,71.10224961018956,0.2692011540943407,2.795697979601193e-05,4.863399935020823,0.3483743097949223
OI_6300,6302.046,0.2502318557350236,0.2502318557350236,7.183403129326385,51.913350800286686,0.2692011540943407,2.795697979601193e-05,4.863399935020823,0.3483743097949223
SII_6717,6718.29,0.1222046892577282,0.1222046892577282,3.5081286699240026,51.91093749083943,0.2692011540943407,2.795697979601193e-05,4.863399935020823,0.3483743097949223
SII_6731,6732.67,0.9506497700549517,0.9506497700549517,27.290292489128294,51.95614981162002,0.2692011540943407,2.795697979601193e-05,4.863399935020823,0.3483743097949223
NII_6548,6549.85,0.0,0.0,0.0,10000000000.0,0.2692011540943407,2.795697979601193e-05,4.863399935020823,0.3483743097949223
NII_6584,6585.28,3.479336142059765,3.479336142059765,99.88126434756047,52.52283638317835,0.2692011540943407,2.795697979601193e-05,4.863399935020823,0.3483743097949223
NII_5755,5756.24,0.0,0.0,0.0,10000000000.0,0.2692011540943407,2.795697979601193e-05,4.863399935020823,0.3483743097949223
HeI_5876,5877.594,0.34702927698253916,0.34702927698253916,9.962165636033102,51.91630037005514,0.2692011540943407,2.795697979601193e-05,4.863399935020823,0.3483743097949223
HeII_4686,4687.02,0.0,0.0,0.0,10000000000.0,0.2692011540943407,2.795697979601193e-05,4.863399935020823,0.3483743097949223
NeIII_3869,3870.16,0.014236152889338882,1.80827618670526,0.40867708435626027,51.91017285008287,0.2692011540943407,2.795697979601193e-05,4.863399935020823,0.3483743097949223
