line,wl,amp,amp_err,flux,flux_err,z,zerr,FWHM,FWHMerr
HI_6563,6564.61,132.40907715771482,132.40907715771482,4523.3679907250225,96.94584276163037,0.26936924356034425,6.102665026934751e-06,5.787573288349789,0.07655822280456871
HI_4861,4862.683,50.523033660841975,50.523033660841975,1725.9713469912958,74.66432254275341,0.26936924356034425,6.102665026934751e-06,5.787573288349789,0.07655822280456871
HI_4341,4341.684,19.289881310075202,19.289881310075202,658.9822505820184,70.83899403666496,0.26936924356034425,6.102665026934751e-06,5.787573288349789,0.07655822280456871
HI_4102,4102.892,8.16075418566004,8.16075418566004,278.78824515649205,70.28642314164873,0.26936924356034425,6.102665026934751e-06,5.787573288349789,0.07655822280456871
OIII_4363,4364.436,1.6758939502783505,1.6758939502783505,57.25200426787443,70.17049298595455,0.26936924356034425,6.102665026934751e-06,5.787573288349789,0.07655822280456871
OIII_5007,5008.24,130.63381711958618,130.63381711958618,4462.721435337287,96.32912696215314,0.26936924356034425,6.102665026934751e-06,5.787573288349789,0.07655822280456871
OIII_4959,4960.295,49.82993656038548,49.82993656038548,1702.2937162278479,74.54532594986375,0.26936924356034425,6.102665026934751e-06,5.787573288349789,0.07655822280456871
OII_3726,3727.092,79.86250503334463,79.86250503334463,2728.268383720089,101.32248173775588,0.26936924356034425,6.102665026934751e-06,5.787573288349789,0.07655822280456871
OII_3729,3729.875,78.71375916931675,78.71375916931675,2689.0248485912075,101.21059079171155,0.26936924356034425,6.102665026934751e-06,5.787573288349789,0.07655822280456871
OI_6300,6302.046,6.978115542602268,6.978115542602268,238.38686258186613,70.25389728039275,0.26936924356034425,6.102665026934751e-06,5.787573288349789,0.07655822280456871
SII_6717,6718.29,21.608871436821687,21.608871436821687,738.203750612851,71.00968976665122,0.26936924356034425,6.102665026934751e-06,5.787573288349789,0.07655822280456871
SII_6731,6732.67,14.831718219799086,14.831718219799086,506.6821768040949,70.56440403978368,0.26936924356034425,6.102665026934751e-06,5.787573288349789,0.07655822280456871
NII_6548,6549.85,1.7372341093775958,1.7372341093775958,59.347510997258354,70.17086815976816,0.26936924356034425,6.102665026934751e-06,5.787573288349789,0.07655822280456871
NII_6584,6585.28,13.581491947734662,13.581491947734662,463.97186100389,70.50010771016862,0.26936924356034425,6.102665026934751e-06,5.787573288349789,0.07655822280456871
NII_5755,5756.24,0.6298423615519368,0.6298423615519368,21.516718027217898,70.16611268683238,0.26936924356034425,6.102665026934751e-06,5.787573288349789,0.07655822280456871
HeI_5876,5877.594,2.6036917709344607,2.6036917709344607,88.94749715935826,70.17771963953163,0.26936924356034425,6.102665026934751e-06,5.787573288349789,0.07655822280456871
HeII_4686,4687.02,0.0,0.0,0.0,10000000000.0,0.26936924356034425,6.102665026934751e-06,5.787573288349789,0.07655822280456871
NeIII_3869,3870.16,11.305396371676352,2.05525802869306,386.21572756063904,70.3974909358721,0.26936924356034425,6.102665026934751e-06,5.787573288349789,0.07655822280456871
