line,wl,amp,amp_err,flux,flux_err,z,zerr,FWHM,FWHMerr
HI_6563,6564.61,34.37209741560014,34.37209741560014,1183.5186652207485,86.62299003557436,0.2693501468093726,2.079548806322529e-05,5.8333954610941845,0.25621364267158636
HI_4861,4862.683,12.31821146331015,12.31821146331015,424.14732545087554,67.52605617896933,0.2693501468093726,2.079548806322529e-05,5.8333954610941845,0.25621364267158636
HI_4341,4341.684,5.449680217322793,5.449680217322793,187.646339375219,64.89116021154166,0.2693501468093726,2.079548806322529e-05,5.8333954610941845,0.25621364267158636
HI_4102,4102.892,1.2040488350942269,1.2040488350942269,41.45846129030691,64.26587479490532,0.2693501468093726,2.079548806322529e-05,5.8333954610941845,0.25621364267158636
OIII_4363,4364.436,3.125548715427044,3.125548715427044,107.6205853555432,64.45066544134241,0.2693501468093726,2.079548806322529e-05,5.8333954610941845,0.25621364267158636
OIII_5007,5008.24,37.473345717826305,37.473345717826305,1290.3025255941625,90.22454426309565,0.2693501468093726,2.079548806322529e-05,5.8333954610941845,0.25621364267158636
OIII_4959,4960.295,13.205084737931202,13.205084737931202,454.68462614300836,68.00316096106445,0.2693501468093726,2.079548806322529e-05,5.8333954610941845,0.25621364267158636
OII_3726,3727.092,17.55706767665663,17.55706767665663,604.5344585936202,92.57067244307785,0.2693501468093726,2.079548806322529e-05,5.8333954610941845,0.25621364267158636
OII_3729,3729.875,26.737589046701714,26.737589046701714,920.6431401946148,95.45683088299741,0.2693501468093726,2.079548806322529e-05,5.8333954610941845,0.25621364267158636
OI_6300,6302.046,2.8434555466017173,2.8434555466017173,97.90740065810559,64.41329927429389,0.2693501468093726,2.079548806322529e-05,5.8333954610941845,0.25621364267158636
SII_6717,6718.29,6.6667798212866956,6.6667798212866956,229.5541718041557,65.21521035571895,0.2693501468093726,2.079548806322529e-05,5.8333954610941845,0.25621364267158636
SII_6731,6732.67,0.8568959085434926,0.8568959085434926,29.505103795389317,64.24993951637963,0.2693501468093726,2.079548806322529e-05,5.8333954610941845,0.25621364267158636
NII_6548,6549.85,2.2512120177117367,2.2512120177117367,77.51495086598523,64.3463260119981,0.2693501468093726,2.079548806322529e-05,5.8333954610941845,0.25621364267158636
NII_6584,6585.28,1.119892919934614,1.119892919934614,38.560759262529835,64.26151582709284,0.2693501468093726,2.079548806322529e-05,5.8333954610941845,0.25621364267158636
NII_5755,5756.24,1.4539543499977299,1.4539543499977299,50.063343263429104,64.28064703373856,0.2693501468093726,2.079548806322529e-05,5.8333954610941845,0.25621364267158636
HeI_5876,5877.594,0.736201742403523,0.736201742403523,25.34929693022324,64.24568125759068,0.2693501468093726,2.079548806322529e-05,5.8333954610941845,0.25621364267158636
HeII_4686,4687.02,0.0,0.0,0.0,10000000000.0,0.2693501468093726,2.079548806322529e-05,5.8333954610941845,0.25621364267158636
NeIII_3869,3870.16,0.0,10000000000.0,0.0,10000000000.0,0.2693501468093726,2.079548806322529e-05,5.8333954610941845,0.25621364267158636
