line,wl,amp,amp_err,flux,flux_err,z,zerr,FWHM,FWHMerr
HI_6563,6564.61,3.5913537953166497,3.5913537953166497,11.249168100442454,22.855356607426035,0.2694980618766477,8.788018347470881e-06,0.5306578065210765,0.7070295443724594
HI_4861,4862.683,0.0,0.0,0.0,10000000000.0,0.2694980618766477,8.788018347470881e-06,0.5306578065210765,0.7070295443724594
HI_4341,4341.684,81.27069993179907,81.27069993179907,254.56354825459837,2354.7473864340377,0.2694980618766477,8.788018347470881e-06,0.5306578065210765,0.7070295443724594
HI_4102,4102.892,0.14759308590817,0.14759308590817,0.4623046150477247,10.329201009276924,0.2694980618766477,8.788018347470881e-06,0.5306578065210765,0.7070295443724594
OIII_4363,4364.436,13.79904786079976,13.79904786079976,43.22264467917757,239.3928318425689,0.2694980618766477,8.788018347470881e-06,0.5306578065210765,0.7070295443724594
OIII_5007,5008.24,189.2593961370701,189.2593961370701,592.8156575691579,6375.014887588123,0.2694980618766477,8.788018347470881e-06,0.5306578065210765,0.7070295443724594
OIII_4959,4960.295,0.0,0.0,0.0,10000000000.0,0.2694980618766477,8.788018347470881e-06,0.5306578065210765,0.7070295443724594
OII_3726,3727.092,0.0,0.0,0.0,10000000000.0,0.2694980618766477,8.788018347470881e-06,0.5306578065210765,0.7070295443724594
OII_3729,3729.875,0.0,0.0,0.0,10000000000.0,0.2694980618766477,8.788018347470881e-06,0.5306578065210765,0.7070295443724594
OI_6300,6302.046,28.431961686568457,28.431961686568457,89.05720089583878,988.3406084792005,0.2694980618766477,8.788018347470881e-06,0.5306578065210765,0.7070295443724594
SII_6717,6718.29,0.0,0.0,0.0,10000000000.0,0.2694980618766477,8.788018347470881e-06,0.5306578065210765,0.7070295443724594
SII_6731,6732.67,7.320249073365062,7.320249073365062,22.92915626156826,45.52124248283736,0.2694980618766477,8.788018347470881e-06,0.5306578065210765,0.7070295443724594
NII_6548,6549.85,0.0,0.0,0.0,10000000000.0,0.2694980618766477,8.788018347470881e-06,0.5306578065210765,0.7070295443724594
NII_6584,6585.28,0.0,0.0,0.0,10000000000.0,0.2694980618766477,8.788018347470881e-06,0.5306578065210765,0.7070295443724594
NII_5755,5756.24,0.0,0.0,0.0,10000000000.0,0.2694980618766477,8.788018347470881e-06,0.5306578065210765,0.7070295443724594
HeI_5876,5877.594,22.301007792413316,22.301007792413316,69.85326419059068,532.9049793437359,0.2694980618766477,8.788018347470881e-06,0.5306578065210765,0.7070295443724594
HeII_4686,4687.02,0.0,0.0,0.0,10000000000.0,0.2694980618766477,8.788018347470881e-06,0.5306578065210765,0.7070295443724594
NeIII_3869,3870.16,8.149221354305837,42.87080248280622,25.525739352621745,138.52367287518672,0.2694980618766477,8.788018347470881e-06,0.5306578065210765,0.7070295443724594
