line,wl,amp,amp_err,flux,flux_err,z,zerr,FWHM,FWHMerr
HI_6563,6564.61,16.61500408376469,16.61500408376469,364.9774890992733,66.82462258415318,0.2694313438571557,3.18752983249343e-05,3.721499530398949,0.38871202224467616
HI_4861,4862.683,10.257712255483057,10.257712255483057,225.32850693472466,57.802972733604115,0.2694313438571557,3.18752983249343e-05,3.721499530398949,0.38871202224467616
HI_4341,4341.684,4.3448331301964345,4.3448331301964345,95.44182345184967,52.65848452290739,0.2694313438571557,3.18752983249343e-05,3.721499530398949,0.38871202224467616
HI_4102,4102.892,4.703774963900287,4.703774963900287,103.32660569670828,52.86124594267304,0.2694313438571557,3.18752983249343e-05,3.721499530398949,0.38871202224467616
OIII_4363,4364.436,1.6805371529903823,1.6805371529903823,36.915924145683036,51.64555228424711,0.2694313438571557,3.18752983249343e-05,3.721499530398949,0.38871202224467616
OIII_5007,5008.24,17.430039744386022,17.430039744386022,382.88116624796646,68.1781395612152,0.2694313438571557,3.18752983249343e-05,3.721499530398949,0.38871202224467616
OIII_4959,4960.295,5.08353426585893,5.08353426585893,111.66867987208536,53.09250988927981,0.2694313438571557,3.18752983249343e-05,3.721499530398949,0.38871202224467616
OII_3726,3727.092,4.521725061243274,4.521725061243274,99.3275626614165,59.7648839341731,0.2694313438571557,3.18752983249343e-05,3.721499530398949,0.38871202224467616
OII_3729,3729.875,18.446101646589796,18.446101646589796,405.2007347516018,71.52175413637896,0.2694313438571557,3.18752983249343e-05,3.721499530398949,0.38871202224467616
OI_6300,6302.046,1.0818369317856877,1.0818369317856877,23.764431533533305,51.54003531021761,0.2694313438571557,3.18752983249343e-05,3.721499530398949,0.38871202224467616
SII_6717,6718.29,2.1113587057492396,2.1113587057492396,46.37966955212712,51.74949946824747,0.2694313438571557,3.18752983249343e-05,3.721499530398949,0.38871202224467616
SII_6731,6732.67,2.2231854424929907,2.2231854424929907,48.83613849941924,51.78037480274052,0.2694313438571557,3.18752983249343e-05,3.721499530398949,0.38871202224467616
NII_6548,6549.85,1.5026279137128995,1.5026279137128995,33.00783798983872,51.60942382999107,0.2694313438571557,3.18752983249343e-05,3.721499530398949,0.38871202224467616
NII_6584,6585.28,0.0,0.0,0.0,10000000000.0,0.2694313438571557,3.18752983249343e-05,3.721499530398949,0.38871202224467616
NII_5755,5756.24,1.529857878290386,1.529857878290386,33.60599156534488,51.61469927981614,0.2694313438571557,3.18752983249343e-05,3.721499530398949,0.38871202224467616
HeI_5876,5877.594,2.4971061869453024,2.4971061869453024,54.85328450903707,51.86239331806477,0.2694313438571557,3.18752983249343e-05,3.721499530398949,0.38871202224467616
HeII_4686,4687.02,0.0,0.0,0.0,10000000000.0,0.2694313438571557,3.18752983249343e-05,3.721499530398949,0.38871202224467616
NeIII_3869,3870.16,1.0116050110076458,2.3434683780502676,22.22166512968775,51.53066212215188,0.2694313438571557,3.18752983249343e-05,3.721499530398949,0.38871202224467616
