line,wl,amp,amp_err,flux,flux_err,z,zerr,FWHM,FWHMerr
HI_6563,6564.61,16.8943853286396,16.8943853286396,533.3530105628921,75.41231667665214,0.2692357286663858,3.577184520704374e-05,5.34841006312202,0.4345751617401509
HI_4861,4862.683,10.558436805064503,10.558436805064503,333.3281411116397,65.24179134172296,0.2692357286663858,3.577184520704374e-05,5.34841006312202,0.4345751617401509
HI_4341,4341.684,2.039919830409076,2.039919830409076,64.39993889634069,58.0853041439326,0.2692357286663858,3.577184520704374e-05,5.34841006312202,0.4345751617401509
HI_4102,4102.892,1.6538103799047121,1.6538103799047121,52.21052603358405,57.984263315709065,0.2692357286663858,3.577184520704374e-05,5.34841006312202,0.4345751617401509
OIII_4363,4364.436,2.7503212704007183,2.7503212704007183,86.82719738235664,58.32584272139307,0.2692357286663858,3.577184520704374e-05,5.34841006312202,0.4345751617401509
OIII_5007,5008.24,19.438515021086346,19.438515021086346,613.6707732002013,80.29439060427933,0.2692357286663858,3.577184520704374e-05,5.34841006312202,0.4345751617401509
OIII_4959,4960.295,3.2925573637670595,3.2925573637670595,103.9455030920375,58.55643008617548,0.2692357286663858,3.577184520704374e-05,5.34841006312202,0.4345751617401509
OII_3726,3727.092,13.741590493797503,13.741590493797503,433.819787889228,84.05391518656467,0.2692357286663858,3.577184520704374e-05,5.34841006312202,0.4345751617401509
OII_3729,3729.875,12.572002510550192,12.572002510550192,396.89608454941754,83.31331914992289,0.2692357286663858,3.577184520704374e-05,5.34841006312202,0.4345751617401509
OI_6300,6302.046,0.3951475202138681,0.3951475202138681,12.474743260724386,57.80107738667318,0.2692357286663858,3.577184520704374e-05,5.34841006312202,0.4345751617401509
SII_6717,6718.29,2.383345231839371,2.383345231839371,75.2418232380048,58.192762955070236,0.2692357286663858,3.577184520704374e-05,5.34841006312202,0.4345751617401509
SII_6731,6732.67,2.4441348546439485,2.4441348546439485,77.16094179148311,58.21350839284528,0.2692357286663858,3.577184520704374e-05,5.34841006312202,0.4345751617401509
NII_6548,6549.85,0.0,0.0,0.0,10000000000.0,0.2692357286663858,3.577184520704374e-05,5.34841006312202,0.4345751617401509
NII_6584,6585.28,3.2226566721200243,3.2226566721200243,101.73874956977859,58.52430463076201,0.2692357286663858,3.577184520704374e-05,5.34841006312202,0.4345751617401509
NII_5755,5756.24,3.6980703026757737,3.6980703026757737,116.74748094337285,58.75498027855057,0.2692357286663858,3.577184520704374e-05,5.34841006312202,0.4345751617401509
HeI_5876,5877.594,0.0,0.0,0.0,10000000000.0,0.2692357286663858,3.577184520704374e-05,5.34841006312202,0.4345751617401509
HeII_4686,4687.02,0.0,0.0,0.0,10000000000.0,0.2692357286663858,3.577184520704374e-05,5.34841006312202,0.4345751617401509
NeIII_3869,3870.16,3.3743512370393773,1.8356674600037235,106.52772243336129,58.59457101942405,0.2692357286663858,3.577184520704374e-05,5.34841006312202,0.4345751617401509
