line,wl,amp,amp_err,flux,flux_err,z,zerr,FWHM,FWHMerr
HI_6563,6564.61,1.9175561574788844,1.9175561574788844,37.00232196927843,43.86681612481892,0.2700445452876889,2.619253138873508e-05,3.2691378058164404,0.2920194264246736
HI_4861,4862.683,2.1279267208611827,2.1279267208611827,41.06175944065063,43.90299706480265,0.2700445452876889,2.619253138873508e-05,3.2691378058164404,0.2920194264246736
HI_4341,4341.684,0.0,0.0,0.0,10000000000.0,0.2700445452876889,2.619253138873508e-05,3.2691378058164404,0.2920194264246736
HI_4102,4102.892,0.0,0.0,0.0,10000000000.0,0.2700445452876889,2.619253138873508e-05,3.2691378058164404,0.2920194264246736
OIII_4363,4364.436,4.506147561209673,4.506147561209673,86.95334540824008,44.565551304617955,0.2700445452876889,2.619253138873508e-05,3.2691378058164404,0.2920194264246736
OIII_5007,5008.24,6.059834235712174,6.059834235712174,116.93422202825225,45.244552251972486,0.2700445452876889,2.619253138873508e-05,3.2691378058164404,0.2920194264246736
OIII_4959,4960.295,30.89274524372854,30.89274524372854,596.1250738681043,73.85210871496471,0.2700445452876889,2.619253138873508e-05,3.2691378058164404,0.2920194264246736
OII_3726,3727.092,13.048458488109532,13.048458488109532,251.79093728059934,52.3120288379491,0.2700445452876889,2.619253138873508e-05,3.2691378058164404,0.2920194264246736
OII_3729,3729.875,9.166023653306183,9.166023653306183,176.87312941258244,49.73594232008665,0.2700445452876889,2.619253138873508e-05,3.2691378058164404,0.2920194264246736
OI_6300,6302.046,0.0,0.0,0.0,10000000000.0,0.2700445452876889,2.619253138873508e-05,3.2691378058164404,0.2920194264246736
SII_6717,6718.29,0.0,0.0,0.0,10000000000.0,0.2700445452876889,2.619253138873508e-05,3.2691378058164404,0.2920194264246736
SII_6731,6732.67,4.812472952382905,4.812472952382905,92.86438520092052,44.68408570165125,0.2700445452876889,2.619253138873508e-05,3.2691378058164404,0.2920194264246736
NII_6548,6549.85,0.0,0.0,0.0,10000000000.0,0.2700445452876889,2.619253138873508e-05,3.2691378058164404,0.2920194264246736
NII_6584,6585.28,0.9936643466417081,0.9936643466417081,19.17434748412788,43.752811875086,0.2700445452876889,2.619253138873508e-05,3.2691378058164404,0.2920194264246736
NII_5755,5756.24,0.0,0.0,0.0,10000000000.0,0.2700445452876889,2.619253138873508e-05,3.2691378058164404,0.2920194264246736
HeI_5876,5877.594,2.856963351754871,2.856963351754871,55.12969066577476,44.05619560255885,0.2700445452876889,2.619253138873508e-05,3.2691378058164404,0.2920194264246736
HeII_4686,4687.02,0.0,0.0,0.0,10000000000.0,0.2700445452876889,2.619253138873508e-05,3.2691378058164404,0.2920194264246736
NeIII_3869,3870.16,3.9867596364242672,2.2722201012533136,76.93092226047025,44.38137946072255,0.2700445452876889,2.619253138873508e-05,3.2691378058164404,0.2920194264246736
