line,wl,amp,amp_err,flux,flux_err,z,zerr,FWHM,FWHMerr
HI_6563,6564.61,34.7147482390003,34.7147482390003,1053.7448330145755,69.44828821104926,0.2692475863178066,1.6180703552184855e-05,5.142493837362116,0.19757656403030116
HI_4861,4862.683,17.21370831953527,17.21370831953527,522.5115295046904,57.2530223481542,0.2692475863178066,1.6180703552184855e-05,5.142493837362116,0.19757656403030116
HI_4341,4341.684,9.195917036862056,9.195917036862056,279.1364061093116,54.01736471770688,0.2692475863178066,1.6180703552184855e-05,5.142493837362116,0.19757656403030116
HI_4102,4102.892,5.446188199112385,5.446188199112385,165.31569334535084,53.1462625250709,0.2692475863178066,1.6180703552184855e-05,5.142493837362116,0.19757656403030116
OIII_4363,4364.436,4.559751864660711,4.559751864660711,138.40846357678114,53.004178216142854,0.2692475863178066,1.6180703552184855e-05,5.142493837362116,0.19757656403030116
OIII_5007,5008.24,39.24947231244073,39.24947231244073,1191.3935933811083,73.43997099328587,0.2692475863178066,1.6180703552184855e-05,5.142493837362116,0.19757656403030116
OIII_4959,4960.295,11.012348122846674,11.012348122846674,334.27305460826284,54.59194663357465,0.2692475863178066,1.6180703552184855e-05,5.142493837362116,0.19757656403030116
OII_3726,3727.092,24.953120938936536,24.953120938936536,757.436639781012,74.59651413093786,0.2692475863178066,1.6180703552184855e-05,5.142493837362116,0.19757656403030116
OII_3729,3729.875,27.935275397613623,27.935275397613623,847.9581043311132,75.50375177112504,0.2692475863178066,1.6180703552184855e-05,5.142493837362116,0.19757656403030116
OI_6300,6302.046,2.317992832013715,2.317992832013715,70.36124683615493,52.7563163292991,0.2692475863178066,1.6180703552184855e-05,5.142493837362116,0.19757656403030116
SII_6717,6718.29,6.979899084367389,6.979899084367389,211.87054402578923,53.45022683508977,0.2692475863178066,1.6180703552184855e-05,5.142493837362116,0.19757656403030116
SII_6731,6732.67,1.2473419399950672,1.2473419399950672,37.86229746570761,52.69476364244756,0.2692475863178066,1.6180703552184855e-05,5.142493837362116,0.19757656403030116
NII_6548,6549.85,2.5724153145968103,2.5724153145968103,78.08408482359812,52.77635638795431,0.2692475863178066,1.6180703552184855e-05,5.142493837362116,0.19757656403030116
NII_6584,6585.28,1.8950538749699035,1.8950538749699035,57.52319490510847,52.727600843092084,0.2692475863178066,1.6180703552184855e-05,5.142493837362116,0.19757656403030116
NII_5755,5756.24,0.0,0.0,0.0,10000000000.0,0.2692475863178066,1.6180703552184855e-05,5.142493837362116,0.19757656403030116
HeI_5876,5877.594,1.596449120078205,1.596449120078205,48.45923121410253,52.71077671228644,0.2692475863178066,1.6180703552184855e-05,5.142493837362116,0.19757656403030116
HeII_4686,4687.02,0.0,0.0,0.0,10000000000.0,0.2692475863178066,1.6180703552184855e-05,5.142493837362116,0.19757656403030116
NeIII_3869,3870.16,8.314504759269653,1.7424969133076353,252.3816784968797,53.77390045274144,0.2692475863178066,1.6180703552184855e-05,5.142493837362116,0.19757656403030116
