line,wl,amp,amp_err,flux,flux_err,z,zerr,FWHM,FWHMerr
HI_6563,6564.61,2.8049813805288295,2.8049813805288295,9.654873695001092,33.48003916640807,0.2702872069525759,1.3808004598507563e-05,0.5831347946019139,0.32681343958966347
HI_4861,4862.683,0.0,0.0,0.0,10000000000.0,0.2702872069525759,1.3808004598507563e-05,0.5831347946019139,0.32681343958966347
HI_4341,4341.684,0.0,0.0,0.0,10000000000.0,0.2702872069525759,1.3808004598507563e-05,0.5831347946019139,0.32681343958966347
HI_4102,4102.892,0.0,0.0,0.0,10000000000.0,0.2702872069525759,1.3808004598507563e-05,0.5831347946019139,0.32681343958966347
OIII_4363,4364.436,34.64687751280462,34.64687751280462,119.25613076591476,297.51510672598306,0.2702872069525759,1.3808004598507563e-05,0.5831347946019139,0.32681343958966347
OIII_5007,5008.24,18.18565675406262,18.18565675406262,62.59585900995022,127.42282915591571,0.2702872069525759,1.3808004598507563e-05,0.5831347946019139,0.32681343958966347
OIII_4959,4960.295,19.453991457159077,19.453991457159077,66.96152483803294,39.97448763491964,0.2702872069525759,1.3808004598507563e-05,0.5831347946019139,0.32681343958966347
OII_3726,3727.092,0.0,0.0,0.0,10000000000.0,0.2702872069525759,1.3808004598507563e-05,0.5831347946019139,0.32681343958966347
OII_3729,3729.875,0.0,0.0,0.0,10000000000.0,0.2702872069525759,1.3808004598507563e-05,0.5831347946019139,0.32681343958966347
OI_6300,6302.046,0.0,0.0,0.0,10000000000.0,0.2702872069525759,1.3808004598507563e-05,0.5831347946019139,0.32681343958966347
SII_6717,6718.29,0.0,0.0,0.0,10000000000.0,0.2702872069525759,1.3808004598507563e-05,0.5831347946019139,0.32681343958966347
SII_6731,6732.67,0.13836980977771418,0.13836980977771418,0.4762751888047432,11.581224432015008,0.2702872069525759,1.3808004598507563e-05,0.5831347946019139,0.32681343958966347
NII_6548,6549.85,0.0,0.0,0.0,10000000000.0,0.2702872069525759,1.3808004598507563e-05,0.5831347946019139,0.32681343958966347
NII_6584,6585.28,13.429767280599549,13.429767280599549,46.22587078385573,70.87505662662564,0.2702872069525759,1.3808004598507563e-05,0.5831347946019139,0.32681343958966347
NII_5755,5756.24,2.519490307086926,2.519490307086926,8.672200414434718,19.673996949686686,0.2702872069525759,1.3808004598507563e-05,0.5831347946019139,0.32681343958966347
HeI_5876,5877.594,1.680434795967244,1.680434795967244,5.784133121300738,13.492030095999327,0.2702872069525759,1.3808004598507563e-05,0.5831347946019139,0.32681343958966347
HeII_4686,4687.02,0.0,0.0,0.0,10000000000.0,0.2702872069525759,1.3808004598507563e-05,0.5831347946019139,0.32681343958966347
NeIII_3869,3870.16,0.0,10000000000.0,0.0,10000000000.0,0.2702872069525759,1.3808004598507563e-05,0.5831347946019139,0.32681343958966347
