line,wl,amp,amp_err,flux,flux_err,z,zerr,FWHM,FWHMerr
HI_6563,6564.61,36.73830662070145,36.73830662070145,1128.5295589518269,69.88219472177579,0.2692153875687085,1.495292753932681e-05,5.204106146081086,0.18387409462595372
HI_4861,4862.683,16.26349327391017,16.26349327391017,499.5829851634957,57.31990486816744,0.2692153875687085,1.495292753932681e-05,5.204106146081086,0.18387409462595372
HI_4341,4341.684,9.627155098491016,9.627155098491016,295.7275415394053,55.068844602651815,0.2692153875687085,1.495292753932681e-05,5.204106146081086,0.18387409462595372
HI_4102,4102.892,7.611022287171409,7.611022287171409,233.79585002630907,54.60221688006864,0.2692153875687085,1.495292753932681e-05,5.204106146081086,0.18387409462595372
OIII_4363,4364.436,1.814623259283053,1.814623259283053,55.74170871850953,53.86049858980402,0.2692153875687085,1.495292753932681e-05,5.204106146081086,0.18387409462595372
OIII_5007,5008.24,46.54900483050051,46.54900483050051,1429.8951890561632,78.01702680557479,0.2692153875687085,1.495292753932681e-05,5.204106146081086,0.18387409462595372
OIII_4959,4960.295,16.627834981362412,16.627834981362412,510.7748561080085,57.473748424063956,0.2692153875687085,1.495292753932681e-05,5.204106146081086,0.18387409462595372
OII_3726,3727.092,21.330510508485304,21.330510508485304,655.2319317514209,72.93157021507797,0.2692153875687085,1.495292753932681e-05,5.204106146081086,0.18387409462595372
OII_3729,3729.875,28.837222785373342,28.837222785373342,885.823580475947,74.88957861877726,0.2692153875687085,1.495292753932681e-05,5.204106146081086,0.18387409462595372
OI_6300,6302.046,0.7971690232998299,0.7971690232998299,24.487487013560095,53.824155017904395,0.2692153875687085,1.495292753932681e-05,5.204106146081086,0.18387409462595372
SII_6717,6718.29,4.7356369804565475,4.7356369804565475,145.46958759114816,54.12141874561243,0.2692153875687085,1.495292753932681e-05,5.204106146081086,0.18387409462595372
SII_6731,6732.67,4.628021690584887,4.628021690584887,142.16385450798793,54.10770873148812,0.2692153875687085,1.495292753932681e-05,5.204106146081086,0.18387409462595372
NII_6548,6549.85,2.4036456338008065,2.4036456338008065,73.83533419205583,53.894471231413675,0.2692153875687085,1.495292753932681e-05,5.204106146081086,0.18387409462595372
NII_6584,6585.28,4.2481835770267935,4.2481835770267935,130.4959640090484,54.061811466382984,0.2692153875687085,1.495292753932681e-05,5.204106146081086,0.18387409462595372
NII_5755,5756.24,2.964860918295358,2.964860918295358,91.07477976657717,53.9355950616232,0.2692153875687085,1.495292753932681e-05,5.204106146081086,0.18387409462595372
HeI_5876,5877.594,0.0,0.0,0.0,10000000000.0,0.2692153875687085,1.495292753932681e-05,5.204106146081086,0.18387409462595372
HeII_4686,4687.02,0.0,0.0,0.0,10000000000.0,0.2692153875687085,1.495292753932681e-05,5.204106146081086,0.18387409462595372
NeIII_3869,3870.16,4.998911206112666,1.754141024326774,153.5568614230799,54.15627145616093,0.2692153875687085,1.495292753932681e-05,5.204106146081086,0.18387409462595372
