line,wl,amp,amp_err,flux,flux_err,z,zerr,FWHM,FWHMerr
HI_6563,6564.61,0.4439681119552006,0.4439681119552006,4.271437147589139,30.55436311591715,0.2701526874567705,2.4886612216201436e-05,1.6299511327025002,0.5644771694917251
HI_4861,4862.683,0.0,0.0,0.0,10000000000.0,0.2701526874567705,2.4886612216201436e-05,1.6299511327025002,0.5644771694917251
HI_4341,4341.684,0.0,0.0,0.0,10000000000.0,0.2701526874567705,2.4886612216201436e-05,1.6299511327025002,0.5644771694917251
HI_4102,4102.892,4.262510727511767,4.262510727511767,41.00980717580947,32.42213913515941,0.2701526874567705,2.4886612216201436e-05,1.6299511327025002,0.5644771694917251
OIII_4363,4364.436,0.18576366808042621,0.18576366808042621,1.7872405948633054,27.940241129802537,0.2701526874567705,2.4886612216201436e-05,1.6299511327025002,0.5644771694917251
OIII_5007,5008.24,1.71559275423283,1.71559275423283,16.50579495066151,28.81584715755692,0.2701526874567705,2.4886612216201436e-05,1.6299511327025002,0.5644771694917251
OIII_4959,4960.295,24.944344213621207,24.944344213621207,239.99065614663616,110.68872925518535,0.2701526874567705,2.4886612216201436e-05,1.6299511327025002,0.5644771694917251
OII_3726,3727.092,3.7415192994241124,3.7415192994241124,35.99732524392316,33.31860887910828,0.2701526874567705,2.4886612216201436e-05,1.6299511327025002,0.5644771694917251
OII_3729,3729.875,0.0,0.0,0.0,10000000000.0,0.2701526874567705,2.4886612216201436e-05,1.6299511327025002,0.5644771694917251
OI_6300,6302.046,0.0,0.0,0.0,10000000000.0,0.2701526874567705,2.4886612216201436e-05,1.6299511327025002,0.5644771694917251
SII_6717,6718.29,0.4979973560682538,0.4979973560682538,4.791254932123954,29.317616785111596,0.2701526874567705,2.4886612216201436e-05,1.6299511327025002,0.5644771694917251
SII_6731,6732.67,3.379928884152264,3.379928884152264,32.51844761642317,33.2107931682351,0.2701526874567705,2.4886612216201436e-05,1.6299511327025002,0.5644771694917251
NII_6548,6549.85,0.0,0.0,0.0,10000000000.0,0.2701526874567705,2.4886612216201436e-05,1.6299511327025002,0.5644771694917251
NII_6584,6585.28,0.08127582370264008,0.08127582370264008,0.7819583506470257,30.483613134990087,0.2701526874567705,2.4886612216201436e-05,1.6299511327025002,0.5644771694917251
NII_5755,5756.24,0.0,0.0,0.0,10000000000.0,0.2701526874567705,2.4886612216201436e-05,1.6299511327025002,0.5644771694917251
HeI_5876,5877.594,1.0869773988640645,1.0869773988640645,10.457858380077276,31.070331663019648,0.2701526874567705,2.4886612216201436e-05,1.6299511327025002,0.5644771694917251
HeII_4686,4687.02,0.0,0.0,0.0,10000000000.0,0.2701526874567705,2.4886612216201436e-05,1.6299511327025002,0.5644771694917251
NeIII_3869,3870.16,0.0,10000000000.0,0.0,10000000000.0,0.2701526874567705,2.4886612216201436e-05,1.6299511327025002,0.5644771694917251
