line,wl,amp,amp_err,flux,flux_err,z,zerr,FWHM,FWHMerr
HI_6563,6564.61,0.9905691318119807,0.9905691318119807,2.527696024733153,74.02995831431753,0.27003436848662277,0.0003777351764218261,0.43230712853214004,12.343919153403498
HI_4861,4862.683,0.0,0.0,0.0,10000000000.0,0.27003436848662277,0.0003777351764218261,0.43230712853214004,12.343919153403498
HI_4341,4341.684,24.155087111530747,24.155087111530747,61.63801768909596,11534.493476420617,0.27003436848662277,0.0003777351764218261,0.43230712853214004,12.343919153403498
HI_4102,4102.892,3.651029738321313,3.651029738321313,9.316556572741053,708.0255225512194,0.27003436848662277,0.0003777351764218261,0.43230712853214004,12.343919153403498
OIII_4363,4364.436,1042.360535450489,1042.360535450489,2659.8553267830134,833397.0787118729,0.27003436848662277,0.0003777351764218261,0.43230712853214004,12.343919153403498
OIII_5007,5008.24,0.0,0.0,0.0,10000000000.0,0.27003436848662277,0.0003777351764218261,0.43230712853214004,12.343919153403498
OIII_4959,4960.295,14.824792621571078,14.824792621571078,37.8293328285857,1152.673211855241,0.27003436848662277,0.0003777351764218261,0.43230712853214004,12.343919153403498
OII_3726,3727.092,1.0973300798920036,1.0973300798920036,2.800124485697792,80.98656257719199,0.27003436848662277,0.0003777351764218261,0.43230712853214004,12.343919153403498
OII_3729,3729.875,25.89111800733258,25.89111800733258,66.06795423083462,4793.3822806235385,0.27003436848662277,0.0003777351764218261,0.43230712853214004,12.343919153403498
OI_6300,6302.046,5.287150109689037,5.287150109689037,13.49154529980357,556.2143640002739,0.27003436848662277,0.0003777351764218261,0.43230712853214004,12.343919153403498
SII_6717,6718.29,0.0,0.0,0.0,10000000000.0,0.27003436848662277,0.0003777351764218261,0.43230712853214004,12.343919153403498
SII_6731,6732.67,3.696551201747525,3.696551201747525,9.43271648369244,1260.1755178102276,0.27003436848662277,0.0003777351764218261,0.43230712853214004,12.343919153403498
NII_6548,6549.85,0.0,0.0,0.0,10000000000.0,0.27003436848662277,0.0003777351764218261,0.43230712853214004,12.343919153403498
NII_6584,6585.28,0.0,0.0,0.0,10000000000.0,0.27003436848662277,0.0003777351764218261,0.43230712853214004,12.343919153403498
NII_5755,5756.24,0.0,0.0,0.0,10000000000.0,0.27003436848662277,0.0003777351764218261,0.43230712853214004,12.343919153403498
HeI_5876,5877.594,0.0,0.0,0.0,10000000000.0,0.27003436848662277,0.0003777351764218261,0.43230712853214004,12.343919153403498
HeII_4686,4687.02,0.0,0.0,0.0,10000000000.0,0.27003436848662277,0.0003777351764218261,0.43230712853214004,12.343919153403498
NeIII_3869,3870.16,45.378693349349305,5362.351813906416,115.79559578735875,14077.241698936139,0.27003436848662277,0.0003777351764218261,0.43230712853214004,12.343919153403498
