line,wl,amp,amp_err,flux,flux_err,z,zerr,FWHM,FWHMerr
HI_6563,6564.61,0.0,0.0,0.0,10000000000.0,0.2701776202595854,1.3448954494302454e-06,0.475929216934034,0.6048834041306856
HI_4861,4862.683,38.26125249278766,38.26125249278766,107.48533330124384,528.7555073982445,0.2701776202595854,1.3448954494302454e-06,0.475929216934034,0.6048834041306856
HI_4341,4341.684,4.127114636971896,4.127114636971896,11.59408705742152,18.798053127956415,0.2701776202595854,1.3448954494302454e-06,0.475929216934034,0.6048834041306856
HI_4102,4102.892,0.0,0.0,0.0,10000000000.0,0.2701776202595854,1.3448954494302454e-06,0.475929216934034,0.6048834041306856
OIII_4363,4364.436,0.0,0.0,0.0,10000000000.0,0.2701776202595854,1.3448954494302454e-06,0.475929216934034,0.6048834041306856
OIII_5007,5008.24,2.2301016429686342,2.2301016429686342,6.264907779360328,27.51421657805415,0.2701776202595854,1.3448954494302454e-06,0.475929216934034,0.6048834041306856
OIII_4959,4960.295,2554.7848142472935,2554.7848142472935,7177.023212297868,86917.7278129303,0.2701776202595854,1.3448954494302454e-06,0.475929216934034,0.6048834041306856
OII_3726,3727.092,123.05207755148444,123.05207755148444,345.6837585629221,2591.064471589239,0.2701776202595854,1.3448954494302454e-06,0.475929216934034,0.6048834041306856
OII_3729,3729.875,0.0,0.0,0.0,10000000000.0,0.2701776202595854,1.3448954494302454e-06,0.475929216934034,0.6048834041306856
OI_6300,6302.046,0.0,0.0,0.0,10000000000.0,0.2701776202595854,1.3448954494302454e-06,0.475929216934034,0.6048834041306856
SII_6717,6718.29,1.1633511467200606,1.1633511467200606,3.2681414644008555,12.852593013669317,0.2701776202595854,1.3448954494302454e-06,0.475929216934034,0.6048834041306856
SII_6731,6732.67,0.0,0.0,0.0,10000000000.0,0.2701776202595854,1.3448954494302454e-06,0.475929216934034,0.6048834041306856
NII_6548,6549.85,18.563052736413283,18.563052736413283,52.14821210670139,220.58233947281153,0.2701776202595854,1.3448954494302454e-06,0.475929216934034,0.6048834041306856
NII_6584,6585.28,0.0,0.0,0.0,10000000000.0,0.2701776202595854,1.3448954494302454e-06,0.475929216934034,0.6048834041306856
NII_5755,5756.24,18.067935016397655,18.067935016397655,50.75730381980557,225.59375991255936,0.2701776202595854,1.3448954494302454e-06,0.475929216934034,0.6048834041306856
HeI_5876,5877.594,0.0,0.0,0.0,10000000000.0,0.2701776202595854,1.3448954494302454e-06,0.475929216934034,0.6048834041306856
HeII_4686,4687.02,0.0,0.0,0.0,10000000000.0,0.2701776202595854,1.3448954494302454e-06,0.475929216934034,0.6048834041306856
NeIII_3869,3870.16,3.488829544939904,12.54265334097886,9.800986168442355,37.37246771318204,0.2701776202595854,1.3448954494302454e-06,0.475929216934034,0.6048834041306856
