line,wl,amp,amp_err,flux,flux_err,z,zerr,FWHM,FWHMerr
HI_6563,6564.61,0.0,0.0,0.0,10000000000.0,0.26993629361695015,7.115528294775082e-06,0.5527203049083307,0.19305551253852732
HI_4861,4862.683,31.277983081537513,31.277983081537513,102.04502063811606,147.52968382375644,0.26993629361695015,7.115528294775082e-06,0.5527203049083307,0.19305551253852732
HI_4341,4341.684,0.0,0.0,0.0,10000000000.0,0.26993629361695015,7.115528294775082e-06,0.5527203049083307,0.19305551253852732
HI_4102,4102.892,0.0,0.0,0.0,10000000000.0,0.26993629361695015,7.115528294775082e-06,0.5527203049083307,0.19305551253852732
OIII_4363,4364.436,1.931726124180841,1.931726124180841,6.302293587644335,17.183418694762203,0.26993629361695015,7.115528294775082e-06,0.5527203049083307,0.19305551253852732
OIII_5007,5008.24,0.32361981520364225,0.32361981520364225,1.055815863678626,26.41125310900951,0.26993629361695015,7.115528294775082e-06,0.5527203049083307,0.19305551253852732
OIII_4959,4960.295,379.28097603414085,379.28097603414085,1237.411470111524,2950.9011556905625,0.26993629361695015,7.115528294775082e-06,0.5527203049083307,0.19305551253852732
OII_3726,3727.092,0.0,0.0,0.0,10000000000.0,0.26993629361695015,7.115528294775082e-06,0.5527203049083307,0.19305551253852732
OII_3729,3729.875,0.0,0.0,0.0,10000000000.0,0.26993629361695015,7.115528294775082e-06,0.5527203049083307,0.19305551253852732
OI_6300,6302.046,0.0,0.0,0.0,10000000000.0,0.26993629361695015,7.115528294775082e-06,0.5527203049083307,0.19305551253852732
SII_6717,6718.29,0.0,0.0,0.0,10000000000.0,0.26993629361695015,7.115528294775082e-06,0.5527203049083307,0.19305551253852732
SII_6731,6732.67,6.348153004300343,6.348153004300343,20.71097112141233,19.472070994617567,0.26993629361695015,7.115528294775082e-06,0.5527203049083307,0.19305551253852732
NII_6548,6549.85,11.07111325907647,11.07111325907647,36.11971967835223,193.55938110770168,0.26993629361695015,7.115528294775082e-06,0.5527203049083307,0.19305551253852732
NII_6584,6585.28,15.825332321984433,15.825332321984433,51.630450697288516,194.63358144340435,0.26993629361695015,7.115528294775082e-06,0.5527203049083307,0.19305551253852732
NII_5755,5756.24,4.022274376761175,4.022274376761175,13.122747420086625,18.00506835468733,0.26993629361695015,7.115528294775082e-06,0.5527203049083307,0.19305551253852732
HeI_5876,5877.594,115.26160487010384,115.26160487010384,376.0432000071903,825.2126885628348,0.26993629361695015,7.115528294775082e-06,0.5527203049083307,0.19305551253852732
HeII_4686,4687.02,0.0,0.0,0.0,10000000000.0,0.26993629361695015,7.115528294775082e-06,0.5527203049083307,0.19305551253852732
NeIII_3869,3870.16,7.471539553228013,3.3016199027577504,24.376041316989372,13.7301724922494,0.26993629361695015,7.115528294775082e-06,0.5527203049083307,0.19305551253852732
