line,wl,amp,amp_err,flux,flux_err,z,zerr,FWHM,FWHMerr
HI_6563,6564.61,0.0,0.0,0.0,10000000000.0,0.27016538844662036,9.87363087457557e-06,0.797203333038517,0.27591122303741145
HI_4861,4862.683,0.0,0.0,0.0,10000000000.0,0.27016538844662036,9.87363087457557e-06,0.797203333038517,0.27591122303741145
HI_4341,4341.684,2.6556792507462887,2.6556792507462887,12.496614833707435,16.239318762082732,0.27016538844662036,9.87363087457557e-06,0.797203333038517,0.27591122303741145
HI_4102,4102.892,0.0,0.0,0.0,10000000000.0,0.27016538844662036,9.87363087457557e-06,0.797203333038517,0.27591122303741145
OIII_4363,4364.436,0.0,0.0,0.0,10000000000.0,0.27016538844662036,9.87363087457557e-06,0.797203333038517,0.27591122303741145
OIII_5007,5008.24,0.0,0.0,0.0,10000000000.0,0.27016538844662036,9.87363087457557e-06,0.797203333038517,0.27591122303741145
OIII_4959,4960.295,43.97696637827744,43.97696637827744,206.93885010013875,243.22882587333436,0.27016538844662036,9.87363087457557e-06,0.797203333038517,0.27591122303741145
OII_3726,3727.092,7.792475745033812,7.792475745033812,36.66842219719482,42.21646241122991,0.27016538844662036,9.87363087457557e-06,0.797203333038517,0.27591122303741145
OII_3729,3729.875,16.56233716051861,16.56233716051861,77.93604900999921,35.402008185973166,0.27016538844662036,9.87363087457557e-06,0.797203333038517,0.27591122303741145
OI_6300,6302.046,0.0,0.0,0.0,10000000000.0,0.27016538844662036,9.87363087457557e-06,0.797203333038517,0.27591122303741145
SII_6717,6718.29,0.8061256296476813,0.8061256296476813,3.793320107635758,17.68574833585138,0.27016538844662036,9.87363087457557e-06,0.797203333038517,0.27591122303741145
SII_6731,6732.67,0.024883251199639744,0.024883251199639744,0.11709110050278194,42.82569736188703,0.27016538844662036,9.87363087457557e-06,0.797203333038517,0.27591122303741145
NII_6548,6549.85,13.669874070191327,13.669874070191327,64.3252196335308,52.37984479784511,0.27016538844662036,9.87363087457557e-06,0.797203333038517,0.27591122303741145
NII_6584,6585.28,12.425380729715357,12.425380729715357,58.46910808140275,49.02242313484697,0.27016538844662036,9.87363087457557e-06,0.797203333038517,0.27591122303741145
NII_5755,5756.24,0.0,0.0,0.0,10000000000.0,0.27016538844662036,9.87363087457557e-06,0.797203333038517,0.27591122303741145
HeI_5876,5877.594,0.0,0.0,0.0,10000000000.0,0.27016538844662036,9.87363087457557e-06,0.797203333038517,0.27591122303741145
HeII_4686,4687.02,0.0,0.0,0.0,10000000000.0,0.27016538844662036,9.87363087457557e-06,0.797203333038517,0.27591122303741145
NeIII_3869,3870.16,0.0,10000000000.0,0.0,10000000000.0,0.27016538844662036,9.87363087457557e-06,0.797203333038517,0.27591122303741145
