line,wl,amp,amp_err,flux,flux_err,z,zerr,FWHM,FWHMerr
HI_6563,6564.61,124.72435327162225,124.72435327162225,2632.7403974830604,63.06107123561898,0.26937274021278723,4.182900273881008e-06,3.5760955854564336,0.05407013031958757
HI_4861,4862.683,39.97411505890091,39.97411505890091,843.792449578885,46.89812555019105,0.26937274021278723,4.182900273881008e-06,3.5760955854564336,0.05407013031958757
HI_4341,4341.684,19.827815533814487,19.827815533814487,418.53486973816706,45.23310599846452,0.26937274021278723,4.182900273881008e-06,3.5760955854564336,0.05407013031958757
HI_4102,4102.892,11.247322104131285,11.247322104131285,237.41377277430132,44.85629597573465,0.26937274021278723,4.182900273881008e-06,3.5760955854564336,0.05407013031958757
OIII_4363,4364.436,2.417983023556417,2.417983023556417,51.039924598218875,44.684697613136315,0.26937274021278723,4.182900273881008e-06,3.5760955854564336,0.05407013031958757
OIII_5007,5008.24,119.04025958470675,119.04025958470675,2512.7578705740534,61.646019464453104,0.26937274021278723,4.182900273881008e-06,3.5760955854564336,0.05407013031958757
OIII_4959,4960.295,38.92806012319738,38.92806012319738,821.7118292752012,46.78598231620511,0.26937274021278723,4.182900273881008e-06,3.5760955854564336,0.05407013031958757
OII_3726,3727.092,63.988376631758456,63.988376631758456,1350.6967942412355,53.24025988445473,0.26937274021278723,4.182900273881008e-06,3.5760955854564336,0.05407013031958757
OII_3729,3729.875,62.805872753493986,62.805872753493986,1325.7359453867432,53.10186460367216,0.26937274021278723,4.182900273881008e-06,3.5760955854564336,0.05407013031958757
OI_6300,6302.046,4.2457216389293535,4.2457216389293535,89.62069220703292,44.70203408848366,0.26937274021278723,4.182900273881008e-06,3.5760955854564336,0.05407013031958757
SII_6717,6718.29,18.575731293815693,18.575731293815693,392.10528583390874,45.16542149285866,0.26937274021278723,4.182900273881008e-06,3.5760955854564336,0.05407013031958757
SII_6731,6732.67,13.055072054360835,13.055072054360835,275.57261022405373,44.91857284079851,0.26937274021278723,4.182900273881008e-06,3.5760955854564336,0.05407013031958757
NII_6548,6549.85,2.7639134146195374,2.7639134146195374,58.341986235576805,44.68728066098025,0.26937274021278723,4.182900273881008e-06,3.5760955854564336,0.05407013031958757
NII_6584,6585.28,12.188295175456005,12.188295175456005,257.27627558820814,44.887587416939844,0.26937274021278723,4.182900273881008e-06,3.5760955854564336,0.05407013031958757
NII_5755,5756.24,1.4535490615728577,1.4535490615728577,30.68219825355588,44.67939771994879,0.26937274021278723,4.182900273881008e-06,3.5760955854564336,0.05407013031958757
HeI_5876,5877.594,4.452001135906926,4.452001135906926,93.9749369925932,44.70459891826114,0.26937274021278723,4.182900273881008e-06,3.5760955854564336,0.05407013031958757
HeII_4686,4687.02,2.1600499167107046e-12,2.1600499167107046e-12,4.559535108528068e-11,44.67636425486644,0.26937274021278723,4.182900273881008e-06,3.5760955854564336,0.05407013031958757
NeIII_3869,3870.16,14.10831099064103,2.1191996005077973,297.8048737957732,44.9591139518736,0.26937274021278723,4.182900273881008e-06,3.5760955854564336,0.05407013031958757
