line,wl,amp,amp_err,flux,flux_err,z,zerr,FWHM,FWHMerr
HI_6563,6564.61,7.667298209842329,7.667298209842329,270.82337004566125,82.19023642545665,0.26940716927769465,7.967247507153142e-05,5.984062556130926,1.085238991939775
HI_4861,4862.683,5.825579247333849,5.825579247333849,205.7703980009229,74.03590503956097,0.26940716927769465,7.967247507153142e-05,5.984062556130926,1.085238991939775
HI_4341,4341.684,1.40131490371175,1.40131490371175,49.497073719039776,61.9875857142707,0.26940716927769465,7.967247507153142e-05,5.984062556130926,1.085238991939775
HI_4102,4102.892,2.215196002590119,2.215196002590119,78.24488239716848,63.19232143655515,0.26940716927769465,7.967247507153142e-05,5.984062556130926,1.085238991939775
OIII_4363,4364.436,0.0,0.0,0.0,10000000000.0,0.26940716927769465,7.967247507153142e-05,5.984062556130926,1.085238991939775
OIII_5007,5008.24,6.987604577044294,6.987604577044294,246.8153146400887,79.02324836000743,0.26940716927769465,7.967247507153142e-05,5.984062556130926,1.085238991939775
OIII_4959,4960.295,1.1673972420767313,1.1673972420767313,41.23466267105483,61.73868413090247,0.26940716927769465,7.967247507153142e-05,5.984062556130926,1.085238991939775
OII_3726,3727.092,1.257023758569403,1.257023758569403,44.40043952982364,78.4472438170044,0.26940716927769465,7.967247507153142e-05,5.984062556130926,1.085238991939775
OII_3729,3729.875,0.8917853155408011,0.8917853155408011,31.49953189533758,78.30606204616308,0.26940716927769465,7.967247507153142e-05,5.984062556130926,1.085238991939775
OI_6300,6302.046,0.2657596203206367,0.2657596203206367,9.3871288200189,61.20010749964163,0.26940716927769465,7.967247507153142e-05,5.984062556130926,1.085238991939775
SII_6717,6718.29,3.8675872337505552,3.8675872337505552,136.61044346042746,67.14476332795292,0.26940716927769465,7.967247507153142e-05,5.984062556130926,1.085238991939775
SII_6731,6732.67,2.5062966034586225,2.5062966034586225,88.52710223418018,63.74760905987929,0.26940716927769465,7.967247507153142e-05,5.984062556130926,1.085238991939775
NII_6548,6549.85,0.0,0.0,0.0,10000000000.0,0.26940716927769465,7.967247507153142e-05,5.984062556130926,1.085238991939775
NII_6584,6585.28,0.8462443486954498,0.8462443486954498,29.89093943178067,61.46966168033724,0.26940716927769465,7.967247507153142e-05,5.984062556130926,1.085238991939775
NII_5755,5756.24,0.0,0.0,0.0,10000000000.0,0.26940716927769465,7.967247507153142e-05,5.984062556130926,1.085238991939775
HeI_5876,5877.594,0.0,0.0,0.0,10000000000.0,0.26940716927769465,7.967247507153142e-05,5.984062556130926,1.085238991939775
HeII_4686,4687.02,0.0,0.0,0.0,10000000000.0,0.26940716927769465,7.967247507153142e-05,5.984062556130926,1.085238991939775
NeIII_3869,3870.16,0.13627415733776616,1.7318461054091394,4.81345912605445,61.17828469518485,0.26940716927769465,7.967247507153142e-05,5.984062556130926,1.085238991939775
