line,wl,amp,amp_err,flux,flux_err,z,zerr,FWHM,FWHMerr
HI_6563,6564.61,19.866922950432354,19.866922950432354,584.537192667441,71.5041073028463,0.26916867024319246,2.969301214589538e-05,4.984640982291203,0.37666362982570195
HI_4861,4862.683,6.541922636346271,6.541922636346271,192.48059208958753,54.210031270166645,0.26916867024319246,2.969301214589538e-05,4.984640982291203,0.37666362982570195
HI_4341,4341.684,4.21057568881713,4.21057568881713,123.88622529999692,52.76225145906496,0.26916867024319246,2.969301214589538e-05,4.984640982291203,0.37666362982570195
HI_4102,4102.892,1.2178166061469256,1.2178166061469256,35.83137166822418,51.802509773874235,0.26916867024319246,2.969301214589538e-05,4.984640982291203,0.37666362982570195
OIII_4363,4364.436,0.0,0.0,0.0,10000000000.0,0.26916867024319246,2.969301214589538e-05,4.984640982291203,0.37666362982570195
OIII_5007,5008.24,19.824929254850986,19.824929254850986,583.3016275532002,71.43183872172206,0.26916867024319246,2.969301214589538e-05,4.984640982291203,0.37666362982570195
OIII_4959,4960.295,7.636146306825594,7.636146306825594,224.6755341089467,55.08712729068614,0.26916867024319246,2.969301214589538e-05,4.984640982291203,0.37666362982570195
OII_3726,3727.092,9.369206820179897,9.369206820179897,275.66673842007395,68.53070336114934,0.26916867024319246,2.969301214589538e-05,4.984640982291203,0.37666362982570195
OII_3729,3729.875,14.448503113746597,14.448503113746597,425.1130116841983,71.48154210175687,0.26916867024319246,2.969301214589538e-05,4.984640982291203,0.37666362982570195
OI_6300,6302.046,2.0346717929426177,2.0346717929426177,59.86540244876842,51.96072181576305,0.26916867024319246,2.969301214589538e-05,4.984640982291203,0.37666362982570195
SII_6717,6718.29,1.0286131830766863,1.0286131830766863,30.264508695005627,51.77715925339184,0.26916867024319246,2.969301214589538e-05,4.984640982291203,0.37666362982570195
SII_6731,6732.67,0.0,0.0,0.0,10000000000.0,0.26916867024319246,2.969301214589538e-05,4.984640982291203,0.37666362982570195
NII_6548,6549.85,3.160134169759999,3.160134169759999,92.97946947560716,52.307194084314915,0.26916867024319246,2.969301214589538e-05,4.984640982291203,0.37666362982570195
NII_6584,6585.28,1.462285889355826,1.462285889355826,43.02430178915377,51.841580756458384,0.26916867024319246,2.969301214589538e-05,4.984640982291203,0.37666362982570195
NII_5755,5756.24,0.7655141742477554,0.7655141742477554,22.52344298502346,51.74898490524547,0.26916867024319246,2.969301214589538e-05,4.984640982291203,0.37666362982570195
HeI_5876,5877.594,0.7123403175448857,0.7123403175448857,20.958928087676473,51.744299493016605,0.26916867024319246,2.969301214589538e-05,4.984640982291203,0.37666362982570195
HeII_4686,4687.02,0.0,0.0,0.0,10000000000.0,0.26916867024319246,2.969301214589538e-05,4.984640982291203,0.37666362982570195
NeIII_3869,3870.16,4.300478108322864,1.7651204913984317,126.53139123953405,52.807296201760224,0.26916867024319246,2.969301214589538e-05,4.984640982291203,0.37666362982570195
