line,wl,amp,amp_err,flux,flux_err,z,zerr,FWHM,FWHMerr
HI_6563,6564.61,0.0,0.0,0.0,10000000000.0,0.27003432345551115,1.6699958292317726e-05,2.7412547792491155,0.19266109741303444
HI_4861,4862.683,3.5701415150180082,3.5701415150180082,57.76735611432127,41.964870520217836,0.27003432345551115,1.6699958292317726e-05,2.7412547792491155,0.19266109741303444
HI_4341,4341.684,5.662330838381308,5.662330838381308,91.6204247372044,42.34357316088078,0.27003432345551115,1.6699958292317726e-05,2.7412547792491155,0.19266109741303444
HI_4102,4102.892,0.767434781550719,0.767434781550719,12.417624941159543,41.728419494123905,0.27003432345551115,1.6699958292317726e-05,2.7412547792491155,0.19266109741303444
OIII_4363,4364.436,0.0,0.0,0.0,10000000000.0,0.27003432345551115,1.6699958292317726e-05,2.7412547792491155,0.19266109741303444
OIII_5007,5008.24,5.57809802802376,5.57809802802376,90.25747967411212,42.323522479705936,0.27003432345551115,1.6699958292317726e-05,2.7412547792491155,0.19266109741303444
OIII_4959,4960.295,49.160850469947945,49.160850469947945,795.4565229513195,75.08709134485825,0.27003432345551115,1.6699958292317726e-05,2.7412547792491155,0.19266109741303444
OII_3726,3727.092,0.0,0.0,0.0,10000000000.0,0.27003432345551115,1.6699958292317726e-05,2.7412547792491155,0.19266109741303444
OII_3729,3729.875,0.0,0.0,0.0,10000000000.0,0.27003432345551115,1.6699958292317726e-05,2.7412547792491155,0.19266109741303444
OI_6300,6302.046,0.0,0.0,0.0,10000000000.0,0.27003432345551115,1.6699958292317726e-05,2.7412547792491155,0.19266109741303444
SII_6717,6718.29,0.7264238086896739,0.7264238086896739,11.754039068192597,41.72270602311897,0.27003432345551115,1.6699958292317726e-05,2.7412547792491155,0.19266109741303444
SII_6731,6732.67,0.7018238341255483,0.7018238341255483,11.355994485065779,41.730285621967475,0.27003432345551115,1.6699958292317726e-05,2.7412547792491155,0.19266109741303444
NII_6548,6549.85,0.23402291129332298,0.23402291129332298,3.786652377426393,41.71212815378305,0.27003432345551115,1.6699958292317726e-05,2.7412547792491155,0.19266109741303444
NII_6584,6585.28,5.585864922501514,5.585864922501514,90.38315339245393,42.30995728022204,0.27003432345551115,1.6699958292317726e-05,2.7412547792491155,0.19266109741303444
NII_5755,5756.24,0.0,0.0,0.0,10000000000.0,0.27003432345551115,1.6699958292317726e-05,2.7412547792491155,0.19266109741303444
HeI_5876,5877.594,2.525641573332905,2.525641573332905,40.866625474122316,41.834720918455126,0.27003432345551115,1.6699958292317726e-05,2.7412547792491155,0.19266109741303444
HeII_4686,4687.02,0.0,0.0,0.0,10000000000.0,0.27003432345551115,1.6699958292317726e-05,2.7412547792491155,0.19266109741303444
NeIII_3869,3870.16,2.441009564725732,2.5799762128508226,39.497221107568464,41.83799097467903,0.27003432345551115,1.6699958292317726e-05,2.7412547792491155,0.19266109741303444
