line,wl,amp,amp_err,flux,flux_err,z,zerr,FWHM,FWHMerr
HI_6563,6564.61,172.5155855224707,172.5155855224707,5613.695574575916,95.20524291848292,0.26930349418357896,4.656327903429366e-06,5.5128079454633285,0.05899289949776509
HI_4861,4862.683,60.749908655474655,60.749908655474655,1976.815557517896,71.50184253814035,0.26930349418357896,4.656327903429366e-06,5.5128079454633285,0.05899289949776509
HI_4341,4341.684,27.423971077218994,27.423971077218994,892.3821265611375,68.31646736932247,0.26930349418357896,4.656327903429366e-06,5.5128079454633285,0.05899289949776509
HI_4102,4102.892,14.67845683034318,14.67845683034318,477.6402543604863,67.71861110150834,0.26930349418357896,4.656327903429366e-06,5.5128079454633285,0.05899289949776509
OIII_4363,4364.436,0.6049835619013493,0.6049835619013493,19.68629984271429,67.47742715501586,0.26930349418357896,4.656327903429366e-06,5.5128079454633285,0.05899289949776509
OIII_5007,5008.24,157.37804433284828,157.37804433284828,5121.116612919866,91.14338616369602,0.26930349418357896,4.656327903429366e-06,5.5128079454633285,0.05899289949776509
OIII_4959,4960.295,48.11926696279079,48.11926696279079,1565.8116638144027,70.02925231903268,0.26930349418357896,4.656327903429366e-06,5.5128079454633285,0.05899289949776509
OII_3726,3727.092,89.51191071047242,89.51191071047242,2912.737510094485,95.43927132582569,0.26930349418357896,4.656327903429366e-06,5.5128079454633285,0.05899289949776509
OII_3729,3729.875,120.22945856632577,120.22945856632577,3912.2933585587803,97.94519489010139,0.26930349418357896,4.656327903429366e-06,5.5128079454633285,0.05899289949776509
OI_6300,6302.046,7.971837938508088,7.971837938508088,259.40538196075175,67.54833917033261,0.26930349418357896,4.656327903429366e-06,5.5128079454633285,0.05899289949776509
SII_6717,6718.29,27.629018308436116,27.629018308436116,899.0544091318775,68.32897399599815,0.26930349418357896,4.656327903429366e-06,5.5128079454633285,0.05899289949776509
SII_6731,6732.67,18.60992874739577,18.60992874739577,605.5712261360939,67.86487711867821,0.26930349418357896,4.656327903429366e-06,5.5128079454633285,0.05899289949776509
NII_6548,6549.85,7.579822763809602,7.579822763809602,246.64912086870766,67.54153518260684,0.26930349418357896,4.656327903429366e-06,5.5128079454633285,0.05899289949776509
NII_6584,6585.28,19.273283283101023,19.273283283101023,627.1569304664333,67.89292303034404,0.26930349418357896,4.656327903429366e-06,5.5128079454633285,0.05899289949776509
NII_5755,5756.24,0.9308426680379398,0.9308426680379398,30.289827729856835,67.47799110501647,0.26930349418357896,4.656327903429366e-06,5.5128079454633285,0.05899289949776509
HeI_5876,5877.594,8.344616345906502,8.344616345906502,271.53567436054976,67.55515791783093,0.26930349418357896,4.656327903429366e-06,5.5128079454633285,0.05899289949776509
HeII_4686,4687.02,0.0,0.0,0.0,10000000000.0,0.26930349418357896,4.656327903429366e-06,5.5128079454633285,0.05899289949776509
NeIII_3869,3870.16,17.417967951700234,2.075743689053698,566.7845563775378,67.81692644188722,0.26930349418357896,4.656327903429366e-06,5.5128079454633285,0.05899289949776509
