line,wl,amp,amp_err,flux,flux_err,z,zerr,FWHM,FWHMerr
HI_6563,6564.61,12.02546893919839,12.02546893919839,32.544738648032016,139.44719686189953,0.27028056851959664,3.722456933926368e-05,0.45849131049400305,0.9707883672507209
HI_4861,4862.683,0.0,0.0,0.0,10000000000.0,0.27028056851959664,3.722456933926368e-05,0.45849131049400305,0.9707883672507209
HI_4341,4341.684,0.0,0.0,0.0,10000000000.0,0.27028056851959664,3.722456933926368e-05,0.45849131049400305,0.9707883672507209
HI_4102,4102.892,0.0,0.0,0.0,10000000000.0,0.27028056851959664,3.722456933926368e-05,0.45849131049400305,0.9707883672507209
OIII_4363,4364.436,9.765400406561753,9.765400406561753,26.42827532396612,334.41795800386257,0.27028056851959664,3.722456933926368e-05,0.45849131049400305,0.9707883672507209
OIII_5007,5008.24,5.1167240185391165,5.1167240185391165,13.847480440007185,237.78004294364555,0.27028056851959664,3.722456933926368e-05,0.45849131049400305,0.9707883672507209
OIII_4959,4960.295,36.48612012165722,36.48612012165722,98.7430302837895,244.04300428019602,0.27028056851959664,3.722456933926368e-05,0.45849131049400305,0.9707883672507209
OII_3726,3727.092,0.0,0.0,0.0,10000000000.0,0.27028056851959664,3.722456933926368e-05,0.45849131049400305,0.9707883672507209
OII_3729,3729.875,1154.7496884991974,1154.7496884991974,3125.1194449143773,68265.49701905514,0.27028056851959664,3.722456933926368e-05,0.45849131049400305,0.9707883672507209
OI_6300,6302.046,0.0,0.0,0.0,10000000000.0,0.27028056851959664,3.722456933926368e-05,0.45849131049400305,0.9707883672507209
SII_6717,6718.29,111.93354990763328,111.93354990763328,302.92773995832243,3851.4086376672,0.27028056851959664,3.722456933926368e-05,0.45849131049400305,0.9707883672507209
SII_6731,6732.67,0.0,0.0,0.0,10000000000.0,0.27028056851959664,3.722456933926368e-05,0.45849131049400305,0.9707883672507209
NII_6548,6549.85,0.0,0.0,0.0,10000000000.0,0.27028056851959664,3.722456933926368e-05,0.45849131049400305,0.9707883672507209
NII_6584,6585.28,6.087033914697145,6.087033914697145,16.4734472224857,78.59177097136535,0.27028056851959664,3.722456933926368e-05,0.45849131049400305,0.9707883672507209
NII_5755,5756.24,0.0,0.0,0.0,10000000000.0,0.27028056851959664,3.722456933926368e-05,0.45849131049400305,0.9707883672507209
HeI_5876,5877.594,0.0,0.0,0.0,10000000000.0,0.27028056851959664,3.722456933926368e-05,0.45849131049400305,0.9707883672507209
HeII_4686,4687.02,0.0,0.0,0.0,10000000000.0,0.27028056851959664,3.722456933926368e-05,0.45849131049400305,0.9707883672507209
NeIII_3869,3870.16,0.0,10000000000.0,0.0,10000000000.0,0.27028056851959664,3.722456933926368e-05,0.45849131049400305,0.9707883672507209
