line,wl,amp,amp_err,flux,flux_err,z,zerr,FWHM,FWHMerr
HI_6563,6564.61,0.13212673819600695,0.13212673819600695,1.8136457794007657,34.73612746384766,0.270058751191755,2.031999276285974e-05,2.3254879723649777,0.20977309546606987
HI_4861,4862.683,0.0,0.0,0.0,10000000000.0,0.270058751191755,2.031999276285974e-05,2.3254879723649777,0.20977309546606987
HI_4341,4341.684,0.0,0.0,0.0,10000000000.0,0.270058751191755,2.031999276285974e-05,2.3254879723649777,0.20977309546606987
HI_4102,4102.892,0.0,0.0,0.0,10000000000.0,0.270058751191755,2.031999276285974e-05,2.3254879723649777,0.20977309546606987
OIII_4363,4364.436,0.0,0.0,0.0,10000000000.0,0.270058751191755,2.031999276285974e-05,2.3254879723649777,0.20977309546606987
OIII_5007,5008.24,1.4004776281090017,1.4004776281090017,19.22374209826552,34.85477323988213,0.270058751191755,2.031999276285974e-05,2.3254879723649777,0.20977309546606987
OIII_4959,4960.295,34.5105421304911,34.5105421304911,473.7110741880786,58.67656477656228,0.270058751191755,2.031999276285974e-05,2.3254879723649777,0.20977309546606987
OII_3726,3727.092,0.0,0.0,0.0,10000000000.0,0.270058751191755,2.031999276285974e-05,2.3254879723649777,0.20977309546606987
OII_3729,3729.875,0.0,0.0,0.0,10000000000.0,0.270058751191755,2.031999276285974e-05,2.3254879723649777,0.20977309546606987
OI_6300,6302.046,0.0,0.0,0.0,10000000000.0,0.270058751191755,2.031999276285974e-05,2.3254879723649777,0.20977309546606987
SII_6717,6718.29,0.0,0.0,0.0,10000000000.0,0.270058751191755,2.031999276285974e-05,2.3254879723649777,0.20977309546606987
SII_6731,6732.67,0.709737660435394,0.709737660435394,9.742257546847753,34.77024360897552,0.270058751191755,2.031999276285974e-05,2.3254879723649777,0.20977309546606987
NII_6548,6549.85,2.1236417969300874,2.1236417969300874,29.150299436346103,34.85847496679073,0.270058751191755,2.031999276285974e-05,2.3254879723649777,0.20977309546606987
NII_6584,6585.28,1.8251571829716795,1.8251571829716795,25.05313206725038,34.82624673566329,0.270058751191755,2.031999276285974e-05,2.3254879723649777,0.20977309546606987
NII_5755,5756.24,0.0,0.0,0.0,10000000000.0,0.270058751191755,2.031999276285974e-05,2.3254879723649777,0.20977309546606987
HeI_5876,5877.594,0.0,0.0,0.0,10000000000.0,0.270058751191755,2.031999276285974e-05,2.3254879723649777,0.20977309546606987
HeII_4686,4687.02,0.0,0.0,0.0,10000000000.0,0.270058751191755,2.031999276285974e-05,2.3254879723649777,0.20977309546606987
NeIII_3869,3870.16,0.0,10000000000.0,0.0,10000000000.0,0.270058751191755,2.031999276285974e-05,2.3254879723649777,0.20977309546606987
