line,wl,amp,amp_err,flux,flux_err,z,zerr,FWHM,FWHMerr
HI_6563,6564.61,5.176550851589241,5.176550851589241,117.51122733876542,54.7041353393462,0.2687724246569914,6.039438793629234e-05,3.845840064323103,0.7203510456434238
HI_4861,4862.683,2.441007405880214,2.441007405880214,55.41252939105892,50.21565331257152,0.2687724246569914,6.039438793629234e-05,3.845840064323103,0.7203510456434238
HI_4341,4341.684,0.0,0.0,0.0,10000000000.0,0.2687724246569914,6.039438793629234e-05,3.845840064323103,0.7203510456434238
HI_4102,4102.892,0.0,0.0,0.0,10000000000.0,0.2687724246569914,6.039438793629234e-05,3.845840064323103,0.7203510456434238
OIII_4363,4364.436,3.651332416585774,3.651332416585774,82.88773084554673,51.84818858000879,0.2687724246569914,6.039438793629234e-05,3.845840064323103,0.7203510456434238
OIII_5007,5008.24,4.275296166746784,4.275296166746784,97.05213262550963,52.91542180262817,0.2687724246569914,6.039438793629234e-05,3.845840064323103,0.7203510456434238
OIII_4959,4960.295,0.7008562978777491,0.7008562978777491,15.90991494393086,48.96976172923718,0.2687724246569914,6.039438793629234e-05,3.845840064323103,0.7203510456434238
OII_3726,3727.092,0.0,0.0,0.0,10000000000.0,0.2687724246569914,6.039438793629234e-05,3.845840064323103,0.7203510456434238
OII_3729,3729.875,12.578361667494278,12.578361667494278,285.537370313738,76.37046848289685,0.2687724246569914,6.039438793629234e-05,3.845840064323103,0.7203510456434238
OI_6300,6302.046,4.704374018348403,4.704374018348403,106.79249187458512,53.731127484508214,0.2687724246569914,6.039438793629234e-05,3.845840064323103,0.7203510456434238
SII_6717,6718.29,0.0,0.0,0.0,10000000000.0,0.2687724246569914,6.039438793629234e-05,3.845840064323103,0.7203510456434238
SII_6731,6732.67,1.6015439471410673,1.6015439471410673,36.35613756363255,49.4459164765338,0.2687724246569914,6.039438793629234e-05,3.845840064323103,0.7203510456434238
NII_6548,6549.85,0.0,0.0,0.0,10000000000.0,0.2687724246569914,6.039438793629234e-05,3.845840064323103,0.7203510456434238
NII_6584,6585.28,0.0,0.0,0.0,10000000000.0,0.2687724246569914,6.039438793629234e-05,3.845840064323103,0.7203510456434238
NII_5755,5756.24,0.0,0.0,0.0,10000000000.0,0.2687724246569914,6.039438793629234e-05,3.845840064323103,0.7203510456434238
HeI_5876,5877.594,1.4964690896713364,1.4964690896713364,33.970866788223645,49.37153286447105,0.2687724246569914,6.039438793629234e-05,3.845840064323103,0.7203510456434238
HeII_4686,4687.02,0.0,0.0,0.0,10000000000.0,0.2687724246569914,6.039438793629234e-05,3.845840064323103,0.7203510456434238
NeIII_3869,3870.16,0.2701999599615874,2.152344389857511,6.1337229812440555,48.87318806314815,0.2687724246569914,6.039438793629234e-05,3.845840064323103,0.7203510456434238
