line,wl,amp,amp_err,flux,flux_err,z,zerr,FWHM,FWHMerr
HI_6563,6564.61,0.0,0.0,0.0,10000000000.0,0.27060792902183883,6.651703215768533e-05,3.2857398305798786,0.7577825117551404
HI_4861,4862.683,0.0,0.0,0.0,10000000000.0,0.27060792902183883,6.651703215768533e-05,3.2857398305798786,0.7577825117551404
HI_4341,4341.684,8.996281722204571,8.996281722204571,174.47928694018742,61.06556442591145,0.27060792902183883,6.651703215768533e-05,3.2857398305798786,0.7577825117551404
HI_4102,4102.892,1.5962037047053173,1.5962037047053173,30.957732628677697,42.05428866038906,0.27060792902183883,6.651703215768533e-05,3.2857398305798786,0.7577825117551404
OIII_4363,4364.436,0.7408022999404693,0.7408022999404693,14.367564405885414,41.45568561614511,0.27060792902183883,6.651703215768533e-05,3.2857398305798786,0.7577825117551404
OIII_5007,5008.24,4.638724360370475,4.638724360370475,89.96620422767069,47.35998202097005,0.27060792902183883,6.651703215768533e-05,3.2857398305798786,0.7577825117551404
OIII_4959,4960.295,1.1325273302064716,1.1325273302064716,21.964914741051054,41.67656837612107,0.27060792902183883,6.651703215768533e-05,3.2857398305798786,0.7577825117551404
OII_3726,3727.092,0.0,0.0,0.0,10000000000.0,0.27060792902183883,6.651703215768533e-05,3.2857398305798786,0.7577825117551404
OII_3729,3729.875,3.1512703745302133,3.1512703745302133,61.117628914029915,44.66436674205061,0.27060792902183883,6.651703215768533e-05,3.2857398305798786,0.7577825117551404
OI_6300,6302.046,0.0723946711169674,0.0723946711169674,1.4040657001193257,41.291107733570904,0.27060792902183883,6.651703215768533e-05,3.2857398305798786,0.7577825117551404
SII_6717,6718.29,0.0,0.0,0.0,10000000000.0,0.27060792902183883,6.651703215768533e-05,3.2857398305798786,0.7577825117551404
SII_6731,6732.67,0.0,0.0,0.0,10000000000.0,0.27060792902183883,6.651703215768533e-05,3.2857398305798786,0.7577825117551404
NII_6548,6549.85,0.0,0.0,0.0,10000000000.0,0.27060792902183883,6.651703215768533e-05,3.2857398305798786,0.7577825117551404
NII_6584,6585.28,0.0,0.0,0.0,10000000000.0,0.27060792902183883,6.651703215768533e-05,3.2857398305798786,0.7577825117551404
NII_5755,5756.24,0.0,0.0,0.0,10000000000.0,0.27060792902183883,6.651703215768533e-05,3.2857398305798786,0.7577825117551404
HeI_5876,5877.594,1.3336586923032883,1.3336586923032883,25.86577708880793,41.825011710490614,0.27060792902183883,6.651703215768533e-05,3.2857398305798786,0.7577825117551404
HeII_4686,4687.02,0.0,0.0,0.0,10000000000.0,0.27060792902183883,6.651703215768533e-05,3.2857398305798786,0.7577825117551404
NeIII_3869,3870.16,2.0025715405329265,2.141409456583601,38.83907432294974,42.48674093756726,0.27060792902183883,6.651703215768533e-05,3.2857398305798786,0.7577825117551404
