line,wl,amp,amp_err,flux,flux_err,z,zerr,FWHM,FWHMerr
HI_6563,6564.61,0.0,0.0,0.0,10000000000.0,0.2705450326406991,2.3874174338993324e-05,1.712827557044907,0.19746569606470976
HI_4861,4862.683,3.1032378329805397,3.1032378329805397,31.374467320524303,30.02599400288645,0.2705450326406991,2.3874174338993324e-05,1.712827557044907,0.19746569606470976
HI_4341,4341.684,0.8425490137974521,0.8425490137974521,8.518369497299794,29.26352432728684,0.2705450326406991,2.3874174338993324e-05,1.712827557044907,0.19746569606470976
HI_4102,4102.892,6.377369948471824,6.377369948471824,64.47671619388824,32.121542909820924,0.2705450326406991,2.3874174338993324e-05,1.712827557044907,0.19746569606470976
OIII_4363,4364.436,0.0,0.0,0.0,10000000000.0,0.2705450326406991,2.3874174338993324e-05,1.712827557044907,0.19746569606470976
OIII_5007,5008.24,2.6713142841914532,2.6713142841914532,27.007618243593416,30.294787778999382,0.2705450326406991,2.3874174338993324e-05,1.712827557044907,0.19746569606470976
OIII_4959,4960.295,0.0,0.0,0.0,10000000000.0,0.2705450326406991,2.3874174338993324e-05,1.712827557044907,0.19746569606470976
OII_3726,3727.092,0.0,0.0,0.0,10000000000.0,0.2705450326406991,2.3874174338993324e-05,1.712827557044907,0.19746569606470976
OII_3729,3729.875,1.1565089059043885,1.1565089059043885,11.692578148076509,30.147300469608492,0.2705450326406991,2.3874174338993324e-05,1.712827557044907,0.19746569606470976
OI_6300,6302.046,0.7293681555535159,0.7293681555535159,7.374084292813007,29.61909240855967,0.2705450326406991,2.3874174338993324e-05,1.712827557044907,0.19746569606470976
SII_6717,6718.29,0.18926492313664767,0.18926492313664767,1.9135130677911962,29.098303988469375,0.2705450326406991,2.3874174338993324e-05,1.712827557044907,0.19746569606470976
SII_6731,6732.67,0.0,0.0,0.0,10000000000.0,0.2705450326406991,2.3874174338993324e-05,1.712827557044907,0.19746569606470976
NII_6548,6549.85,0.2746784158235869,0.2746784158235869,2.7770636492380487,30.382297190705213,0.2705450326406991,2.3874174338993324e-05,1.712827557044907,0.19746569606470976
NII_6584,6585.28,0.0,0.0,0.0,10000000000.0,0.2705450326406991,2.3874174338993324e-05,1.712827557044907,0.19746569606470976
NII_5755,5756.24,1.9338569056311599,1.9338569056311599,19.55174999591324,28.785890583521503,0.2705450326406991,2.3874174338993324e-05,1.712827557044907,0.19746569606470976
HeI_5876,5877.594,0.0,0.0,0.0,10000000000.0,0.2705450326406991,2.3874174338993324e-05,1.712827557044907,0.19746569606470976
HeII_4686,4687.02,0.0,0.0,0.0,10000000000.0,0.2705450326406991,2.3874174338993324e-05,1.712827557044907,0.19746569606470976
NeIII_3869,3870.16,2.121841947204075,2.8546077010549546,21.452323158851286,28.96653025428785,0.2705450326406991,2.3874174338993324e-05,1.712827557044907,0.19746569606470976
