line,wl,amp,amp_err,flux,flux_err,z,zerr,FWHM,FWHMerr
HI_6563,6564.61,11.588988805880945,11.588988805880945,456.33713794852474,93.3612752842604,0.26935182975177296,6.776484925668784e-05,6.671025683657563,0.8264458327671468
HI_4861,4862.683,5.58430667634093,5.58430667634093,219.8920517392411,75.15807457117806,0.26935182975177296,6.776484925668784e-05,6.671025683657563,0.8264458327671468
HI_4341,4341.684,2.3735941384943544,2.3735941384943544,93.46450962678024,69.91964875449328,0.26935182975177296,6.776484925668784e-05,6.671025683657563,0.8264458327671468
HI_4102,4102.892,0.0,0.0,0.0,10000000000.0,0.26935182975177296,6.776484925668784e-05,6.671025683657563,0.8264458327671468
OIII_4363,4364.436,1.501279342047269,1.501279342047269,59.11555612716096,69.19673568005442,0.26935182975177296,6.776484925668784e-05,6.671025683657563,0.8264458327671468
OIII_5007,5008.24,8.546088416330917,8.546088416330917,336.5174989714763,83.02870183411062,0.26935182975177296,6.776484925668784e-05,6.671025683657563,0.8264458327671468
OIII_4959,4960.295,6.596196695390745,6.596196695390745,259.73702897983907,77.56073068860562,0.26935182975177296,6.776484925668784e-05,6.671025683657563,0.8264458327671468
OII_3726,3727.092,8.480326269537727,8.480326269537727,333.9279969574847,109.19087036884949,0.26935182975177296,6.776484925668784e-05,6.671025683657563,0.8264458327671468
OII_3729,3729.875,6.065148473451245,6.065148473451245,238.82605652385152,107.18014285480231,0.26935182975177296,6.776484925668784e-05,6.671025683657563,0.8264458327671468
OI_6300,6302.046,1.0113040313334523,1.0113040313334523,39.821902927399705,68.93171371023826,0.26935182975177296,6.776484925668784e-05,6.671025683657563,0.8264458327671468
SII_6717,6718.29,0.42801733468229486,0.42801733468229486,16.853947205657594,68.75030059957717,0.26935182975177296,6.776484925668784e-05,6.671025683657563,0.8264458327671468
SII_6731,6732.67,3.9233660329488202,3.9233660329488202,154.48954663687115,71.96580249542484,0.26935182975177296,6.776484925668784e-05,6.671025683657563,0.8264458327671468
NII_6548,6549.85,0.2965237425471514,0.2965237425471514,11.676152102164899,68.72970765213222,0.26935182975177296,6.776484925668784e-05,6.671025683657563,0.8264458327671468
NII_6584,6585.28,0.0,0.0,0.0,10000000000.0,0.26935182975177296,6.776484925668784e-05,6.671025683657563,0.8264458327671468
NII_5755,5756.24,0.0,0.0,0.0,10000000000.0,0.26935182975177296,6.776484925668784e-05,6.671025683657563,0.8264458327671468
HeI_5876,5877.594,0.0,0.0,0.0,10000000000.0,0.26935182975177296,6.776484925668784e-05,6.671025683657563,0.8264458327671468
HeII_4686,4687.02,0.0,0.0,0.0,10000000000.0,0.26935182975177296,6.776484925668784e-05,6.671025683657563,0.8264458327671468
NeIII_3869,3870.16,0.0,10000000000.0,0.0,10000000000.0,0.26935182975177296,6.776484925668784e-05,6.671025683657563,0.8264458327671468
