line,wl,amp,amp_err,flux,flux_err,z,zerr,FWHM,FWHMerr
HI_6563,6564.61,0.0,0.0,0.0,10000000000.0,0.27014716507649644,1.6839718031242034e-05,1.1538635846226386,0.32329462636940903
HI_4861,4862.683,1.7221990096455784,1.7221990096455784,11.72966100221821,25.12383265735568,0.27014716507649644,1.6839718031242034e-05,1.1538635846226386,0.32329462636940903
HI_4341,4341.684,0.0,0.0,0.0,10000000000.0,0.27014716507649644,1.6839718031242034e-05,1.1538635846226386,0.32329462636940903
HI_4102,4102.892,0.0,0.0,0.0,10000000000.0,0.27014716507649644,1.6839718031242034e-05,1.1538635846226386,0.32329462636940903
OIII_4363,4364.436,0.2642830521429005,0.2642830521429005,1.7999955829179919,22.65156639474563,0.27014716507649644,1.6839718031242034e-05,1.1538635846226386,0.32329462636940903
OIII_5007,5008.24,1.983431972303606,1.983431972303606,13.508882844422374,23.145072214960575,0.27014716507649644,1.6839718031242034e-05,1.1538635846226386,0.32329462636940903
OIII_4959,4960.295,29.08483267095835,29.08483267095835,198.09280206634807,101.42099264512328,0.27014716507649644,1.6839718031242034e-05,1.1538635846226386,0.32329462636940903
OII_3726,3727.092,11.06826387800902,11.06826387800902,75.38442563549073,40.84494786229044,0.27014716507649644,1.6839718031242034e-05,1.1538635846226386,0.32329462636940903
OII_3729,3729.875,2.1613452451348394,2.1613452451348394,14.720625718746167,23.694293481886053,0.27014716507649644,1.6839718031242034e-05,1.1538635846226386,0.32329462636940903
OI_6300,6302.046,2.0424122791887385,2.0424122791887385,13.91058961680739,26.780860945039404,0.27014716507649644,1.6839718031242034e-05,1.1538635846226386,0.32329462636940903
SII_6717,6718.29,3.846197385951541,3.846197385951541,26.195922324977886,29.535739069907386,0.27014716507649644,1.6839718031242034e-05,1.1538635846226386,0.32329462636940903
SII_6731,6732.67,0.0,0.0,0.0,10000000000.0,0.27014716507649644,1.6839718031242034e-05,1.1538635846226386,0.32329462636940903
NII_6548,6549.85,0.0,0.0,0.0,10000000000.0,0.27014716507649644,1.6839718031242034e-05,1.1538635846226386,0.32329462636940903
NII_6584,6585.28,9.275602635020618,9.275602635020618,63.174856036216354,45.97156749778976,0.27014716507649644,1.6839718031242034e-05,1.1538635846226386,0.32329462636940903
NII_5755,5756.24,2.497081098784406,2.497081098784406,17.007276522482375,24.36802533687663,0.27014716507649644,1.6839718031242034e-05,1.1538635846226386,0.32329462636940903
HeI_5876,5877.594,0.0,0.0,0.0,10000000000.0,0.27014716507649644,1.6839718031242034e-05,1.1538635846226386,0.32329462636940903
HeII_4686,4687.02,0.0,0.0,0.0,10000000000.0,0.27014716507649644,1.6839718031242034e-05,1.1538635846226386,0.32329462636940903
NeIII_3869,3870.16,8.748877327171499,4.771980750802217,59.587402282175084,36.53865573644446,0.27014716507649644,1.6839718031242034e-05,1.1538635846226386,0.32329462636940903
