line,wl,amp,amp_err,flux,flux_err,z,zerr,FWHM,FWHMerr
HI_6563,6564.61,117.98893283640564,117.98893283640564,4165.5521891653725,92.65300432608642,0.2694089118228819,6.567208733360161e-06,5.981135602068894,0.0828078042656836
HI_4861,4862.683,44.06754452674204,44.06754452674204,1555.7870739371024,70.76066602365914,0.2694089118228819,6.567208733360161e-06,5.981135602068894,0.0828078042656836
HI_4341,4341.684,16.104928605366013,16.104928605366013,568.5780775850442,67.11622594506947,0.2694089118228819,6.567208733360161e-06,5.981135602068894,0.0828078042656836
HI_4102,4102.892,7.540916776736935,7.540916776736935,266.22905752698006,66.6641714159944,0.2694089118228819,6.567208733360161e-06,5.981135602068894,0.0828078042656836
OIII_4363,4364.436,0.0,0.0,0.0,10000000000.0,0.2694089118228819,6.567208733360161e-06,5.981135602068894,0.0828078042656836
OIII_5007,5008.24,112.56918314218251,112.56918314218251,3974.2100890143183,90.61688656895237,0.2694089118228819,6.567208733360161e-06,5.981135602068894,0.0828078042656836
OIII_4959,4960.295,45.13279855391443,45.13279855391443,1593.395442266509,70.96087379120665,0.2694089118228819,6.567208733360161e-06,5.981135602068894,0.0828078042656836
OII_3726,3727.092,69.29054540278094,69.29054540278094,2446.275054383393,96.84152863614057,0.2694089118228819,6.567208733360161e-06,5.981135602068894,0.0828078042656836
OII_3729,3729.875,63.24215872535001,63.24215872535001,2232.7391764038516,96.2503801236791,0.2694089118228819,6.567208733360161e-06,5.981135602068894,0.0828078042656836
OI_6300,6302.046,8.275308461880854,8.275308461880854,292.1564629048868,66.69019038945261,0.2694089118228819,6.567208733360161e-06,5.981135602068894,0.0828078042656836
SII_6717,6718.29,17.67499058155977,17.67499058155977,624.0084891061597,67.23413410343274,0.2694089118228819,6.567208733360161e-06,5.981135602068894,0.0828078042656836
SII_6731,6732.67,15.531119704603952,15.531119704603952,548.319983327627,67.07585187663197,0.2694089118228819,6.567208733360161e-06,5.981135602068894,0.0828078042656836
NII_6548,6549.85,1.1250496328685813,1.1250496328685813,39.71942832649645,66.53953078468874,0.2694089118228819,6.567208733360161e-06,5.981135602068894,0.0828078042656836
NII_6584,6585.28,11.159177074566173,11.159177074566173,393.9702934401015,66.81555453719369,0.2694089118228819,6.567208733360161e-06,5.981135602068894,0.0828078042656836
NII_5755,5756.24,2.726339185467168,2.726339185467168,96.25231697091826,66.55337221100483,0.2694089118228819,6.567208733360161e-06,5.981135602068894,0.0828078042656836
HeI_5876,5877.594,0.0,0.0,0.0,10000000000.0,0.2694089118228819,6.567208733360161e-06,5.981135602068894,0.0828078042656836
HeII_4686,4687.02,0.0,0.0,0.0,10000000000.0,0.2694089118228819,6.567208733360161e-06,5.981135602068894,0.0828078042656836
NeIII_3869,3870.16,10.72794891741114,1.8861085901679713,378.7459554375067,66.79445549913433,0.2694089118228819,6.567208733360161e-06,5.981135602068894,0.0828078042656836
