line,wl,amp,amp_err,flux,flux_err,z,zerr,FWHM,FWHMerr
HI_6563,6564.61,215.29956744734136,215.29956744734136,4163.150046723797,64.48595303456833,0.26985889404189256,2.420513225695742e-06,3.2759046187928,0.03139529097292803
HI_4861,4862.683,61.1774910709014,61.1774910709014,1182.961386453138,48.26425163018783,0.26985889404189256,2.420513225695742e-06,3.2759046187928,0.03139529097292803
HI_4341,4341.684,24.004649451114574,24.004649451114574,464.16701468031704,46.83518811204395,0.26985889404189256,2.420513225695742e-06,3.2759046187928,0.03139529097292803
HI_4102,4102.892,12.53490273118075,12.53490273118075,242.38172658547904,46.64277683076296,0.26985889404189256,2.420513225695742e-06,3.2759046187928,0.03139529097292803
OIII_4363,4364.436,7.374382308698841,7.374382308698841,142.59508468602746,46.59532907987431,0.26985889404189256,2.420513225695742e-06,3.2759046187928,0.03139529097292803
OIII_5007,5008.24,237.53468894104435,237.53468894104435,4593.100502188876,67.75416143299604,0.26985889404189256,2.420513225695742e-06,3.2759046187928,0.03139529097292803
OIII_4959,4960.295,85.99132316155965,85.99132316155965,1662.775198679615,49.86207460963903,0.26985889404189256,2.420513225695742e-06,3.2759046187928,0.03139529097292803
OII_3726,3727.092,80.81729887536949,80.81729887536949,1562.727438694816,51.15597980496381,0.26985889404189256,2.420513225695742e-06,3.2759046187928,0.03139529097292803
OII_3729,3729.875,75.61359753472402,75.61359753472402,1462.1058269735408,50.86993999496826,0.26985889404189256,2.420513225695742e-06,3.2759046187928,0.03139529097292803
OI_6300,6302.046,5.964404292482868,5.964404292482868,115.33097954320249,46.58691509229322,0.26985889404189256,2.420513225695742e-06,3.2759046187928,0.03139529097292803
SII_6717,6718.29,25.90660174241293,25.90660174241293,500.944203154334,46.87861196346413,0.26985889404189256,2.420513225695742e-06,3.2759046187928,0.03139529097292803
SII_6731,6732.67,19.67476656060478,19.67476656060478,380.4420338470729,46.748483996375356,0.26985889404189256,2.420513225695742e-06,3.2759046187928,0.03139529097292803
NII_6548,6549.85,3.3941200651194094,3.3941200651194094,65.63055966726019,46.57553839148908,0.26985889404189256,2.420513225695742e-06,3.2759046187928,0.03139529097292803
NII_6584,6585.28,14.468090121582577,14.468090121582577,279.7628939983939,46.66659762343635,0.26985889404189256,2.420513225695742e-06,3.2759046187928,0.03139529097292803
NII_5755,5756.24,0.0,0.0,0.0,10000000000.0,0.26985889404189256,2.420513225695742e-06,3.2759046187928,0.03139529097292803
HeI_5876,5877.594,8.758247148112787,8.758247148112787,169.35425117750074,46.6056141942842,0.26985889404189256,2.420513225695742e-06,3.2759046187928,0.03139529097292803
HeII_4686,4687.02,0.0,0.0,0.0,10000000000.0,0.26985889404189256,2.420513225695742e-06,3.2759046187928,0.03139529097292803
NeIII_3869,3870.16,21.05943308045289,2.410526749395994,407.2167020693509,46.77435590390485,0.26985889404189256,2.420513225695742e-06,3.2759046187928,0.03139529097292803
