line,wl,amp,amp_err,flux,flux_err,z,zerr,FWHM,FWHMerr
HI_6563,6564.61,8.860678966125874,8.860678966125874,523.0155959424732,84.58379752031732,0.26942284152993234,7.940444564957539e-05,9.999999526037653,0.5205914977128248
HI_4861,4862.683,2.900011193268824,2.900011193268824,171.17774927698355,77.83619830736544,0.26942284152993234,7.940444564957539e-05,9.999999526037653,0.5205914977128248
HI_4341,4341.684,0.5178764521937183,0.5178764521937183,30.56847700996184,76.99295612004123,0.26942284152993234,7.940444564957539e-05,9.999999526037653,0.5205914977128248
HI_4102,4102.892,1.5613178367590308,1.5613178367590308,92.15925573761916,77.21863076136366,0.26942284152993234,7.940444564957539e-05,9.999999526037653,0.5205914977128248
OIII_4363,4364.436,0.8621345527985795,0.8621345527985795,50.88885610666656,77.04239730231754,0.26942284152993234,7.940444564957539e-05,9.999999526037653,0.5205914977128248
OIII_5007,5008.24,11.883965088512696,11.883965088512696,701.4698429645957,90.49053758763182,0.26942284152993234,7.940444564957539e-05,9.999999526037653,0.5205914977128248
OIII_4959,4960.295,6.839736951831014,6.839736951831014,403.7262958772717,81.69268252204138,0.26942284152993234,7.940444564957539e-05,9.999999526037653,0.5205914977128248
OII_3726,3727.092,7.559371638787638,7.559371638787638,446.20387192966956,162.29080183260473,0.26942284152993234,7.940444564957539e-05,9.999999526037653,0.5205914977128248
OII_3729,3729.875,7.974699895423328,7.974699895423328,470.7192794381124,162.11511977597044,0.26942284152993234,7.940444564957539e-05,9.999999526037653,0.5205914977128248
OI_6300,6302.046,0.0,0.0,0.0,10000000000.0,0.26942284152993234,7.940444564957539e-05,9.999999526037653,0.5205914977128248
SII_6717,6718.29,0.0,0.0,0.0,10000000000.0,0.26942284152993234,7.940444564957539e-05,9.999999526037653,0.5205914977128248
SII_6731,6732.67,2.2265944998811165,2.2265944998811165,131.42826342423334,77.47987369330978,0.26942284152993234,7.940444564957539e-05,9.999999526037653,0.5205914977128248
NII_6548,6549.85,0.0,0.0,0.0,10000000000.0,0.26942284152993234,7.940444564957539e-05,9.999999526037653,0.5205914977128248
NII_6584,6585.28,3.0080261325180118,3.0080261325180118,177.55350197472566,77.90519182061969,0.26942284152993234,7.940444564957539e-05,9.999999526037653,0.5205914977128248
NII_5755,5756.24,0.0,0.0,0.0,10000000000.0,0.26942284152993234,7.940444564957539e-05,9.999999526037653,0.5205914977128248
HeI_5876,5877.594,0.0,0.0,0.0,10000000000.0,0.26942284152993234,7.940444564957539e-05,9.999999526037653,0.5205914977128248
HeII_4686,4687.02,0.0,0.0,0.0,10000000000.0,0.26942284152993234,7.940444564957539e-05,9.999999526037653,0.5205914977128248
NeIII_3869,3870.16,0.8944306060566305,1.3044845694605953,52.795181751227716,77.04830321019357,0.26942284152993234,7.940444564957539e-05,9.999999526037653,0.5205914977128248
