line,wl,amp,amp_err,flux,flux_err,z,zerr,FWHM,FWHMerr
HI_6563,6564.61,6.818346554346135,6.818346554346135,187.79018820342145,64.29818380659042,0.26876735933886686,5.1527221097452036e-05,4.666015399309037,0.7652490250972234
HI_4861,4862.683,6.4379402115481525,6.4379402115481525,177.31307646695896,63.290335099760675,0.26876735933886686,5.1527221097452036e-05,4.666015399309037,0.7652490250972234
HI_4341,4341.684,0.0,0.0,0.0,10000000000.0,0.26876735933886686,5.1527221097452036e-05,4.666015399309037,0.7652490250972234
HI_4102,4102.892,0.0,0.0,0.0,10000000000.0,0.26876735933886686,5.1527221097452036e-05,4.666015399309037,0.7652490250972234
OIII_4363,4364.436,1.602251975884542,1.602251975884542,44.12905646587752,54.90298458194924,0.26876735933886686,5.1527221097452036e-05,4.666015399309037,0.7652490250972234
OIII_5007,5008.24,3.6153481933013154,3.6153481933013154,99.57354209404238,57.290093904873295,0.26876735933886686,5.1527221097452036e-05,4.666015399309037,0.7652490250972234
OIII_4959,4960.295,2.8114886191660844,2.8114886191660844,77.43372571586862,56.12862181522769,0.26876735933886686,5.1527221097452036e-05,4.666015399309037,0.7652490250972234
OII_3726,3727.092,0.0,0.0,0.0,10000000000.0,0.26876735933886686,5.1527221097452036e-05,4.666015399309037,0.7652490250972234
OII_3729,3729.875,9.945770263104237,9.945770263104237,273.92536513794835,76.28225363578626,0.26876735933886686,5.1527221097452036e-05,4.666015399309037,0.7652490250972234
OI_6300,6302.046,2.76174772857496,2.76174772857496,76.06376730570845,56.06559340854013,0.26876735933886686,5.1527221097452036e-05,4.666015399309037,0.7652490250972234
SII_6717,6718.29,3.767707736629177,3.767707736629177,103.76981271303708,57.539799758991435,0.26876735933886686,5.1527221097452036e-05,4.666015399309037,0.7652490250972234
SII_6731,6732.67,0.0,0.0,0.0,10000000000.0,0.26876735933886686,5.1527221097452036e-05,4.666015399309037,0.7652490250972234
NII_6548,6549.85,2.5239236470152946,2.5239236470152946,69.51364130676994,55.77899413246581,0.26876735933886686,5.1527221097452036e-05,4.666015399309037,0.7652490250972234
NII_6584,6585.28,5.790840315650257,5.790840315650257,159.49071876359147,61.67581408526942,0.26876735933886686,5.1527221097452036e-05,4.666015399309037,0.7652490250972234
NII_5755,5756.24,3.21227106702554,3.21227106702554,88.47203400839463,56.67430102097209,0.26876735933886686,5.1527221097452036e-05,4.666015399309037,0.7652490250972234
HeI_5876,5877.594,0.07743173952849247,0.07743173952849247,2.1326168775779326,54.3049980811559,0.26876735933886686,5.1527221097452036e-05,4.666015399309037,0.7652490250972234
HeII_4686,4687.02,0.0,0.0,0.0,10000000000.0,0.26876735933886686,5.1527221097452036e-05,4.666015399309037,0.7652490250972234
NeIII_3869,3870.16,4.425090495018139,2.0047415549307845,121.87537994045506,58.72098570899588,0.26876735933886686,5.1527221097452036e-05,4.666015399309037,0.7652490250972234
