line,wl,amp,amp_err,flux,flux_err,z,zerr,FWHM,FWHMerr
HI_6563,6564.61,29.727744039571917,29.727744039571917,320.37292720853725,47.888683432418674,0.271385757055155,1.8511128239635392e-05,1.8257705525554446,0.1943452791584821
HI_4861,4862.683,1.1525180767260963,1.1525180767260963,12.420572156770023,31.343390641327368,0.271385757055155,1.8511128239635392e-05,1.8257705525554446,0.1943452791584821
HI_4341,4341.684,3.1246616303694736,3.1246616303694736,33.67416618378836,31.671513052653385,0.271385757055155,1.8511128239635392e-05,1.8257705525554446,0.1943452791584821
HI_4102,4102.892,3.546406865240783,3.546406865240783,38.219272440493036,32.200755970748666,0.271385757055155,1.8511128239635392e-05,1.8257705525554446,0.1943452791584821
OIII_4363,4364.436,0.0,0.0,0.0,10000000000.0,0.271385757055155,1.8511128239635392e-05,1.8257705525554446,0.1943452791584821
OIII_5007,5008.24,1.5772081209786393,1.5772081209786393,16.99741432993984,31.41580969043159,0.271385757055155,1.8511128239635392e-05,1.8257705525554446,0.1943452791584821
OIII_4959,4960.295,0.0,0.0,0.0,10000000000.0,0.271385757055155,1.8511128239635392e-05,1.8257705525554446,0.1943452791584821
OII_3726,3727.092,0.6476264461377923,0.6476264461377923,6.97940550115872,31.322764675043462,0.271385757055155,1.8511128239635392e-05,1.8257705525554446,0.1943452791584821
OII_3729,3729.875,4.501124601168613,4.501124601168613,48.508170088089656,32.18048577624992,0.271385757055155,1.8511128239635392e-05,1.8257705525554446,0.1943452791584821
OI_6300,6302.046,2.475112682379745,2.475112682379745,26.67404207226187,31.453312617879075,0.271385757055155,1.8511128239635392e-05,1.8257705525554446,0.1943452791584821
SII_6717,6718.29,1.0670250239618326,1.0670250239618326,11.499222069335826,32.524029569973735,0.271385757055155,1.8511128239635392e-05,1.8257705525554446,0.1943452791584821
SII_6731,6732.67,0.0,0.0,0.0,10000000000.0,0.271385757055155,1.8511128239635392e-05,1.8257705525554446,0.1943452791584821
NII_6548,6549.85,0.0,0.0,0.0,10000000000.0,0.271385757055155,1.8511128239635392e-05,1.8257705525554446,0.1943452791584821
NII_6584,6585.28,0.0,0.0,0.0,10000000000.0,0.271385757055155,1.8511128239635392e-05,1.8257705525554446,0.1943452791584821
NII_5755,5756.24,0.0,0.0,0.0,10000000000.0,0.271385757055155,1.8511128239635392e-05,1.8257705525554446,0.1943452791584821
HeI_5876,5877.594,1.6462968292247524,1.6462968292247524,17.74197643557423,32.243124868003775,0.271385757055155,1.8511128239635392e-05,1.8257705525554446,0.1943452791584821
HeII_4686,4687.02,0.0,0.0,0.0,10000000000.0,0.271385757055155,1.8511128239635392e-05,1.8257705525554446,0.1943452791584821
NeIII_3869,3870.16,0.0,10000000000.0,0.0,10000000000.0,0.271385757055155,1.8511128239635392e-05,1.8257705525554446,0.1943452791584821
