line,wl,amp,amp_err,flux,flux_err,z,zerr,FWHM,FWHMerr
HI_6563,6564.61,3.9990454773089823,3.9990454773089823,56.19736864250237,41.17086733129227,0.27016161014619505,1.791319973568119e-05,2.3807400596267647,0.23333279783280372
HI_4861,4862.683,0.0,0.0,0.0,10000000000.0,0.27016161014619505,1.791319973568119e-05,2.3807400596267647,0.23333279783280372
HI_4341,4341.684,0.0,0.0,0.0,10000000000.0,0.27016161014619505,1.791319973568119e-05,2.3807400596267647,0.23333279783280372
HI_4102,4102.892,0.0,0.0,0.0,10000000000.0,0.27016161014619505,1.791319973568119e-05,2.3807400596267647,0.23333279783280372
OIII_4363,4364.436,4.500311488224952,4.500311488224952,63.24150729089735,41.17484641561426,0.27016161014619505,1.791319973568119e-05,2.3807400596267647,0.23333279783280372
OIII_5007,5008.24,2.7296786449209094,2.7296786449209094,38.35934298687005,40.83814270605882,0.27016161014619505,1.791319973568119e-05,2.3807400596267647,0.23333279783280372
OIII_4959,4960.295,43.494175429914094,43.494175429914094,611.2104061595542,78.80929948014752,0.27016161014619505,1.791319973568119e-05,2.3807400596267647,0.23333279783280372
OII_3726,3727.092,6.609300162197428,6.609300162197428,92.87848307589071,41.938095009041135,0.27016161014619505,1.791319973568119e-05,2.3807400596267647,0.23333279783280372
OII_3729,3729.875,0.0,0.0,0.0,10000000000.0,0.27016161014619505,1.791319973568119e-05,2.3807400596267647,0.23333279783280372
OI_6300,6302.046,0.03886395986262414,0.03886395986262414,0.5461433963929277,40.62837257540555,0.27016161014619505,1.791319973568119e-05,2.3807400596267647,0.23333279783280372
SII_6717,6718.29,0.11061919137364384,0.11061919137364384,1.5544978200006274,40.644368419341085,0.27016161014619505,1.791319973568119e-05,2.3807400596267647,0.23333279783280372
SII_6731,6732.67,3.059588993472744,3.059588993472744,42.995472678753366,40.98518816096208,0.27016161014619505,1.791319973568119e-05,2.3807400596267647,0.23333279783280372
NII_6548,6549.85,0.9275848158157487,0.9275848158157487,13.035067027210426,40.727379008827874,0.27016161014619505,1.791319973568119e-05,2.3807400596267647,0.23333279783280372
NII_6584,6585.28,0.0,0.0,0.0,10000000000.0,0.27016161014619505,1.791319973568119e-05,2.3807400596267647,0.23333279783280372
NII_5755,5756.24,0.7581866158643606,0.7581866158643606,10.654565694064683,40.66351560215752,0.27016161014619505,1.791319973568119e-05,2.3807400596267647,0.23333279783280372
HeI_5876,5877.594,0.0,0.0,0.0,10000000000.0,0.27016161014619505,1.791319973568119e-05,2.3807400596267647,0.23333279783280372
HeII_4686,4687.02,0.0,0.0,0.0,10000000000.0,0.27016161014619505,1.791319973568119e-05,2.3807400596267647,0.23333279783280372
NeIII_3869,3870.16,5.289507994290602,2.9059212527381475,74.33184553145934,41.48077316662022,0.27016161014619505,1.791319973568119e-05,2.3807400596267647,0.23333279783280372
