line,wl,amp,amp_err,flux,flux_err,z,zerr,FWHM,FWHMerr
HI_6563,6564.61,0.0,0.0,0.0,10000000000.0,0.27016441380432804,1.6859556143805493e-05,1.1900141471987529,0.7077612906903716
HI_4861,4862.683,3.1393340805526577,3.1393340805526577,22.051458401881185,32.64225732899268,0.27016441380432804,1.6859556143805493e-05,1.1900141471987529,0.7077612906903716
HI_4341,4341.684,1.42019839332238,1.42019839332238,9.975824486718452,25.726749078924875,0.27016441380432804,1.6859556143805493e-05,1.1900141471987529,0.7077612906903716
HI_4102,4102.892,1.3085414650709026,1.3085414650709026,9.19151862902973,27.513993086166693,0.27016441380432804,1.6859556143805493e-05,1.1900141471987529,0.7077612906903716
OIII_4363,4364.436,1.0384020192163916,1.0384020192163916,7.293992402092041,24.05562026178727,0.27016441380432804,1.6859556143805493e-05,1.1900141471987529,0.7077612906903716
OIII_5007,5008.24,0.0,0.0,0.0,10000000000.0,0.27016441380432804,1.6859556143805493e-05,1.1900141471987529,0.7077612906903716
OIII_4959,4960.295,64.83565595226378,64.83565595226378,455.42167017099774,493.3069072992028,0.27016441380432804,1.6859556143805493e-05,1.1900141471987529,0.7077612906903716
OII_3726,3727.092,7.720743535965994,7.720743535965994,54.23241061523953,57.98746500782509,0.27016441380432804,1.6859556143805493e-05,1.1900141471987529,0.7077612906903716
OII_3729,3729.875,0.0,0.0,0.0,10000000000.0,0.27016441380432804,1.6859556143805493e-05,1.1900141471987529,0.7077612906903716
OI_6300,6302.046,4.956913651795958,4.956913651795958,34.818586486677056,32.79416680460318,0.27016441380432804,1.6859556143805493e-05,1.1900141471987529,0.7077612906903716
SII_6717,6718.29,0.7534177373267994,0.7534177373267994,5.2921923782564075,26.554764021298872,0.27016441380432804,1.6859556143805493e-05,1.1900141471987529,0.7077612906903716
SII_6731,6732.67,6.7617818931911415,6.7617818931911415,47.496427049283206,60.718489782902886,0.27016441380432804,1.6859556143805493e-05,1.1900141471987529,0.7077612906903716
NII_6548,6549.85,0.0,0.0,0.0,10000000000.0,0.27016441380432804,1.6859556143805493e-05,1.1900141471987529,0.7077612906903716
NII_6584,6585.28,2.1705752504212796,2.1705752504212796,15.2466569707648,34.26788720260833,0.27016441380432804,1.6859556143805493e-05,1.1900141471987529,0.7077612906903716
NII_5755,5756.24,0.0,0.0,0.0,10000000000.0,0.27016441380432804,1.6859556143805493e-05,1.1900141471987529,0.7077612906903716
HeI_5876,5877.594,0.0,0.0,0.0,10000000000.0,0.27016441380432804,1.6859556143805493e-05,1.1900141471987529,0.7077612906903716
HeII_4686,4687.02,0.0,0.0,0.0,10000000000.0,0.27016441380432804,1.6859556143805493e-05,1.1900141471987529,0.7077612906903716
NeIII_3869,3870.16,3.5775192571010166,4.2491899585055455,25.129379370163754,33.38021957149801,0.27016441380432804,1.6859556143805493e-05,1.1900141471987529,0.7077612906903716
