line,wl,amp,amp_err,flux,flux_err,z,zerr,FWHM,FWHMerr
HI_6563,6564.61,0.0,0.0,0.0,10000000000.0,0.27017625102951354,9.500657658143071e-06,0.38128499178734565,1.449550277403923
HI_4861,4862.683,0.0,0.0,0.0,10000000000.0,0.27017625102951354,9.500657658143071e-06,0.38128499178734565,1.449550277403923
HI_4341,4341.684,8.35537652652863,8.35537652652863,18.80456947085234,82.31184764894695,0.27017625102951354,9.500657658143071e-06,0.38128499178734565,1.449550277403923
HI_4102,4102.892,7.08764324678566,7.08764324678566,15.951415163114333,250.33796132502934,0.27017625102951354,9.500657658143071e-06,0.38128499178734565,1.449550277403923
OIII_4363,4364.436,0.0,0.0,0.0,10000000000.0,0.27017625102951354,9.500657658143071e-06,0.38128499178734565,1.449550277403923
OIII_5007,5008.24,4.3017852859901495,4.3017852859901495,9.681576886721166,114.65449247035987,0.27017625102951354,9.500657658143071e-06,0.38128499178734565,1.449550277403923
OIII_4959,4960.295,49999.93046465838,49999.93046465838,112529.59851362756,3461445.609186526,0.27017625102951354,9.500657658143071e-06,0.38128499178734565,1.449550277403923
OII_3726,3727.092,0.0,0.0,0.0,10000000000.0,0.27017625102951354,9.500657658143071e-06,0.38128499178734565,1.449550277403923
OII_3729,3729.875,0.0,0.0,0.0,10000000000.0,0.27017625102951354,9.500657658143071e-06,0.38128499178734565,1.449550277403923
OI_6300,6302.046,0.0,0.0,0.0,10000000000.0,0.27017625102951354,9.500657658143071e-06,0.38128499178734565,1.449550277403923
SII_6717,6718.29,0.0,0.0,0.0,10000000000.0,0.27017625102951354,9.500657658143071e-06,0.38128499178734565,1.449550277403923
SII_6731,6732.67,1545.4501679536406,1545.4501679536406,3478.1825755851014,187339.64227209907,0.27017625102951354,9.500657658143071e-06,0.38128499178734565,1.449550277403923
NII_6548,6549.85,15.562137937768625,15.562137937768625,35.02407139123129,670.2101309828314,0.27017625102951354,9.500657658143071e-06,0.38128499178734565,1.449550277403923
NII_6584,6585.28,30.48719382213949,30.48719382213949,68.61432903466626,1287.4271628514916,0.27017625102951354,9.500657658143071e-06,0.38128499178734565,1.449550277403923
NII_5755,5756.24,0.0,0.0,0.0,10000000000.0,0.27017625102951354,9.500657658143071e-06,0.38128499178734565,1.449550277403923
HeI_5876,5877.594,250.66061939962538,250.66061939962538,564.1355618315212,19969.585255631293,0.27017625102951354,9.500657658143071e-06,0.38128499178734565,1.449550277403923
HeII_4686,4687.02,0.0,0.0,0.0,10000000000.0,0.27017625102951354,9.500657658143071e-06,0.38128499178734565,1.449550277403923
NeIII_3869,3870.16,0.0,10000000000.0,0.0,10000000000.0,0.27017625102951354,9.500657658143071e-06,0.38128499178734565,1.449550277403923
