line,wl,amp,amp_err,flux,flux_err,z,zerr,FWHM,FWHMerr
HI_6563,6564.61,76.17968558364987,76.17968558364987,1561.9754823109763,65.2776605444272,0.26941809292425956,6.771368479609277e-06,3.4736605671803202,0.08476411544382052
HI_4861,4862.683,26.392401411493893,26.392401411493893,541.1453671437948,51.60681469836354,0.26941809292425956,6.771368479609277e-06,3.4736605671803202,0.08476411544382052
HI_4341,4341.684,10.901273815881382,10.901273815881382,223.51788795016878,49.82461566157206,0.26941809292425956,6.771368479609277e-06,3.4736605671803202,0.08476411544382052
HI_4102,4102.892,6.1173963540771865,6.1173963540771865,125.43006770689428,49.568292902854765,0.26941809292425956,6.771368479609277e-06,3.4736605671803202,0.08476411544382052
OIII_4363,4364.436,5.983098906772511,5.983098906772511,122.67645539647707,49.56318345037699,0.26941809292425956,6.771368479609277e-06,3.4736605671803202,0.08476411544382052
OIII_5007,5008.24,93.64266432995987,93.64266432995987,1920.0334664162322,72.03511214813032,0.26941809292425956,6.771368479609277e-06,3.4736605671803202,0.08476411544382052
OIII_4959,4960.295,30.665908212011118,30.665908212011118,628.7686330414659,52.340843122694714,0.26941809292425956,6.771368479609277e-06,3.4736605671803202,0.08476411544382052
OII_3726,3727.092,28.475316820496346,28.475316820496346,583.853114959544,55.651021248226655,0.26941809292425956,6.771368479609277e-06,3.4736605671803202,0.08476411544382052
OII_3729,3729.875,55.418975455526606,55.418975455526606,1136.3013676562746,60.45822331181447,0.26941809292425956,6.771368479609277e-06,3.4736605671803202,0.08476411544382052
OI_6300,6302.046,0.9028553369662404,0.9028553369662404,18.511994235869572,49.452512425328386,0.26941809292425956,6.771368479609277e-06,3.4736605671803202,0.08476411544382052
SII_6717,6718.29,11.434623116001035,11.434623116001035,234.45359244818547,49.86195679037344,0.26941809292425956,6.771368479609277e-06,3.4736605671803202,0.08476411544382052
SII_6731,6732.67,9.259288172237234,9.259288172237234,189.85089000932632,49.72059995766021,0.26941809292425956,6.771368479609277e-06,3.4736605671803202,0.08476411544382052
NII_6548,6549.85,7.567354831223838,7.567354831223838,155.15977286805756,49.63085178504283,0.26941809292425956,6.771368479609277e-06,3.4736605671803202,0.08476411544382052
NII_6584,6585.28,0.739404575149365,0.739404575149365,15.160627259660812,49.45174831338456,0.26941809292425956,6.771368479609277e-06,3.4736605671803202,0.08476411544382052
NII_5755,5756.24,0.0,0.0,0.0,10000000000.0,0.26941809292425956,6.771368479609277e-06,3.4736605671803202,0.08476411544382052
HeI_5876,5877.594,1.172781347766204,1.172781347766204,24.046511839576258,49.45433150368409,0.26941809292425956,6.771368479609277e-06,3.4736605671803202,0.08476411544382052
HeII_4686,4687.02,0.0,0.0,0.0,10000000000.0,0.26941809292425956,6.771368479609277e-06,3.4736605671803202,0.08476411544382052
NeIII_3869,3870.16,14.861098724857584,2.418553202266268,304.70947301221867,50.14395346440673,0.26941809292425956,6.771368479609277e-06,3.4736605671803202,0.08476411544382052
