line,wl,amp,amp_err,flux,flux_err,z,zerr,FWHM,FWHMerr
HI_6563,6564.61,168.811701860134,168.811701860134,5311.434255994518,93.93882825550654,0.2692257289860016,4.5932598698801305e-06,5.330422136538116,0.058241703798249486
HI_4861,4862.683,69.0317028813522,69.0317028813522,2171.9901369008007,72.9282827135071,0.2692257289860016,4.5932598698801305e-06,5.330422136538116,0.058241703798249486
HI_4341,4341.684,26.310320100642002,26.310320100642002,827.8190073844219,68.67898046111578,0.2692257289860016,4.5932598698801305e-06,5.330422136538116,0.058241703798249486
HI_4102,4102.892,13.64735665697333,13.64735665697333,429.3958111486895,68.13261311520617,0.2692257289860016,4.5932598698801305e-06,5.330422136538116,0.058241703798249486
OIII_4363,4364.436,3.446366687171121,3.446366687171121,108.43531508334327,67.94330314556154,0.2692257289860016,4.5932598698801305e-06,5.330422136538116,0.058241703798249486
OIII_5007,5008.24,168.94544396085257,168.94544396085257,5315.64227218888,93.97434104721128,0.2692257289860016,4.5932598698801305e-06,5.330422136538116,0.058241703798249486
OIII_4959,4960.295,61.17731306347855,61.17731306347855,1924.862273850445,71.88496002661896,0.2692257289860016,4.5932598698801305e-06,5.330422136538116,0.058241703798249486
OII_3726,3727.092,101.6673884058298,101.6673884058298,3198.8283012728084,94.17953585420523,0.2692257289860016,4.5932598698801305e-06,5.330422136538116,0.058241703798249486
OII_3729,3729.875,99.00124574094389,99.00124574094389,3114.941690773636,93.96149951301317,0.2692257289860016,4.5932598698801305e-06,5.330422136538116,0.058241703798249486
OI_6300,6302.046,6.731331354545318,6.731331354545318,211.79233163945312,67.97964211543066,0.2692257289860016,4.5932598698801305e-06,5.330422136538116,0.058241703798249486
SII_6717,6718.29,20.41988937000019,20.41988937000019,642.4844883875353,68.38229002766039,0.2692257289860016,4.5932598698801305e-06,5.330422136538116,0.058241703798249486
SII_6731,6732.67,15.5456290523407,15.5456290523407,489.1224113598333,68.19266673755287,0.2692257289860016,4.5932598698801305e-06,5.330422136538116,0.058241703798249486
NII_6548,6549.85,2.6727154541326854,2.6727154541326854,84.09341451558909,67.93815739330142,0.2692257289860016,4.5932598698801305e-06,5.330422136538116,0.058241703798249486
NII_6584,6585.28,28.700186763046077,28.700186763046077,903.0129632422293,68.82023258846958,0.2692257289860016,4.5932598698801305e-06,5.330422136538116,0.058241703798249486
NII_5755,5756.24,0.2916165093871541,0.2916165093871541,9.175323158911064,67.93048114163784,0.2692257289860016,4.5932598698801305e-06,5.330422136538116,0.058241703798249486
HeI_5876,5877.594,8.30889249273605,8.30889249273605,261.42818139383996,68.00541809148953,0.2692257289860016,4.5932598698801305e-06,5.330422136538116,0.058241703798249486
HeII_4686,4687.02,0.0,0.0,0.0,10000000000.0,0.2692257289860016,4.5932598698801305e-06,5.330422136538116,0.058241703798249486
NeIII_3869,3870.16,19.264460879870853,2.1615745485153197,606.1304774084286,68.33274319241757,0.2692257289860016,4.5932598698801305e-06,5.330422136538116,0.058241703798249486
