line,wl,amp,amp_err,flux,flux_err,z,zerr,FWHM,FWHMerr
HI_6563,6564.61,9.030156334866888,9.030156334866888,209.175061764984,52.25226084266625,0.27014376901208964,2.368859103800338e-05,3.9243431762351233,0.27305133078718585
HI_4861,4862.683,3.9744051382023144,3.9744051382023144,92.06334967342441,50.167106270353365,0.27014376901208964,2.368859103800338e-05,3.9243431762351233,0.27305133078718585
HI_4341,4341.684,3.6845422737238778,3.6845422737238778,85.34894957532845,50.09516646233477,0.27014376901208964,2.368859103800338e-05,3.9243431762351233,0.27305133078718585
HI_4102,4102.892,2.5071131447613197,2.5071131447613197,58.074913374684435,49.85829127615959,0.27014376901208964,2.368859103800338e-05,3.9243431762351233,0.27305133078718585
OIII_4363,4364.436,0.0,0.0,0.0,10000000000.0,0.27014376901208964,2.368859103800338e-05,3.9243431762351233,0.27305133078718585
OIII_5007,5008.24,20.570381998271046,20.570381998271046,476.4935141160087,61.96556385380828,0.27014376901208964,2.368859103800338e-05,3.9243431762351233,0.27305133078718585
OIII_4959,4960.295,32.71450531349251,32.71450531349251,757.8006864774358,77.07814928629736,0.27014376901208964,2.368859103800338e-05,3.9243431762351233,0.27305133078718585
OII_3726,3727.092,10.252549448280092,10.252549448280092,237.49064629279798,56.96988418235142,0.27014376901208964,2.368859103800338e-05,3.9243431762351233,0.27305133078718585
OII_3729,3729.875,10.727258580800367,10.727258580800367,248.4868359968375,57.16888338719479,0.27014376901208964,2.368859103800338e-05,3.9243431762351233,0.27305133078718585
OI_6300,6302.046,0.0,0.0,0.0,10000000000.0,0.27014376901208964,2.368859103800338e-05,3.9243431762351233,0.27305133078718585
SII_6717,6718.29,3.0360318854302477,3.0360318854302477,70.32681756607643,49.95370437813974,0.27014376901208964,2.368859103800338e-05,3.9243431762351233,0.27305133078718585
SII_6731,6732.67,0.9919921706435844,0.9919921706435844,22.978563811078363,49.685353153351436,0.27014376901208964,2.368859103800338e-05,3.9243431762351233,0.27305133078718585
NII_6548,6549.85,2.8010003393827674,2.8010003393827674,64.88253328814247,49.90907095149404,0.27014376901208964,2.368859103800338e-05,3.9243431762351233,0.27305133078718585
NII_6584,6585.28,0.0,0.0,0.0,10000000000.0,0.27014376901208964,2.368859103800338e-05,3.9243431762351233,0.27305133078718585
NII_5755,5756.24,0.9855651470627436,0.9855651470627436,22.829687866450858,49.68492610579401,0.27014376901208964,2.368859103800338e-05,3.9243431762351233,0.27305133078718585
HeI_5876,5877.594,0.0,0.0,0.0,10000000000.0,0.27014376901208964,2.368859103800338e-05,3.9243431762351233,0.27305133078718585
HeII_4686,4687.02,0.0,0.0,0.0,10000000000.0,0.27014376901208964,2.368859103800338e-05,3.9243431762351233,0.27305133078718585
NeIII_3869,3870.16,10.982693901778362,2.177356208827684,254.40375449316804,53.452415262437995,0.27014376901208964,2.368859103800338e-05,3.9243431762351233,0.27305133078718585
