line,wl,amp,amp_err,flux,flux_err,z,zerr,FWHM,FWHMerr
HI_6563,6564.61,0.6602008705394837,0.6602008705394837,4.56056206314884,21.85962239321574,0.2702034168294537,2.2568327822569202e-05,1.1702930325283551,0.4817898079891806
HI_4861,4862.683,0.372189182482316,0.372189182482316,2.5710233683215318,30.275487848842033,0.2702034168294537,2.2568327822569202e-05,1.1702930325283551,0.4817898079891806
HI_4341,4341.684,0.0,0.0,0.0,10000000000.0,0.2702034168294537,2.2568327822569202e-05,1.1702930325283551,0.4817898079891806
HI_4102,4102.892,0.0,0.0,0.0,10000000000.0,0.2702034168294537,2.2568327822569202e-05,1.1702930325283551,0.4817898079891806
OIII_4363,4364.436,0.0,0.0,0.0,10000000000.0,0.2702034168294537,2.2568327822569202e-05,1.1702930325283551,0.4817898079891806
OIII_5007,5008.24,0.0,0.0,0.0,10000000000.0,0.2702034168294537,2.2568327822569202e-05,1.1702930325283551,0.4817898079891806
OIII_4959,4960.295,41.28263135903035,41.28263135903035,285.1738173097315,213.85791261913198,0.2702034168294537,2.2568327822569202e-05,1.1702930325283551,0.4817898079891806
OII_3726,3727.092,0.4849680000554599,0.4849680000554599,3.3500814094455533,31.588463559647206,0.2702034168294537,2.2568327822569202e-05,1.1702930325283551,0.4817898079891806
OII_3729,3729.875,0.0,0.0,0.0,10000000000.0,0.2702034168294537,2.2568327822569202e-05,1.1702930325283551,0.4817898079891806
OI_6300,6302.046,0.0,0.0,0.0,10000000000.0,0.2702034168294537,2.2568327822569202e-05,1.1702930325283551,0.4817898079891806
SII_6717,6718.29,0.39494842492729276,0.39494842492729276,2.728240576465701,20.365948329871568,0.2702034168294537,2.2568327822569202e-05,1.1702930325283551,0.4817898079891806
SII_6731,6732.67,2.98063460954495,2.98063460954495,20.589747349607883,32.74132653116941,0.2702034168294537,2.2568327822569202e-05,1.1702930325283551,0.4817898079891806
NII_6548,6549.85,0.0,0.0,0.0,10000000000.0,0.2702034168294537,2.2568327822569202e-05,1.1702930325283551,0.4817898079891806
NII_6584,6585.28,5.035379444953605,5.035379444953605,34.78359616740536,26.701908161949596,0.2702034168294537,2.2568327822569202e-05,1.1702930325283551,0.4817898079891806
NII_5755,5756.24,0.0,0.0,0.0,10000000000.0,0.2702034168294537,2.2568327822569202e-05,1.1702930325283551,0.4817898079891806
HeI_5876,5877.594,0.0,0.0,0.0,10000000000.0,0.2702034168294537,2.2568327822569202e-05,1.1702930325283551,0.4817898079891806
HeII_4686,4687.02,0.0,0.0,0.0,10000000000.0,0.2702034168294537,2.2568327822569202e-05,1.1702930325283551,0.4817898079891806
NeIII_3869,3870.16,5.72364700613241,3.250864516506335,39.5380384422892,27.735132054140433,0.2702034168294537,2.2568327822569202e-05,1.1702930325283551,0.4817898079891806
