line,wl,amp,amp_err,flux,flux_err,z,zerr,FWHM,FWHMerr
HI_6563,6564.61,21.73260335433008,21.73260335433008,393.10763076958574,54.26226322250939,0.26992815259774405,1.6210958432797064e-05,3.0644466310010228,0.19464232155637076
HI_4861,4862.683,3.961054517288062,3.961054517288062,71.6490671298259,46.80512272204724,0.26992815259774405,1.6210958432797064e-05,3.0644466310010228,0.19464232155637076
HI_4341,4341.684,4.3736341765160205,4.3736341765160205,79.11196560077741,46.86392057059436,0.26992815259774405,1.6210958432797064e-05,3.0644466310010228,0.19464232155637076
HI_4102,4102.892,6.110236271147642,6.110236271147642,110.5242876258844,47.185650515221205,0.26992815259774405,1.6210958432797064e-05,3.0644466310010228,0.19464232155637076
OIII_4363,4364.436,6.71117290325526,6.71117290325526,121.39425896981048,47.31822095570999,0.26992815259774405,1.6210958432797064e-05,3.0644466310010228,0.19464232155637076
OIII_5007,5008.24,30.01492134714522,30.01492134714522,542.921362256438,60.4240518344567,0.26992815259774405,1.6210958432797064e-05,3.0644466310010228,0.19464232155637076
OIII_4959,4960.295,38.36890809988904,38.36890809988904,694.0314656485062,67.78414620612112,0.26992815259774405,1.6210958432797064e-05,3.0644466310010228,0.19464232155637076
OII_3726,3727.092,14.925962446704943,14.925962446704943,269.98651007040655,51.38823554677491,0.26992815259774405,1.6210958432797064e-05,3.0644466310010228,0.19464232155637076
OII_3729,3729.875,9.484089491937652,9.484089491937652,171.55183340883556,49.4970044866763,0.26992815259774405,1.6210958432797064e-05,3.0644466310010228,0.19464232155637076
OI_6300,6302.046,2.9559232129973907,2.9559232129973907,53.467868163466285,46.68242790833178,0.26992815259774405,1.6210958432797064e-05,3.0644466310010228,0.19464232155637076
SII_6717,6718.29,3.5332334425082763,3.5332334425082763,63.910476112543535,46.7490584730599,0.26992815259774405,1.6210958432797064e-05,3.0644466310010228,0.19464232155637076
SII_6731,6732.67,1.2722664149333696,1.2722664149333696,23.013240886417893,46.555130652368234,0.26992815259774405,1.6210958432797064e-05,3.0644466310010228,0.19464232155637076
NII_6548,6549.85,0.0,0.0,0.0,10000000000.0,0.26992815259774405,1.6210958432797064e-05,3.0644466310010228,0.19464232155637076
NII_6584,6585.28,0.157223551076072,0.157223551076072,2.8439196472235446,46.5283864180887,0.26992815259774405,1.6210958432797064e-05,3.0644466310010228,0.19464232155637076
NII_5755,5756.24,0.0,0.0,0.0,10000000000.0,0.26992815259774405,1.6210958432797064e-05,3.0644466310010228,0.19464232155637076
HeI_5876,5877.594,2.803768757295188,2.803768757295188,50.715640249629566,46.667308710645315,0.26992815259774405,1.6210958432797064e-05,3.0644466310010228,0.19464232155637076
HeII_4686,4687.02,0.0,0.0,0.0,10000000000.0,0.26992815259774405,1.6210958432797064e-05,3.0644466310010228,0.19464232155637076
NeIII_3869,3870.16,3.219257712893409,2.5741792944134505,58.2311631846029,46.70940433309904,0.26992815259774405,1.6210958432797064e-05,3.0644466310010228,0.19464232155637076
