line,wl,amp,amp_err,flux,flux_err,z,zerr,FWHM,FWHMerr
HI_6563,6564.61,0.0,0.0,0.0,10000000000.0,0.27036547928442417,2.5722324862940285e-05,2.0094203005029905,0.2856563602787231
HI_4861,4862.683,0.0,0.0,0.0,10000000000.0,0.27036547928442417,2.5722324862940285e-05,2.0094203005029905,0.2856563602787231
HI_4341,4341.684,0.0,0.0,0.0,10000000000.0,0.27036547928442417,2.5722324862940285e-05,2.0094203005029905,0.2856563602787231
HI_4102,4102.892,0.0,0.0,0.0,10000000000.0,0.27036547928442417,2.5722324862940285e-05,2.0094203005029905,0.2856563602787231
OIII_4363,4364.436,4.083760297807203,4.083760297807203,48.43716166467937,40.42220676079105,0.27036547928442417,2.5722324862940285e-05,2.0094203005029905,0.2856563602787231
OIII_5007,5008.24,11.2008590937304,11.2008590937304,132.85251413939062,44.109222033130806,0.27036547928442417,2.5722324862940285e-05,2.0094203005029905,0.2856563602787231
OIII_4959,4960.295,0.0,0.0,0.0,10000000000.0,0.27036547928442417,2.5722324862940285e-05,2.0094203005029905,0.2856563602787231
OII_3726,3727.092,1.1183783414688833,1.1183783414688833,13.26499808450847,39.17000564048658,0.27036547928442417,2.5722324862940285e-05,2.0094203005029905,0.2856563602787231
OII_3729,3729.875,0.0,0.0,0.0,10000000000.0,0.27036547928442417,2.5722324862940285e-05,2.0094203005029905,0.2856563602787231
OI_6300,6302.046,0.0,0.0,0.0,10000000000.0,0.27036547928442417,2.5722324862940285e-05,2.0094203005029905,0.2856563602787231
SII_6717,6718.29,0.0,0.0,0.0,10000000000.0,0.27036547928442417,2.5722324862940285e-05,2.0094203005029905,0.2856563602787231
SII_6731,6732.67,1.4387228122145643,1.4387228122145643,17.06457881069027,39.99117814934146,0.27036547928442417,2.5722324862940285e-05,2.0094203005029905,0.2856563602787231
NII_6548,6549.85,0.0,0.0,0.0,10000000000.0,0.27036547928442417,2.5722324862940285e-05,2.0094203005029905,0.2856563602787231
NII_6584,6585.28,0.0,0.0,0.0,10000000000.0,0.27036547928442417,2.5722324862940285e-05,2.0094203005029905,0.2856563602787231
NII_5755,5756.24,0.14583414613866807,0.14583414613866807,1.7297274074930604,39.27718501808887,0.27036547928442417,2.5722324862940285e-05,2.0094203005029905,0.2856563602787231
HeI_5876,5877.594,0.22170366529269359,0.22170366529269359,2.629609843457356,39.893073625731816,0.27036547928442417,2.5722324862940285e-05,2.0094203005029905,0.2856563602787231
HeII_4686,4687.02,0.0,0.0,0.0,10000000000.0,0.27036547928442417,2.5722324862940285e-05,2.0094203005029905,0.2856563602787231
NeIII_3869,3870.16,0.0,10000000000.0,0.0,10000000000.0,0.27036547928442417,2.5722324862940285e-05,2.0094203005029905,0.2856563602787231
