line,wl,amp,amp_err,flux,flux_err,z,zerr,FWHM,FWHMerr
HI_6563,6564.61,1306.251733813715,1306.251733813715,35745.92906650022,177.06851682956255,0.26924077919590494,1.1045010605171727e-06,4.636092058464275,0.014686160138001343
HI_4861,4862.683,441.90034182792783,441.90034182792783,12092.721383285836,130.99495053271585,0.26924077919590494,1.1045010605171727e-06,4.636092058464275,0.014686160138001343
HI_4341,4341.684,170.7847469102628,170.7847469102628,4673.57040811022,124.89737431477651,0.26924077919590494,1.1045010605171727e-06,4.636092058464275,0.014686160138001343
HI_4102,4102.892,82.94776982806911,82.94776982806911,2269.887970094279,124.05645604077421,0.26924077919590494,1.1045010605171727e-06,4.636092058464275,0.014686160138001343
OIII_4363,4364.436,9.467422082699954,9.467422082699954,259.07854470191484,123.79911707880102,0.26924077919590494,1.1045010605171727e-06,4.636092058464275,0.014686160138001343
OIII_5007,5008.24,1284.1739075988135,1284.1739075988135,35141.763430282255,175.54497464235118,0.26924077919590494,1.1045010605171727e-06,4.636092058464275,0.014686160138001343
OIII_4959,4960.295,430.6335404393219,430.6335404393219,11784.402341237475,130.6419842832014,0.26924077919590494,1.1045010605171727e-06,4.636092058464275,0.014686160138001343
OII_3726,3727.092,447.065187569292,447.065187569292,12234.058772344222,148.92570550533745,0.26924077919590494,1.1045010605171727e-06,4.636092058464275,0.014686160138001343
OII_3729,3729.875,539.0487699132932,539.0487699132932,14751.2141755769,150.6958053115691,0.26924077919590494,1.1045010605171727e-06,4.636092058464275,0.014686160138001343
OI_6300,6302.046,28.856447766583187,28.856447766583187,789.6644331823363,123.82730151220055,0.26924077919590494,1.1045010605171727e-06,4.636092058464275,0.014686160138001343
SII_6717,6718.29,153.24156294709974,153.24156294709974,4193.496473420062,124.68344185103125,0.26924077919590494,1.1045010605171727e-06,4.636092058464275,0.014686160138001343
SII_6731,6732.67,113.5984220630321,113.5984220630321,3108.65128980613,124.28434332117168,0.26924077919590494,1.1045010605171727e-06,4.636092058464275,0.014686160138001343
NII_6548,6549.85,67.07602415726842,67.07602415726842,1835.5533925978377,123.96630593338692,0.26924077919590494,1.1045010605171727e-06,4.636092058464275,0.014686160138001343
NII_6584,6585.28,224.51118812577693,224.51118812577693,6143.8088828016125,125.69350465213603,0.26924077919590494,1.1045010605171727e-06,4.636092058464275,0.014686160138001343
NII_5755,5756.24,4.693277334345453,4.693277334345453,128.4327931134068,123.79656322732177,0.26924077919590494,1.1045010605171727e-06,4.636092058464275,0.014686160138001343
HeI_5876,5877.594,44.815039730351145,44.815039730351145,1226.375582780261,123.87189422885398,0.26924077919590494,1.1045010605171727e-06,4.636092058464275,0.014686160138001343
HeII_4686,4687.02,0.0,0.0,0.0,10000000000.0,0.26924077919590494,1.1045010605171727e-06,4.636092058464275,0.014686160138001343
NeIII_3869,3870.16,100.56970579162976,4.526629975398771,2752.116974398651,124.17885467530762,0.26924077919590494,1.1045010605171727e-06,4.636092058464275,0.014686160138001343
