line,wl,amp,amp_err,flux,flux_err,z,zerr,FWHM,FWHMerr
HI_6563,6564.61,19.742983311337184,19.742983311337184,69.9322269049443,126.03654648011779,0.27036225643965145,9.448582860494293e-06,0.6000907347481532,0.37676081590751426
HI_4861,4862.683,0.22360476201379242,0.22360476201379242,0.7920372877585895,10.757267042359155,0.27036225643965145,9.448582860494293e-06,0.6000907347481532,0.37676081590751426
HI_4341,4341.684,0.0,0.0,0.0,10000000000.0,0.27036225643965145,9.448582860494293e-06,0.6000907347481532,0.37676081590751426
HI_4102,4102.892,2.302568597583786,2.302568597583786,8.155998872671013,14.486922947648916,0.27036225643965145,9.448582860494293e-06,0.6000907347481532,0.37676081590751426
OIII_4363,4364.436,0.0,0.0,0.0,10000000000.0,0.27036225643965145,9.448582860494293e-06,0.6000907347481532,0.37676081590751426
OIII_5007,5008.24,0.0,0.0,0.0,10000000000.0,0.27036225643965145,9.448582860494293e-06,0.6000907347481532,0.37676081590751426
OIII_4959,4960.295,33.3232759217924,33.3232759217924,118.03539800596721,125.45281021100199,0.27036225643965145,9.448582860494293e-06,0.6000907347481532,0.37676081590751426
OII_3726,3727.092,10.832141709461098,10.832141709461098,38.368861480906475,26.63698456106508,0.27036225643965145,9.448582860494293e-06,0.6000907347481532,0.37676081590751426
OII_3729,3729.875,0.0,0.0,0.0,10000000000.0,0.27036225643965145,9.448582860494293e-06,0.6000907347481532,0.37676081590751426
OI_6300,6302.046,3.3528516515191313,3.3528516515191313,11.876238700865944,17.036670562116438,0.27036225643965145,9.448582860494293e-06,0.6000907347481532,0.37676081590751426
SII_6717,6718.29,0.028786942141096006,0.028786942141096006,0.1019671109459232,13.221321727625845,0.27036225643965145,9.448582860494293e-06,0.6000907347481532,0.37676081590751426
SII_6731,6732.67,0.0,0.0,0.0,10000000000.0,0.27036225643965145,9.448582860494293e-06,0.6000907347481532,0.37676081590751426
NII_6548,6549.85,6.363386082640773,6.363386082640773,22.539945073015364,53.15670883503856,0.27036225643965145,9.448582860494293e-06,0.6000907347481532,0.37676081590751426
NII_6584,6585.28,0.0,0.0,0.0,10000000000.0,0.27036225643965145,9.448582860494293e-06,0.6000907347481532,0.37676081590751426
NII_5755,5756.24,0.0,0.0,0.0,10000000000.0,0.27036225643965145,9.448582860494293e-06,0.6000907347481532,0.37676081590751426
HeI_5876,5877.594,14.342208800853314,14.342208800853314,50.801977814741484,232.73793722176111,0.27036225643965145,9.448582860494293e-06,0.6000907347481532,0.37676081590751426
HeII_4686,4687.02,2.1600499167107046e-12,2.1600499167107046e-12,7.651179080654756e-12,152.52308274790744,0.27036225643965145,9.448582860494293e-06,0.6000907347481532,0.37676081590751426
NeIII_3869,3870.16,19.507273400821077,36.46169862320364,69.09731159928779,136.24340925620675,0.27036225643965145,9.448582860494293e-06,0.6000907347481532,0.37676081590751426
