line,wl,amp,amp_err,flux,flux_err,z,zerr,FWHM,FWHMerr
HI_6563,6564.61,0.0,0.0,0.0,10000000000.0,0.2671430738763177,4.2064224743717074e-05,2.8864510671767993,0.5813126815469807
HI_4861,4862.683,0.0,0.0,0.0,10000000000.0,0.2671430738763177,4.2064224743717074e-05,2.8864510671767993,0.5813126815469807
HI_4341,4341.684,2.6090566542194438,2.6090566542194438,44.452415732095865,41.113935619395136,0.2671430738763177,4.2064224743717074e-05,2.8864510671767993,0.5813126815469807
HI_4102,4102.892,0.0,0.0,0.0,10000000000.0,0.2671430738763177,4.2064224743717074e-05,2.8864510671767993,0.5813126815469807
OIII_4363,4364.436,0.0,0.0,0.0,10000000000.0,0.2671430738763177,4.2064224743717074e-05,2.8864510671767993,0.5813126815469807
OIII_5007,5008.24,1.2559094199260699,1.2559094199260699,21.397851812118372,40.16095037720019,0.2671430738763177,4.2064224743717074e-05,2.8864510671767993,0.5813126815469807
OIII_4959,4960.295,0.0,0.0,0.0,10000000000.0,0.2671430738763177,4.2064224743717074e-05,2.8864510671767993,0.5813126815469807
OII_3726,3727.092,1.3981691134360972,1.3981691134360972,23.821634763554574,41.45991017422108,0.2671430738763177,4.2064224743717074e-05,2.8864510671767993,0.5813126815469807
OII_3729,3729.875,6.82810702049062,6.82810702049062,116.33547759387304,48.10027229611516,0.2671430738763177,4.2064224743717074e-05,2.8864510671767993,0.5813126815469807
OI_6300,6302.046,0.0,0.0,0.0,10000000000.0,0.2671430738763177,4.2064224743717074e-05,2.8864510671767993,0.5813126815469807
SII_6717,6718.29,4.602932994789285,4.602932994789285,78.42355233660817,43.61495424996364,0.2671430738763177,4.2064224743717074e-05,2.8864510671767993,0.5813126815469807
SII_6731,6732.67,0.7296188690364716,0.7296188690364716,12.431052901798322,39.97031035874488,0.2671430738763177,4.2064224743717074e-05,2.8864510671767993,0.5813126815469807
NII_6548,6549.85,9.3323471311611,9.3323471311611,159.0020568390898,53.57906146994397,0.2671430738763177,4.2064224743717074e-05,2.8864510671767993,0.5813126815469807
NII_6584,6585.28,7.156160636272148,7.156160636272148,121.92476814743539,48.40766388116122,0.2671430738763177,4.2064224743717074e-05,2.8864510671767993,0.5813126815469807
NII_5755,5756.24,2.685246672691619,2.685246672691619,45.75052107230913,41.18466985810026,0.2671430738763177,4.2064224743717074e-05,2.8864510671767993,0.5813126815469807
HeI_5876,5877.594,0.0,0.0,0.0,10000000000.0,0.2671430738763177,4.2064224743717074e-05,2.8864510671767993,0.5813126815469807
HeII_4686,4687.02,0.0,0.0,0.0,10000000000.0,0.2671430738763177,4.2064224743717074e-05,2.8864510671767993,0.5813126815469807
NeIII_3869,3870.16,0.6871295163373361,2.3414870294056755,11.707130572509278,39.96324668926795,0.2671430738763177,4.2064224743717074e-05,2.8864510671767993,0.5813126815469807
