line,wl,amp,amp_err,flux,flux_err,z,zerr,FWHM,FWHMerr
HI_6563,6564.61,0.0,0.0,0.0,10000000000.0,0.2700070399151065,7.801580607772425e-06,0.4086924838798883,0.6112422912023777
HI_4861,4862.683,0.0,0.0,0.0,10000000000.0,0.2700070399151065,7.801580607772425e-06,0.4086924838798883,0.6112422912023777
HI_4341,4341.684,0.0,0.0,0.0,10000000000.0,0.2700070399151065,7.801580607772425e-06,0.4086924838798883,0.6112422912023777
HI_4102,4102.892,3.96282937685055,3.96282937685055,9.55981928943586,113.12384993761027,0.2700070399151065,7.801580607772425e-06,0.4086924838798883,0.6112422912023777
OIII_4363,4364.436,864.5827478019992,864.5827478019992,2085.6953564626606,28836.369085069,0.2700070399151065,7.801580607772425e-06,0.4086924838798883,0.6112422912023777
OIII_5007,5008.24,0.0,0.0,0.0,10000000000.0,0.2700070399151065,7.801580607772425e-06,0.4086924838798883,0.6112422912023777
OIII_4959,4960.295,69.28970848255085,69.28970848255085,167.15256417053104,506.7862675595838,0.2700070399151065,7.801580607772425e-06,0.4086924838798883,0.6112422912023777
OII_3726,3727.092,15.866470931639128,15.866470931639128,38.275832856600275,73.91961724388946,0.2700070399151065,7.801580607772425e-06,0.4086924838798883,0.6112422912023777
OII_3729,3729.875,11.597789432377681,11.597789432377681,27.978184419985148,207.47809760326203,0.2700070399151065,7.801580607772425e-06,0.4086924838798883,0.6112422912023777
OI_6300,6302.046,3.5774791284742378,3.5774791284742378,8.630211075886043,15.56670188273017,0.2700070399151065,7.801580607772425e-06,0.4086924838798883,0.6112422912023777
SII_6717,6718.29,0.0,0.0,0.0,10000000000.0,0.2700070399151065,7.801580607772425e-06,0.4086924838798883,0.6112422912023777
SII_6731,6732.67,182.92769278101719,182.92769278101719,441.2896745531307,6873.19820271857,0.2700070399151065,7.801580607772425e-06,0.4086924838798883,0.6112422912023777
NII_6548,6549.85,3.551436433670119,3.551436433670119,8.567386403799059,32.97967576544122,0.2700070399151065,7.801580607772425e-06,0.4086924838798883,0.6112422912023777
NII_6584,6585.28,0.0,0.0,0.0,10000000000.0,0.2700070399151065,7.801580607772425e-06,0.4086924838798883,0.6112422912023777
NII_5755,5756.24,2606.3886709085173,2606.3886709085173,6287.579484868145,122559.80731289601,0.2700070399151065,7.801580607772425e-06,0.4086924838798883,0.6112422912023777
HeI_5876,5877.594,0.20000630308447853,0.20000630308447853,0.4824896386922744,21.82900119612216,0.2700070399151065,7.801580607772425e-06,0.4086924838798883,0.6112422912023777
HeII_4686,4687.02,0.0,0.0,0.0,10000000000.0,0.2700070399151065,7.801580607772425e-06,0.4086924838798883,0.6112422912023777
NeIII_3869,3870.16,19.396250872964515,83.92509781043456,46.79097574104216,214.21200634285773,0.2700070399151065,7.801580607772425e-06,0.4086924838798883,0.6112422912023777
