line,wl,amp,amp_err,flux,flux_err,z,zerr,FWHM,FWHMerr
HI_6563,6564.61,0.0,0.0,0.0,10000000000.0,0.27017681239998054,6.6027414363019735e-06,0.38405367467712614,1.8370029293495187
HI_4861,4862.683,9.549290995489628,9.549290995489628,21.647647668560534,613.2766366620489,0.27017681239998054,6.6027414363019735e-06,0.38405367467712614,1.8370029293495187
HI_4341,4341.684,0.591003834832236,0.591003834832236,1.3397688679986026,11.71321785153655,0.27017681239998054,6.6027414363019735e-06,0.38405367467712614,1.8370029293495187
HI_4102,4102.892,0.0,0.0,0.0,10000000000.0,0.27017681239998054,6.6027414363019735e-06,0.38405367467712614,1.8370029293495187
OIII_4363,4364.436,4.900037004683213,4.900037004683213,11.10807856733997,53.60790276466545,0.27017681239998054,6.6027414363019735e-06,0.38405367467712614,1.8370029293495187
OIII_5007,5008.24,0.9761073275285526,0.9761073275285526,2.212774490066201,41.641542324519236,0.27017681239998054,6.6027414363019735e-06,0.38405367467712614,1.8370029293495187
OIII_4959,4960.295,34237.14599132095,34237.14599132095,77613.47663897258,5465904.058361536,0.27017681239998054,6.6027414363019735e-06,0.38405367467712614,1.8370029293495187
OII_3726,3727.092,366.5601204608256,366.5601204608256,830.9689526509391,35860.10427978333,0.27017681239998054,6.6027414363019735e-06,0.38405367467712614,1.8370029293495187
OII_3729,3729.875,19.878206483175518,19.878206483175518,45.06265548237338,642.7144015307384,0.27017681239998054,6.6027414363019735e-06,0.38405367467712614,1.8370029293495187
OI_6300,6302.046,0.0677612316540035,0.0677612316540035,0.15361048994385232,8.931599631179507,0.27017681239998054,6.6027414363019735e-06,0.38405367467712614,1.8370029293495187
SII_6717,6718.29,0.0,0.0,0.0,10000000000.0,0.27017681239998054,6.6027414363019735e-06,0.38405367467712614,1.8370029293495187
SII_6731,6732.67,0.0,0.0,0.0,10000000000.0,0.27017681239998054,6.6027414363019735e-06,0.38405367467712614,1.8370029293495187
NII_6548,6549.85,0.0,0.0,0.0,10000000000.0,0.27017681239998054,6.6027414363019735e-06,0.38405367467712614,1.8370029293495187
NII_6584,6585.28,51.464681031432974,51.464681031432974,116.66722512378398,2712.031363872956,0.27017681239998054,6.6027414363019735e-06,0.38405367467712614,1.8370029293495187
NII_5755,5756.24,22.321780124557563,22.321780124557563,50.6020846678286,1248.2196402204163,0.27017681239998054,6.6027414363019735e-06,0.38405367467712614,1.8370029293495187
HeI_5876,5877.594,143.82782940227116,143.82782940227116,326.04872731439417,14321.662343742391,0.27017681239998054,6.6027414363019735e-06,0.38405367467712614,1.8370029293495187
HeII_4686,4687.02,0.0,0.0,0.0,10000000000.0,0.27017681239998054,6.6027414363019735e-06,0.38405367467712614,1.8370029293495187
NeIII_3869,3870.16,28.30470494843439,428.11507726329666,64.16500244632587,1017.8831056983533,0.27017681239998054,6.6027414363019735e-06,0.38405367467712614,1.8370029293495187
