line,wl,amp,amp_err,flux,flux_err,z,zerr,FWHM,FWHMerr
HI_6563,6564.61,0.0,0.0,0.0,10000000000.0,0.2701298505892283,1.978934949872076e-05,1.7019527355981863,0.26644579459226414
HI_4861,4862.683,1.7348682423372566,1.7348682423372566,17.428565806494507,30.10437428044312,0.2701298505892283,1.978934949872076e-05,1.7019527355981863,0.26644579459226414
HI_4341,4341.684,0.5394081397739683,0.5394081397739683,5.418918873022881,30.823708814385014,0.2701298505892283,1.978934949872076e-05,1.7019527355981863,0.26644579459226414
HI_4102,4102.892,0.0,0.0,0.0,10000000000.0,0.2701298505892283,1.978934949872076e-05,1.7019527355981863,0.26644579459226414
OIII_4363,4364.436,0.0,0.0,0.0,10000000000.0,0.2701298505892283,1.978934949872076e-05,1.7019527355981863,0.26644579459226414
OIII_5007,5008.24,0.9312183566172507,0.9312183566172507,9.355062253404467,29.702553064339494,0.2701298505892283,1.978934949872076e-05,1.7019527355981863,0.26644579459226414
OIII_4959,4960.295,35.714382071908176,35.714382071908176,358.7883177456514,74.37760631670763,0.2701298505892283,1.978934949872076e-05,1.7019527355981863,0.26644579459226414
OII_3726,3727.092,13.445441452652403,13.445441452652403,135.0735205338822,39.12241474686552,0.2701298505892283,1.978934949872076e-05,1.7019527355981863,0.26644579459226414
OII_3729,3729.875,3.124544362911365,3.124544362911365,31.38931575054213,30.223461358655054,0.2701298505892283,1.978934949872076e-05,1.7019527355981863,0.26644579459226414
OI_6300,6302.046,0.0015480750981851088,0.0015480750981851088,0.015552033326614777,31.289195512218843,0.2701298505892283,1.978934949872076e-05,1.7019527355981863,0.26644579459226414
SII_6717,6718.29,1.213252919777915,1.213252919777915,12.188394389987558,31.684871200382638,0.2701298505892283,1.978934949872076e-05,1.7019527355981863,0.26644579459226414
SII_6731,6732.67,1.795620803895872,1.795620803895872,18.03888882192475,30.74446379940693,0.2701298505892283,1.978934949872076e-05,1.7019527355981863,0.26644579459226414
NII_6548,6549.85,0.0,0.0,0.0,10000000000.0,0.2701298505892283,1.978934949872076e-05,1.7019527355981863,0.26644579459226414
NII_6584,6585.28,0.2557785702881574,0.2557785702881574,2.5695632298580233,31.900645297541377,0.2701298505892283,1.978934949872076e-05,1.7019527355981863,0.26644579459226414
NII_5755,5756.24,0.0,0.0,0.0,10000000000.0,0.2701298505892283,1.978934949872076e-05,1.7019527355981863,0.26644579459226414
HeI_5876,5877.594,0.0,0.0,0.0,10000000000.0,0.2701298505892283,1.978934949872076e-05,1.7019527355981863,0.26644579459226414
HeII_4686,4687.02,0.0,0.0,0.0,10000000000.0,0.2701298505892283,1.978934949872076e-05,1.7019527355981863,0.26644579459226414
NeIII_3869,3870.16,3.962155764081672,3.1696271676850456,39.803998243028985,32.44622838602445,0.2701298505892283,1.978934949872076e-05,1.7019527355981863,0.26644579459226414
