line,wl,amp,amp_err,flux,flux_err,z,zerr,FWHM,FWHMerr
HI_6563,6564.61,140.57953655030883,140.57953655030883,4099.157726615807,86.53713559853055,0.26919232654213443,5.045575196208995e-06,4.939976283397487,0.06314109886455539
HI_4861,4862.683,63.355801100149165,63.355801100149165,1847.3913627725658,68.95098658037925,0.26919232654213443,5.045575196208995e-06,4.939976283397487,0.06314109886455539
HI_4341,4341.684,27.140548333371726,27.140548333371726,791.3910597188271,64.69306562517777,0.26919232654213443,5.045575196208995e-06,4.939976283397487,0.06314109886455539
HI_4102,4102.892,17.41360587553254,17.41360587553254,507.76321237470194,64.10885648357969,0.26919232654213443,5.045575196208995e-06,4.939976283397487,0.06314109886455539
OIII_4363,4364.436,7.222306147124868,7.222306147124868,210.59517461403033,63.76795526353419,0.26919232654213443,5.045575196208995e-06,4.939976283397487,0.06314109886455539
OIII_5007,5008.24,146.88251494556903,146.88251494556903,4282.946229719723,88.33606694685234,0.26919232654213443,5.045575196208995e-06,4.939976283397487,0.06314109886455539
OIII_4959,4960.295,49.44597207309448,49.44597207309448,1441.7947551059087,66.94627484311937,0.26919232654213443,5.045575196208995e-06,4.939976283397487,0.06314109886455539
OII_3726,3727.092,85.10049068152807,85.10049068152807,2481.4446147440794,87.19188794676607,0.26919232654213443,5.045575196208995e-06,4.939976283397487,0.06314109886455539
OII_3729,3729.875,109.02905007592904,109.02905007592904,3179.1773113748004,89.66397309597903,0.26919232654213443,5.045575196208995e-06,4.939976283397487,0.06314109886455539
OI_6300,6302.046,6.1106568694145835,6.1106568694145835,178.1806010720109,63.74776860948076,0.26919232654213443,5.045575196208995e-06,4.939976283397487,0.06314109886455539
SII_6717,6718.29,17.570442902437208,17.570442902437208,512.3364221492672,64.11628485833695,0.26919232654213443,5.045575196208995e-06,4.939976283397487,0.06314109886455539
SII_6731,6732.67,15.96955766612541,15.96955766612541,465.656220699718,64.04353137318844,0.26919232654213443,5.045575196208995e-06,4.939976283397487,0.06314109886455539
NII_6548,6549.85,3.202132984176842,3.202132984176842,93.37097337095327,63.71087046318459,0.26919232654213443,5.045575196208995e-06,4.939976283397487,0.06314109886455539
NII_6584,6585.28,20.108258624101154,20.108258624101154,586.3365730920253,64.24563309072302,0.26919232654213443,5.045575196208995e-06,4.939976283397487,0.06314109886455539
NII_5755,5756.24,0.0,0.0,0.0,10000000000.0,0.26919232654213443,5.045575196208995e-06,4.939976283397487,0.06314109886455539
HeI_5876,5877.594,2.340058166222434,2.340058166222434,68.23373976174939,63.704365704295036,0.26919232654213443,5.045575196208995e-06,4.939976283397487,0.06314109886455539
HeII_4686,4687.02,0.0,0.0,0.0,10000000000.0,0.26919232654213443,5.045575196208995e-06,4.939976283397487,0.06314109886455539
NeIII_3869,3870.16,13.614137376218082,2.186200063592321,396.9745368804946,63.94900665538211,0.26919232654213443,5.045575196208995e-06,4.939976283397487,0.06314109886455539
