line,wl,amp,amp_err,flux,flux_err,z,zerr,FWHM,FWHMerr
HI_6563,6564.61,0.0,0.0,0.0,10000000000.0,0.27024270881930246,3.289305274792096e-05,2.5173710691546014,0.37951050726999486
HI_4861,4862.683,0.0,0.0,0.0,10000000000.0,0.27024270881930246,3.289305274792096e-05,2.5173710691546014,0.37951050726999486
HI_4341,4341.684,0.0,0.0,0.0,10000000000.0,0.27024270881930246,3.289305274792096e-05,2.5173710691546014,0.37951050726999486
HI_4102,4102.892,2.7361498562355564,2.7361498562355564,40.65694802400506,39.180468463264184,0.27024270881930246,3.289305274792096e-05,2.5173710691546014,0.37951050726999486
OIII_4363,4364.436,0.0,0.0,0.0,10000000000.0,0.27024270881930246,3.289305274792096e-05,2.5173710691546014,0.37951050726999486
OIII_5007,5008.24,5.8661933053296025,5.8661933053296025,87.1668325366092,41.29685478055246,0.27024270881930246,3.289305274792096e-05,2.5173710691546014,0.37951050726999486
OIII_4959,4960.295,14.89717443083498,14.89717443083498,221.35982251070547,53.63686147112947,0.27024270881930246,3.289305274792096e-05,2.5173710691546014,0.37951050726999486
OII_3726,3727.092,16.3254740041574,16.3254740041574,242.58318547196242,56.14426644356324,0.27024270881930246,3.289305274792096e-05,2.5173710691546014,0.37951050726999486
OII_3729,3729.875,0.0,0.0,0.0,10000000000.0,0.27024270881930246,3.289305274792096e-05,2.5173710691546014,0.37951050726999486
OI_6300,6302.046,2.6043993245792763,2.6043993245792763,38.6992429277447,39.089595995472216,0.27024270881930246,3.289305274792096e-05,2.5173710691546014,0.37951050726999486
SII_6717,6718.29,1.8089969374982502,1.8089969374982502,26.880214289373665,38.804495209672524,0.27024270881930246,3.289305274792096e-05,2.5173710691546014,0.37951050726999486
SII_6731,6732.67,0.0,0.0,0.0,10000000000.0,0.27024270881930246,3.289305274792096e-05,2.5173710691546014,0.37951050726999486
NII_6548,6549.85,1.1322598476014036,1.1322598476014036,16.824454869929117,38.62132576168767,0.27024270881930246,3.289305274792096e-05,2.5173710691546014,0.37951050726999486
NII_6584,6585.28,7.845502941843051,7.845502941843051,116.57775417591424,43.2035696457328,0.27024270881930246,3.289305274792096e-05,2.5173710691546014,0.37951050726999486
NII_5755,5756.24,1.1719905219948714,1.1719905219948714,17.414820182009024,38.67983893456623,0.27024270881930246,3.289305274792096e-05,2.5173710691546014,0.37951050726999486
HeI_5876,5877.594,2.8852423903231283,2.8852423903231283,42.872341086395785,39.187225102530185,0.27024270881930246,3.289305274792096e-05,2.5173710691546014,0.37951050726999486
HeII_4686,4687.02,0.0,0.0,0.0,10000000000.0,0.27024270881930246,3.289305274792096e-05,2.5173710691546014,0.37951050726999486
NeIII_3869,3870.16,2.286006162097692,2.597594771538503,33.9681810567322,38.93635556923594,0.27024270881930246,3.289305274792096e-05,2.5173710691546014,0.37951050726999486
