line,wl,amp,amp_err,flux,flux_err,z,zerr,FWHM,FWHMerr
HI_6563,6564.61,9.074881460716938,9.074881460716938,311.00713176831033,75.08887360785629,0.26923881198705657,6.202944852195036e-05,5.80606280038915,0.7453385605600608
HI_4861,4862.683,3.849715993386667,3.849715993386667,131.93440976706597,63.28531989200664,0.26923881198705657,6.202944852195036e-05,5.80606280038915,0.7453385605600608
HI_4341,4341.684,2.3193269072344265,2.3193269072344265,79.48613016869734,61.45437462304303,0.26923881198705657,6.202944852195036e-05,5.80606280038915,0.7453385605600608
HI_4102,4102.892,2.5847632697716563,2.5847632697716563,88.58295442332462,61.71038726291923,0.26923881198705657,6.202944852195036e-05,5.80606280038915,0.7453385605600608
OIII_4363,4364.436,0.0,0.0,0.0,10000000000.0,0.26923881198705657,6.202944852195036e-05,5.80606280038915,0.7453385605600608
OIII_5007,5008.24,8.93219333351567,8.93219333351567,306.11703757034684,74.67391122037016,0.26923881198705657,6.202944852195036e-05,5.80606280038915,0.7453385605600608
OIII_4959,4960.295,0.5296089029304767,0.5296089029304767,18.15033580023825,60.44292105628989,0.26923881198705657,6.202944852195036e-05,5.80606280038915,0.7453385605600608
OII_3726,3727.092,0.0,0.0,0.0,10000000000.0,0.26923881198705657,6.202944852195036e-05,5.80606280038915,0.7453385605600608
OII_3729,3729.875,12.599163616846795,12.599163616846795,431.78853146646026,94.5796460948392,0.26923881198705657,6.202944852195036e-05,5.80606280038915,0.7453385605600608
OI_6300,6302.046,4.030339850549126,4.030339850549126,138.12460718046418,63.55619854090995,0.26923881198705657,6.202944852195036e-05,5.80606280038915,0.7453385605600608
SII_6717,6718.29,3.2823040945251023,3.2823040945251023,112.48851970667897,62.50718458927436,0.26923881198705657,6.202944852195036e-05,5.80606280038915,0.7453385605600608
SII_6731,6732.67,2.9609262386824184,2.9609262386824184,101.47451301225034,62.11779196611164,0.26923881198705657,6.202944852195036e-05,5.80606280038915,0.7453385605600608
NII_6548,6549.85,3.3059085721338306,3.3059085721338306,113.29747362081639,62.5370316512271,0.26923881198705657,6.202944852195036e-05,5.80606280038915,0.7453385605600608
NII_6584,6585.28,2.270038288439764,2.270038288439764,77.7969497616027,61.40972354766342,0.26923881198705657,6.202944852195036e-05,5.80606280038915,0.7453385605600608
NII_5755,5756.24,0.0,0.0,0.0,10000000000.0,0.26923881198705657,6.202944852195036e-05,5.80606280038915,0.7453385605600608
HeI_5876,5877.594,0.9923793752631127,0.9923793752631127,34.01003797819583,60.58368853814461,0.26923881198705657,6.202944852195036e-05,5.80606280038915,0.7453385605600608
HeII_4686,4687.02,0.0,0.0,0.0,10000000000.0,0.26923881198705657,6.202944852195036e-05,5.80606280038915,0.7453385605600608
NeIII_3869,3870.16,3.1819473015616495,1.7738145040489854,109.04917138371324,62.38177829455366,0.26923881198705657,6.202944852195036e-05,5.80606280038915,0.7453385605600608
