line,wl,amp,amp_err,flux,flux_err,z,zerr,FWHM,FWHMerr
HI_6563,6564.61,17.623473519667186,17.623473519667186,428.23095877099644,57.02660276899206,0.2700274995198998,2.2469282912093994e-05,4.116602113888385,0.27377469954503053
HI_4861,4862.683,5.184736075319961,5.184736075319961,125.98336519932359,48.22738209405477,0.2700274995198998,2.2469282912093994e-05,4.116602113888385,0.27377469954503053
HI_4341,4341.684,3.102231754025297,3.102231754025297,75.38080826538278,47.639766946614934,0.2700274995198998,2.2469282912093994e-05,4.116602113888385,0.27377469954503053
HI_4102,4102.892,2.9637731245619534,2.9637731245619534,72.0164163605158,47.61096223264369,0.2700274995198998,2.2469282912093994e-05,4.116602113888385,0.27377469954503053
OIII_4363,4364.436,0.0,0.0,0.0,10000000000.0,0.2700274995198998,2.2469282912093994e-05,4.116602113888385,0.27377469954503053
OIII_5007,5008.24,25.5636308637022,25.5636308637022,621.1680201530306,66.11635566916587,0.2700274995198998,2.2469282912093994e-05,4.116602113888385,0.27377469954503053
OIII_4959,4960.295,22.090451634734563,22.090451634734563,536.7735975924315,61.893710258503184,0.2700274995198998,2.2469282912093994e-05,4.116602113888385,0.27377469954503053
OII_3726,3727.092,14.172058275488098,14.172058275488098,344.3653770238883,58.00891143205654,0.2700274995198998,2.2469282912093994e-05,4.116602113888385,0.27377469954503053
OII_3729,3729.875,9.97043359709653,9.97043359709653,242.27053389233524,56.05838469980509,0.2700274995198998,2.2469282912093994e-05,4.116602113888385,0.27377469954503053
OI_6300,6302.046,0.27894071730474934,0.27894071730474934,6.777951615405388,47.3115731752814,0.2700274995198998,2.2469282912093994e-05,4.116602113888385,0.27377469954503053
SII_6717,6718.29,2.882078813232738,2.882078813232738,70.03133474606533,47.59457586546922,0.2700274995198998,2.2469282912093994e-05,4.116602113888385,0.27377469954503053
SII_6731,6732.67,0.0,0.0,0.0,10000000000.0,0.2700274995198998,2.2469282912093994e-05,4.116602113888385,0.27377469954503053
NII_6548,6549.85,2.12875436800482,2.12875436800482,51.72638203140478,47.46497303238263,0.2700274995198998,2.2469282912093994e-05,4.116602113888385,0.27377469954503053
NII_6584,6585.28,3.0501794422727926,3.0501794422727926,74.11599453027283,47.6287824805968,0.2700274995198998,2.2469282912093994e-05,4.116602113888385,0.27377469954503053
NII_5755,5756.24,0.0,0.0,0.0,10000000000.0,0.2700274995198998,2.2469282912093994e-05,4.116602113888385,0.27377469954503053
HeI_5876,5877.594,2.718295664462744,2.718295664462744,66.05158496801863,47.56311749495565,0.2700274995198998,2.2469282912093994e-05,4.116602113888385,0.27377469954503053
HeII_4686,4687.02,0.0,0.0,0.0,10000000000.0,0.2700274995198998,2.2469282912093994e-05,4.116602113888385,0.27377469954503053
NeIII_3869,3870.16,5.951864755680617,1.9569864203580947,144.62374559453735,48.51557096138337,0.2700274995198998,2.2469282912093994e-05,4.116602113888385,0.27377469954503053
