line,wl,amp,amp_err,flux,flux_err,z,zerr,FWHM,FWHMerr
HI_6563,6564.61,8.339364994877997,8.339364994877997,418.16350853087636,94.45969197307817,0.2692905909083127,9.528226651813414e-05,8.495041218907902,1.0994870629730324
HI_4861,4862.683,2.564714653260353,2.564714653260353,128.60332632599793,74.92423313819191,0.2692905909083127,9.528226651813414e-05,8.495041218907902,1.0994870629730324
HI_4341,4341.684,0.1671621846810467,0.1671621846810467,8.382068141021023,72.5869833657326,0.2692905909083127,9.528226651813414e-05,8.495041218907902,1.0994870629730324
HI_4102,4102.892,0.0,0.0,0.0,10000000000.0,0.2692905909083127,9.528226651813414e-05,8.495041218907902,1.0994870629730324
OIII_4363,4364.436,1.7564890465645249,1.7564890465645249,88.07620518571883,73.68741277119007,0.2692905909083127,9.528226651813414e-05,8.495041218907902,1.0994870629730324
OIII_5007,5008.24,5.86060288479996,5.86060288479996,293.8701287111585,84.11681458004709,0.2692905909083127,9.528226651813414e-05,8.495041218907902,1.0994870629730324
OIII_4959,4960.295,5.864122045236172,5.864122045236172,294.0465911247827,84.13227216290692,0.2692905909083127,9.528226651813414e-05,8.495041218907902,1.0994870629730324
OII_3726,3727.092,7.548257975418892,7.548257975418892,378.49477031356525,136.8387283977271,0.2692905909083127,9.528226651813414e-05,8.495041218907902,1.0994870629730324
OII_3729,3729.875,3.6308538192749893,3.6308538192749893,182.06309148997434,133.98636367783303,0.2692905909083127,9.528226651813414e-05,8.495041218907902,1.0994870629730324
OI_6300,6302.046,1.8044811084065486,1.8044811084065486,90.48268685114749,73.74836691543018,0.2692905909083127,9.528226651813414e-05,8.495041218907902,1.0994870629730324
SII_6717,6718.29,1.5056585917296843,1.5056585917296843,75.49873158856194,73.38502963152811,0.2692905909083127,9.528226651813414e-05,8.495041218907902,1.0994870629730324
SII_6731,6732.67,0.0,0.0,0.0,10000000000.0,0.2692905909083127,9.528226651813414e-05,8.495041218907902,1.0994870629730324
NII_6548,6549.85,0.0,0.0,0.0,10000000000.0,0.2692905909083127,9.528226651813414e-05,8.495041218907902,1.0994870629730324
NII_6584,6585.28,1.3098618239109783,1.3098618239109783,65.68083017276317,73.19641574004868,0.2692905909083127,9.528226651813414e-05,8.495041218907902,1.0994870629730324
NII_5755,5756.24,0.0,0.0,0.0,10000000000.0,0.2692905909083127,9.528226651813414e-05,8.495041218907902,1.0994870629730324
HeI_5876,5877.594,0.0,0.0,0.0,10000000000.0,0.2692905909083127,9.528226651813414e-05,8.495041218907902,1.0994870629730324
HeII_4686,4687.02,0.0,0.0,0.0,10000000000.0,0.2692905909083127,9.528226651813414e-05,8.495041218907902,1.0994870629730324
NeIII_3869,3870.16,3.8188297240861857,1.468325991631402,191.48882881210793,77.68613574020488,0.2692905909083127,9.528226651813414e-05,8.495041218907902,1.0994870629730324
