line,wl,amp,amp_err,flux,flux_err,z,zerr,FWHM,FWHMerr
HI_6563,6564.61,0.5147836150398462,0.5147836150398462,6.047128921836571,34.670238503117545,0.2700509245161091,1.809410205768268e-05,1.9901089557286378,0.1572025850665784
HI_4861,4862.683,1.3859069394563903,1.3859069394563903,16.28015673325586,34.89450690693134,0.2700509245161091,1.809410205768268e-05,1.9901089557286378,0.1572025850665784
HI_4341,4341.684,1.36882303927473,1.36882303927473,16.079473292936395,35.439138332971545,0.2700509245161091,1.809410205768268e-05,1.9901089557286378,0.1572025850665784
HI_4102,4102.892,2.3203432859006625,2.3203432859006625,27.256918407694698,34.9012509066902,0.2700509245161091,1.809410205768268e-05,1.9901089557286378,0.1572025850665784
OIII_4363,4364.436,5.480225453139042,5.480225453139042,64.37584427254333,35.8575219976775,0.2700509245161091,1.809410205768268e-05,1.9901089557286378,0.1572025850665784
OIII_5007,5008.24,0.0,0.0,0.0,10000000000.0,0.2700509245161091,1.809410205768268e-05,1.9901089557286378,0.1572025850665784
OIII_4959,4960.295,40.36925218334363,40.36925218334363,474.2149231224382,53.214730229521294,0.2700509245161091,1.809410205768268e-05,1.9901089557286378,0.1572025850665784
OII_3726,3727.092,9.298940194559236,9.298940194559236,109.23403261114906,35.92447136659208,0.2700509245161091,1.809410205768268e-05,1.9901089557286378,0.1572025850665784
OII_3729,3729.875,8.058286644446184,8.058286644446184,94.66015779136261,35.8257049312519,0.2700509245161091,1.809410205768268e-05,1.9901089557286378,0.1572025850665784
OI_6300,6302.046,0.0,0.0,0.0,10000000000.0,0.2700509245161091,1.809410205768268e-05,1.9901089557286378,0.1572025850665784
SII_6717,6718.29,0.7099570775436632,0.7099570775436632,8.339818617856642,34.90010401766314,0.2700509245161091,1.809410205768268e-05,1.9901089557286378,0.1572025850665784
SII_6731,6732.67,1.0790800994585652,1.0790800994585652,12.675882230457333,34.92092545487366,0.2700509245161091,1.809410205768268e-05,1.9901089557286378,0.1572025850665784
NII_6548,6549.85,0.9529971414092415,0.9529971414092415,11.194794099647737,34.681812011247764,0.2700509245161091,1.809410205768268e-05,1.9901089557286378,0.1572025850665784
NII_6584,6585.28,0.0,0.0,0.0,10000000000.0,0.2700509245161091,1.809410205768268e-05,1.9901089557286378,0.1572025850665784
NII_5755,5756.24,1.318289073376036,1.318289073376036,15.485854153179119,35.15053896989679,0.2700509245161091,1.809410205768268e-05,1.9901089557286378,0.1572025850665784
HeI_5876,5877.594,0.0,0.0,0.0,10000000000.0,0.2700509245161091,1.809410205768268e-05,1.9901089557286378,0.1572025850665784
HeII_4686,4687.02,0.0,0.0,0.0,10000000000.0,0.2700509245161091,1.809410205768268e-05,1.9901089557286378,0.1572025850665784
NeIII_3869,3870.16,0.0,10000000000.0,0.0,10000000000.0,0.2700509245161091,1.809410205768268e-05,1.9901089557286378,0.1572025850665784
