line,wl,amp,amp_err,flux,flux_err,z,zerr,FWHM,FWHMerr
HI_6563,6564.61,14.682201207991625,14.682201207991625,652.427025494512,88.27543891722344,0.2693413278432705,4.89786403109862e-05,7.5282340535923495,0.5615996774847185
HI_4861,4862.683,6.456599794241697,6.456599794241697,286.90930868545223,73.50637275726838,0.2693413278432705,4.89786403109862e-05,7.5282340535923495,0.5615996774847185
HI_4341,4341.684,3.3616757042149175,3.3616757042149175,149.38142103544442,70.60932734929357,0.2693413278432705,4.89786403109862e-05,7.5282340535923495,0.5615996774847185
HI_4102,4102.892,0.0,0.0,0.0,10000000000.0,0.2693413278432705,4.89786403109862e-05,7.5282340535923495,0.5615996774847185
OIII_4363,4364.436,0.15935391406890176,0.15935391406890176,7.081145305398198,69.50377111650212,0.2693413278432705,4.89786403109862e-05,7.5282340535923495,0.5615996774847185
OIII_5007,5008.24,15.776737683142528,15.776737683142528,701.064499307993,90.82904360513317,0.2693413278432705,4.89786403109862e-05,7.5282340535923495,0.5615996774847185
OIII_4959,4960.295,10.485419400043497,10.485419400043497,465.93633293277856,79.6285772656539,0.2693413278432705,4.89786403109862e-05,7.5282340535923495,0.5615996774847185
OII_3726,3727.092,16.746769573613165,16.746769573613165,744.1694133443227,121.52325608261613,0.2693413278432705,4.89786403109862e-05,7.5282340535923495,0.5615996774847185
OII_3729,3729.875,2.0791951151329613,2.0791951151329613,92.39235079073514,115.53569307220843,0.2693413278432705,4.89786403109862e-05,7.5282340535923495,0.5615996774847185
OI_6300,6302.046,0.0,0.0,0.0,10000000000.0,0.2693413278432705,4.89786403109862e-05,7.5282340535923495,0.5615996774847185
SII_6717,6718.29,1.2844293249428347,1.2844293249428347,57.07566543048398,69.66477190425067,0.2693413278432705,4.89786403109862e-05,7.5282340535923495,0.5615996774847185
SII_6731,6732.67,2.6440577424128833,2.6440577424128833,117.49292246309855,70.18945163779779,0.2693413278432705,4.89786403109862e-05,7.5282340535923495,0.5615996774847185
NII_6548,6549.85,1.683238424597448,1.683238424597448,74.79738378468952,69.78380166680262,0.2693413278432705,4.89786403109862e-05,7.5282340535923495,0.5615996774847185
NII_6584,6585.28,0.2588677563288684,0.2588677563288684,11.503201588475198,69.5079199306351,0.2693413278432705,4.89786403109862e-05,7.5282340535923495,0.5615996774847185
NII_5755,5756.24,0.0,0.0,0.0,10000000000.0,0.2693413278432705,4.89786403109862e-05,7.5282340535923495,0.5615996774847185
HeI_5876,5877.594,0.36764700445291965,0.36764700445291965,16.33698095736673,69.51464951967102,0.2693413278432705,4.89786403109862e-05,7.5282340535923495,0.5615996774847185
HeII_4686,4687.02,0.0,0.0,0.0,10000000000.0,0.2693413278432705,4.89786403109862e-05,7.5282340535923495,0.5615996774847185
NeIII_3869,3870.16,3.739441948515605,1.5702671454995765,166.1680665533643,70.86985036063543,0.2693413278432705,4.89786403109862e-05,7.5282340535923495,0.5615996774847185
