line,wl,amp,amp_err,flux,flux_err,z,zerr,FWHM,FWHMerr
HI_6563,6564.61,160.31381874408407,160.31381874408407,436.20621529543445,9832.750730231115,0.2693728951406455,4.033053504737638e-06,0.4609706044475942,1.0310131403226577
HI_4861,4862.683,12.557253338682358,12.557253338682358,34.16768433491466,131.6677218228083,0.2693728951406455,4.033053504737638e-06,0.4609706044475942,1.0310131403226577
HI_4341,4341.684,3.467747548594616,3.467747548594616,9.435574834551176,25.979063369943017,0.2693728951406455,4.033053504737638e-06,0.4609706044475942,1.0310131403226577
HI_4102,4102.892,0.0,0.0,0.0,10000000000.0,0.2693728951406455,4.033053504737638e-06,0.4609706044475942,1.0310131403226577
OIII_4363,4364.436,5.4798868157892,5.4798868157892,14.910509317843607,74.4647305264915,0.2693728951406455,4.033053504737638e-06,0.4609706044475942,1.0310131403226577
OIII_5007,5008.24,0.0,0.0,0.0,10000000000.0,0.2693728951406455,4.033053504737638e-06,0.4609706044475942,1.0310131403226577
OIII_4959,4960.295,39.99160003117413,39.99160003117413,108.8152264718664,981.5457155762396,0.2693728951406455,4.033053504737638e-06,0.4609706044475942,1.0310131403226577
OII_3726,3727.092,4.057169070660393,4.057169070660393,11.039362538993684,26.14170417626815,0.2693728951406455,4.033053504737638e-06,0.4609706044475942,1.0310131403226577
OII_3729,3729.875,15.941870005899432,15.941870005899432,43.37706402656454,162.61525141556348,0.2693728951406455,4.033053504737638e-06,0.4609706044475942,1.0310131403226577
OI_6300,6302.046,0.0,0.0,0.0,10000000000.0,0.2693728951406455,4.033053504737638e-06,0.4609706044475942,1.0310131403226577
SII_6717,6718.29,0.0,0.0,0.0,10000000000.0,0.2693728951406455,4.033053504737638e-06,0.4609706044475942,1.0310131403226577
SII_6731,6732.67,0.0,0.0,0.0,10000000000.0,0.2693728951406455,4.033053504737638e-06,0.4609706044475942,1.0310131403226577
NII_6548,6549.85,0.0,0.0,0.0,10000000000.0,0.2693728951406455,4.033053504737638e-06,0.4609706044475942,1.0310131403226577
NII_6584,6585.28,0.0,0.0,0.0,10000000000.0,0.2693728951406455,4.033053504737638e-06,0.4609706044475942,1.0310131403226577
NII_5755,5756.24,0.0,0.0,0.0,10000000000.0,0.2693728951406455,4.033053504737638e-06,0.4609706044475942,1.0310131403226577
HeI_5876,5877.594,0.028923883981065046,0.028923883981065046,0.07870050169015898,16.27678016033782,0.2693728951406455,4.033053504737638e-06,0.4609706044475942,1.0310131403226577
HeII_4686,4687.02,0.0,0.0,0.0,10000000000.0,0.2693728951406455,4.033053504737638e-06,0.4609706044475942,1.0310131403226577
NeIII_3869,3870.16,0.0,10000000000.0,0.0,10000000000.0,0.2693728951406455,4.033053504737638e-06,0.4609706044475942,1.0310131403226577
