line,wl,amp,amp_err,flux,flux_err,z,zerr,FWHM,FWHMerr
HI_6563,6564.61,62.90681379944999,62.90681379944999,1987.0001964397554,79.28561966634214,0.269176775001216,1.0404384176972035e-05,5.351217003485617,0.1312232995947029
HI_4861,4862.683,31.40883550216563,31.40883550216563,992.0922479353537,63.70598226443148,0.269176775001216,1.0404384176972035e-05,5.351217003485617,0.1312232995947029
HI_4341,4341.684,14.802993336047962,14.802993336047962,467.5733659058863,59.01680788225975,0.269176775001216,1.0404384176972035e-05,5.351217003485617,0.1312232995947029
HI_4102,4102.892,6.814898517795996,6.814898517795996,215.2581552889909,57.90927918536692,0.269176775001216,1.0404384176972035e-05,5.351217003485617,0.1312232995947029
OIII_4363,4364.436,3.911571085387891,3.911571085387891,123.55247461478903,57.707279623395635,0.269176775001216,1.0404384176972035e-05,5.351217003485617,0.1312232995947029
OIII_5007,5008.24,59.99133111590845,59.99133111590845,1894.9105750613412,77.57277788098,0.269176775001216,1.0404384176972035e-05,5.351217003485617,0.1312232995947029
OIII_4959,4960.295,18.18299807849462,18.18299807849462,574.335569895743,59.72095361810915,0.269176775001216,1.0404384176972035e-05,5.351217003485617,0.1312232995947029
OII_3726,3727.092,41.19212584391835,41.19212584391835,1301.111234222969,81.49452336207402,0.269176775001216,1.0404384176972035e-05,5.351217003485617,0.1312232995947029
OII_3729,3729.875,39.01333973982014,39.01333973982014,1232.2912105186178,81.06934684413726,0.269176775001216,1.0404384176972035e-05,5.351217003485617,0.1312232995947029
OI_6300,6302.046,0.0,0.0,0.0,10000000000.0,0.269176775001216,1.0404384176972035e-05,5.351217003485617,0.1312232995947029
SII_6717,6718.29,11.130908329370186,11.130908329370186,351.585395940127,58.4086318247709,0.269176775001216,1.0404384176972035e-05,5.351217003485617,0.1312232995947029
SII_6731,6732.67,4.562496394558934,4.562496394558934,144.1128660743511,57.74311163623439,0.269176775001216,1.0404384176972035e-05,5.351217003485617,0.1312232995947029
NII_6548,6549.85,4.424471277112502,4.424471277112502,139.75314859837113,57.73505528470966,0.269176775001216,1.0404384176972035e-05,5.351217003485617,0.1312232995947029
NII_6584,6585.28,6.746803124597818,6.746803124597818,213.10726651416306,57.9032931635568,0.269176775001216,1.0404384176972035e-05,5.351217003485617,0.1312232995947029
NII_5755,5756.24,0.0,0.0,0.0,10000000000.0,0.269176775001216,1.0404384176972035e-05,5.351217003485617,0.1312232995947029
HeI_5876,5877.594,5.550333548585627,5.550333548585627,175.31509204241766,57.80794581018358,0.269176775001216,1.0404384176972035e-05,5.351217003485617,0.1312232995947029
HeII_4686,4687.02,0.0,0.0,0.0,10000000000.0,0.269176775001216,1.0404384176972035e-05,5.351217003485617,0.1312232995947029
NeIII_3869,3870.16,10.073135492564688,1.827991825355364,318.17415306233977,58.264467839418344,0.269176775001216,1.0404384176972035e-05,5.351217003485617,0.1312232995947029
