line,wl,amp,amp_err,flux,flux_err,z,zerr,FWHM,FWHMerr
HI_6563,6564.61,28.738681134354238,28.738681134354238,329.87386560249627,86.21335806104975,0.27128170488664133,1.6318496713714697e-05,1.9446140434675891,0.3919753613067254
HI_4861,4862.683,0.0,0.0,0.0,10000000000.0,0.27128170488664133,1.6318496713714697e-05,1.9446140434675891,0.3919753613067254
HI_4341,4341.684,2.026586876595047,2.026586876595047,23.261959859478395,36.09140902807389,0.27128170488664133,1.6318496713714697e-05,1.9446140434675891,0.3919753613067254
HI_4102,4102.892,0.0,0.0,0.0,10000000000.0,0.27128170488664133,1.6318496713714697e-05,1.9446140434675891,0.3919753613067254
OIII_4363,4364.436,3.849649460624846,3.849649460624846,44.18778798004217,36.622836390182556,0.27128170488664133,1.6318496713714697e-05,1.9446140434675891,0.3919753613067254
OIII_5007,5008.24,0.0,0.0,0.0,10000000000.0,0.27128170488664133,1.6318496713714697e-05,1.9446140434675891,0.3919753613067254
OIII_4959,4960.295,0.21472743067442934,0.21472743067442934,2.464725756770803,35.32298624715289,0.27128170488664133,1.6318496713714697e-05,1.9446140434675891,0.3919753613067254
OII_3726,3727.092,0.0,0.0,0.0,10000000000.0,0.27128170488664133,1.6318496713714697e-05,1.9446140434675891,0.3919753613067254
OII_3729,3729.875,0.0,0.0,0.0,10000000000.0,0.27128170488664133,1.6318496713714697e-05,1.9446140434675891,0.3919753613067254
OI_6300,6302.046,0.13586440008236877,0.13586440008236877,1.5595049279891797,36.16185043830272,0.27128170488664133,1.6318496713714697e-05,1.9446140434675891,0.3919753613067254
SII_6717,6718.29,0.0,0.0,0.0,10000000000.0,0.27128170488664133,1.6318496713714697e-05,1.9446140434675891,0.3919753613067254
SII_6731,6732.67,0.0,0.0,0.0,10000000000.0,0.27128170488664133,1.6318496713714697e-05,1.9446140434675891,0.3919753613067254
NII_6548,6549.85,0.38682057485937094,0.38682057485937094,4.440078433902277,36.180783922287056,0.27128170488664133,1.6318496713714697e-05,1.9446140434675891,0.3919753613067254
NII_6584,6585.28,0.0,0.0,0.0,10000000000.0,0.27128170488664133,1.6318496713714697e-05,1.9446140434675891,0.3919753613067254
NII_5755,5756.24,2.967031476762145,2.967031476762145,34.05675222283663,36.89297342729735,0.27128170488664133,1.6318496713714697e-05,1.9446140434675891,0.3919753613067254
HeI_5876,5877.594,0.7273571981946816,0.7273571981946816,8.34889149994642,35.575927808330434,0.27128170488664133,1.6318496713714697e-05,1.9446140434675891,0.3919753613067254
HeII_4686,4687.02,0.0,0.0,0.0,10000000000.0,0.27128170488664133,1.6318496713714697e-05,1.9446140434675891,0.3919753613067254
NeIII_3869,3870.16,0.0,10000000000.0,0.0,10000000000.0,0.27128170488664133,1.6318496713714697e-05,1.9446140434675891,0.3919753613067254
