line,wl,amp,amp_err,flux,flux_err,z,zerr,FWHM,FWHMerr
HI_6563,6564.61,2.907712380541284,2.907712380541284,22.96020240125494,30.122310048849585,0.2701853064550594,1.0921720317387325e-05,1.337755078555725,0.3497848680623555
HI_4861,4862.683,0.0,0.0,0.0,10000000000.0,0.2701853064550594,1.0921720317387325e-05,1.337755078555725,0.3497848680623555
HI_4341,4341.684,1.004836242214651,1.004836242214651,7.93449986861149,26.52724300425546,0.2701853064550594,1.0921720317387325e-05,1.337755078555725,0.3497848680623555
HI_4102,4102.892,5.246636519057461,5.246636519057461,41.429075726172776,32.81356574192307,0.2701853064550594,1.0921720317387325e-05,1.337755078555725,0.3497848680623555
OIII_4363,4364.436,0.0,0.0,0.0,10000000000.0,0.2701853064550594,1.0921720317387325e-05,1.337755078555725,0.3497848680623555
OIII_5007,5008.24,1.7667655561911033,1.7667655561911033,13.950930992068093,29.706712026659428,0.2701853064550594,1.0921720317387325e-05,1.337755078555725,0.3497848680623555
OIII_4959,4960.295,36.22409963930454,36.22409963930454,286.0367707231178,121.44867416858375,0.2701853064550594,1.0921720317387325e-05,1.337755078555725,0.3497848680623555
OII_3726,3727.092,24.151040861866704,24.151040861866704,190.70413913710854,80.75008649411696,0.2701853064550594,1.0921720317387325e-05,1.337755078555725,0.3497848680623555
OII_3729,3729.875,7.964029828706316,7.964029828706316,62.88645947942393,34.4776779758199,0.2701853064550594,1.0921720317387325e-05,1.337755078555725,0.3497848680623555
OI_6300,6302.046,3.9228106385459114,3.9228106385459114,30.97573434207533,27.556251011183353,0.2701853064550594,1.0921720317387325e-05,1.337755078555725,0.3497848680623555
SII_6717,6718.29,0.0,0.0,0.0,10000000000.0,0.2701853064550594,1.0921720317387325e-05,1.337755078555725,0.3497848680623555
SII_6731,6732.67,0.0,0.0,0.0,10000000000.0,0.2701853064550594,1.0921720317387325e-05,1.337755078555725,0.3497848680623555
NII_6548,6549.85,0.0,0.0,0.0,10000000000.0,0.2701853064550594,1.0921720317387325e-05,1.337755078555725,0.3497848680623555
NII_6584,6585.28,0.0,0.0,0.0,10000000000.0,0.2701853064550594,1.0921720317387325e-05,1.337755078555725,0.3497848680623555
NII_5755,5756.24,1.350606403290385,1.350606403290385,10.664808731256118,31.63323722145923,0.2701853064550594,1.0921720317387325e-05,1.337755078555725,0.3497848680623555
HeI_5876,5877.594,4.043629440175778,4.043629440175778,31.929757222007634,34.06769502855679,0.2701853064550594,1.0921720317387325e-05,1.337755078555725,0.3497848680623555
HeII_4686,4687.02,0.0,0.0,0.0,10000000000.0,0.2701853064550594,1.0921720317387325e-05,1.337755078555725,0.3497848680623555
NeIII_3869,3870.16,2.9848881974522783,3.6165133993733094,23.56960668367876,29.214529663063843,0.2701853064550594,1.0921720317387325e-05,1.337755078555725,0.3497848680623555
