line,wl,amp,amp_err,flux,flux_err,z,zerr,FWHM,FWHMerr
HI_6563,6564.61,0.0,0.0,0.0,10000000000.0,0.27017325485801297,6.4616567433814086e-06,1.3114298746005293,0.3549773323983499
HI_4861,4862.683,0.0,0.0,0.0,10000000000.0,0.27017325485801297,6.4616567433814086e-06,1.3114298746005293,0.3549773323983499
HI_4341,4341.684,0.0,0.0,0.0,10000000000.0,0.27017325485801297,6.4616567433814086e-06,1.3114298746005293,0.3549773323983499
HI_4102,4102.892,0.0,0.0,0.0,10000000000.0,0.27017325485801297,6.4616567433814086e-06,1.3114298746005293,0.3549773323983499
OIII_4363,4364.436,0.0,0.0,0.0,10000000000.0,0.27017325485801297,6.4616567433814086e-06,1.3114298746005293,0.3549773323983499
OIII_5007,5008.24,0.5270531746323286,0.5270531746323286,4.07987788627727,26.758252891400083,0.27017325485801297,6.4616567433814086e-06,1.3114298746005293,0.3549773323983499
OIII_4959,4960.295,69.85454449300323,69.85454449300323,540.7386295164424,237.03546845574823,0.27017325485801297,6.4616567433814086e-06,1.3114298746005293,0.3549773323983499
OII_3726,3727.092,0.0,0.0,0.0,10000000000.0,0.27017325485801297,6.4616567433814086e-06,1.3114298746005293,0.3549773323983499
OII_3729,3729.875,14.508909349092619,14.508909349092619,112.31234580582606,42.22636885868097,0.27017325485801297,6.4616567433814086e-06,1.3114298746005293,0.3549773323983499
OI_6300,6302.046,0.0,0.0,0.0,10000000000.0,0.27017325485801297,6.4616567433814086e-06,1.3114298746005293,0.3549773323983499
SII_6717,6718.29,0.0,0.0,0.0,10000000000.0,0.27017325485801297,6.4616567433814086e-06,1.3114298746005293,0.3549773323983499
SII_6731,6732.67,0.0,0.0,0.0,10000000000.0,0.27017325485801297,6.4616567433814086e-06,1.3114298746005293,0.3549773323983499
NII_6548,6549.85,0.0,0.0,0.0,10000000000.0,0.27017325485801297,6.4616567433814086e-06,1.3114298746005293,0.3549773323983499
NII_6584,6585.28,0.0,0.0,0.0,10000000000.0,0.27017325485801297,6.4616567433814086e-06,1.3114298746005293,0.3549773323983499
NII_5755,5756.24,5.629692478654647,5.629692478654647,43.579014330437005,31.672653495672765,0.27017325485801297,6.4616567433814086e-06,1.3114298746005293,0.3549773323983499
HeI_5876,5877.594,4.030645263209749,4.030645263209749,31.20091343396113,34.28456962744474,0.27017325485801297,6.4616567433814086e-06,1.3114298746005293,0.3549773323983499
HeII_4686,4687.02,0.0,0.0,0.0,10000000000.0,0.27017325485801297,6.4616567433814086e-06,1.3114298746005293,0.3549773323983499
NeIII_3869,3870.16,0.0,10000000000.0,0.0,10000000000.0,0.27017325485801297,6.4616567433814086e-06,1.3114298746005293,0.3549773323983499
