line,wl,amp,amp_err,flux,flux_err,z,zerr,FWHM,FWHMerr
HI_6563,6564.61,22.188315436955577,22.188315436955577,576.6615917869864,70.47651339953212,0.26960277635826874,2.60789440873532e-05,4.403003563084266,0.3305167680907565
HI_4861,4862.683,9.373808519234899,9.373808519234899,243.61990693558005,55.159974431920006,0.26960277635826874,2.60789440873532e-05,4.403003563084266,0.3305167680907565
HI_4341,4341.684,1.3150083775492476,1.3150083775492476,34.17631349100825,51.310985977482055,0.26960277635826874,2.60789440873532e-05,4.403003563084266,0.3305167680907565
HI_4102,4102.892,0.7286351370938746,0.7286351370938746,18.936809294168505,51.255408407680925,0.26960277635826874,2.60789440873532e-05,4.403003563084266,0.3305167680907565
OIII_4363,4364.436,2.789941020334254,2.789941020334254,72.50896690868878,51.590919865391655,0.26960277635826874,2.60789440873532e-05,4.403003563084266,0.3305167680907565
OIII_5007,5008.24,21.88003218265999,21.88003218265999,568.649486828028,70.01541378674882,0.26960277635826874,2.60789440873532e-05,4.403003563084266,0.3305167680907565
OIII_4959,4960.295,8.88377518412301,8.88377518412301,230.88422162151366,54.772665934131865,0.26960277635826874,2.60789440873532e-05,4.403003563084266,0.3305167680907565
OII_3726,3727.092,13.884446308711972,13.884446308711972,360.8487959445276,66.80793408103456,0.26960277635826874,2.60789440873532e-05,4.403003563084266,0.3305167680907565
OII_3729,3729.875,13.915348330752636,13.915348330752636,361.6519217730763,66.8252575791217,0.26960277635826874,2.60789440873532e-05,4.403003563084266,0.3305167680907565
OI_6300,6302.046,0.0,0.0,0.0,10000000000.0,0.26960277635826874,2.60789440873532e-05,4.403003563084266,0.3305167680907565
SII_6717,6718.29,2.924207614306738,2.924207614306738,75.99847867554568,51.62630976149764,0.26960277635826874,2.60789440873532e-05,4.403003563084266,0.3305167680907565
SII_6731,6732.67,2.203556618104585,2.203556618104585,57.26917262373706,51.455730399719776,0.26960277635826874,2.60789440873532e-05,4.403003563084266,0.3305167680907565
NII_6548,6549.85,0.0,0.0,0.0,10000000000.0,0.26960277635826874,2.60789440873532e-05,4.403003563084266,0.3305167680907565
NII_6584,6585.28,1.6902362843794663,1.6902362843794663,43.928271572297454,51.3632399827729,0.26960277635826874,2.60789440873532e-05,4.403003563084266,0.3305167680907565
NII_5755,5756.24,0.36115982319859086,0.36115982319859086,9.386336656649856,51.236811515101955,0.26960277635826874,2.60789440873532e-05,4.403003563084266,0.3305167680907565
HeI_5876,5877.594,0.4207382764185468,0.4207382764185468,10.934746483779135,51.238974770931726,0.26960277635826874,2.60789440873532e-05,4.403003563084266,0.3305167680907565
HeII_4686,4687.02,0.0,0.0,0.0,10000000000.0,0.26960277635826874,2.60789440873532e-05,4.403003563084266,0.3305167680907565
NeIII_3869,3870.16,7.467226807017141,1.9910354120041733,194.06894178171953,53.75743734779877,0.26960277635826874,2.60789440873532e-05,4.403003563084266,0.3305167680907565
