line,wl,amp,amp_err,flux,flux_err,z,zerr,FWHM,FWHMerr
HI_6563,6564.61,67.29727763849155,67.29727763849155,1639.8254225019066,66.81813509528381,0.2697586579021805,7.635637332662405e-06,4.1281214014329235,0.09564551917779385
HI_4861,4862.683,29.69113882980764,29.69113882980764,723.4807407469955,54.87761700870428,0.2697586579021805,7.635637332662405e-06,4.1281214014329235,0.09564551917779385
HI_4341,4341.684,10.354002522889118,10.354002522889118,252.29484991784028,51.99085850087341,0.2697586579021805,7.635637332662405e-06,4.1281214014329235,0.09564551917779385
HI_4102,4102.892,5.66738137934783,5.66738137934783,138.0964637944425,51.70238655090813,0.2697586579021805,7.635637332662405e-06,4.1281214014329235,0.09564551917779385
OIII_4363,4364.436,0.0,0.0,0.0,10000000000.0,0.2697586579021805,7.635637332662405e-06,4.1281214014329235,0.09564551917779385
OIII_5007,5008.24,85.18896915429559,85.18896915429559,2075.790317795029,74.50887770750955,0.2697586579021805,7.635637332662405e-06,4.1281214014329235,0.09564551917779385
OIII_4959,4960.295,45.35969372298382,45.35969372298382,1105.274708486949,58.99189471382365,0.2697586579021805,7.635637332662405e-06,4.1281214014329235,0.09564551917779385
OII_3726,3727.092,29.08862292362346,29.08862292362346,708.7993013917505,61.12808396842134,0.2697586579021805,7.635637332662405e-06,4.1281214014329235,0.09564551917779385
OII_3729,3729.875,48.77205572702837,48.77205572702837,1188.4233611719915,64.40131174398789,0.2697586579021805,7.635637332662405e-06,4.1281214014329235,0.09564551917779385
OI_6300,6302.046,0.07152395785510635,0.07152395785510635,1.7428164782355864,51.57847979144383,0.2697586579021805,7.635637332662405e-06,4.1281214014329235,0.09564551917779385
SII_6717,6718.29,6.1021221459421895,6.1021221459421895,148.68974462652844,51.72206340477712,0.2697586579021805,7.635637332662405e-06,4.1281214014329235,0.09564551917779385
SII_6731,6732.67,7.717418909154958,7.717418909154958,188.04950463688465,51.80797347420737,0.2697586579021805,7.635637332662405e-06,4.1281214014329235,0.09564551917779385
NII_6548,6549.85,0.0,0.0,0.0,10000000000.0,0.2697586579021805,7.635637332662405e-06,4.1281214014329235,0.09564551917779385
NII_6584,6585.28,6.272512071967299,6.272512071967299,152.8416173654991,51.73019154391777,0.2697586579021805,7.635637332662405e-06,4.1281214014329235,0.09564551917779385
NII_5755,5756.24,0.0,0.0,0.0,10000000000.0,0.2697586579021805,7.635637332662405e-06,4.1281214014329235,0.09564551917779385
HeI_5876,5877.594,2.391305881044559,2.391305881044559,58.268689526786076,51.60053262134749,0.2697586579021805,7.635637332662405e-06,4.1281214014329235,0.09564551917779385
HeII_4686,4687.02,0.0,0.0,0.0,10000000000.0,0.2697586579021805,7.635637332662405e-06,4.1281214014329235,0.09564551917779385
NeIII_3869,3870.16,12.501503668035866,2.121691822190037,304.6227760425876,52.17857570355154,0.2697586579021805,7.635637332662405e-06,4.1281214014329235,0.09564551917779385
