line,wl,amp,amp_err,flux,flux_err,z,zerr,FWHM,FWHMerr
HI_6563,6564.61,4.903520468660986,4.903520468660986,289.4380465716376,84.64128199004318,0.2695627051961784,0.00014490309426536336,9.999999257463637,1.0213230757729699
HI_4861,4862.683,0.8708832836570082,0.8708832836570082,51.405262407808436,75.74797427963186,0.2695627051961784,0.00014490309426536336,9.999999257463637,1.0213230757729699
HI_4341,4341.684,0.0,0.0,0.0,10000000000.0,0.2695627051961784,0.00014490309426536336,9.999999257463637,1.0213230757729699
HI_4102,4102.892,0.0,0.0,0.0,10000000000.0,0.2695627051961784,0.00014490309426536336,9.999999257463637,1.0213230757729699
OIII_4363,4364.436,0.22925065422634816,0.22925065422634816,13.53188223820416,75.45882943793274,0.2695627051961784,0.00014490309426536336,9.999999257463637,1.0213230757729699
OIII_5007,5008.24,5.5261733238199895,5.5261733238199895,326.19111556386054,87.0773016827895,0.2695627051961784,0.00014490309426536336,9.999999257463637,1.0213230757729699
OIII_4959,4960.295,3.17355289381851,3.17355289381851,187.3239759371141,79.4655731881118,0.2695627051961784,0.00014490309426536336,9.999999257463637,1.0213230757729699
OII_3726,3727.092,3.7377830008133515,3.7377830008133515,220.62854987113263,153.6488244945467,0.2695627051961784,0.00014490309426536336,9.999999257463637,1.0213230757729699
OII_3729,3729.875,3.240080809896085,3.240080809896085,191.25089134310474,153.8985273229314,0.2695627051961784,0.00014490309426536336,9.999999257463637,1.0213230757729699
OI_6300,6302.046,1.0990354696571103,1.0990354696571103,64.87230582262895,75.9309183929831,0.2695627051961784,0.00014490309426536336,9.999999257463637,1.0213230757729699
SII_6717,6718.29,0.0,0.0,0.0,10000000000.0,0.2695627051961784,0.00014490309426536336,9.999999257463637,1.0213230757729699
SII_6731,6732.67,1.9876959664580909,1.9876959664580909,117.32689633638982,76.97017390634682,0.2695627051961784,0.00014490309426536336,9.999999257463637,1.0213230757729699
NII_6548,6549.85,0.0,0.0,0.0,10000000000.0,0.2695627051961784,0.00014490309426536336,9.999999257463637,1.0213230757729699
NII_6584,6585.28,2.41605805242159,2.41605805242159,142.61164556483214,77.80219212539764,0.2695627051961784,0.00014490309426536336,9.999999257463637,1.0213230757729699
NII_5755,5756.24,0.0,0.0,0.0,10000000000.0,0.2695627051961784,0.00014490309426536336,9.999999257463637,1.0213230757729699
HeI_5876,5877.594,0.6127561389539551,0.6127561389539551,36.16889967465402,75.59128262385642,0.2695627051961784,0.00014490309426536336,9.999999257463637,1.0213230757729699
HeII_4686,4687.02,0.0,0.0,0.0,10000000000.0,0.2695627051961784,0.00014490309426536336,9.999999257463637,1.0213230757729699
NeIII_3869,3870.16,0.0,10000000000.0,0.0,10000000000.0,0.2695627051961784,0.00014490309426536336,9.999999257463637,1.0213230757729699
