line,wl,amp,amp_err,flux,flux_err,z,zerr,FWHM,FWHMerr
HI_6563,6564.61,1.9972500598499892,1.9972500598499892,27.396725609811092,42.79224165173504,0.27021577751428977,2.1404487635980315e-05,2.3239060097466044,0.26136062741716365
HI_4861,4862.683,2.208482580913028,2.208482580913028,30.29424932793149,42.99567943692126,0.27021577751428977,2.1404487635980315e-05,2.3239060097466044,0.26136062741716365
HI_4341,4341.684,10.002220665958248,10.002220665958248,137.20269713979732,45.93817223291864,0.27021577751428977,2.1404487635980315e-05,2.3239060097466044,0.26136062741716365
HI_4102,4102.892,0.0,0.0,0.0,10000000000.0,0.27021577751428977,2.1404487635980315e-05,2.3239060097466044,0.26136062741716365
OIII_4363,4364.436,0.0,0.0,0.0,10000000000.0,0.27021577751428977,2.1404487635980315e-05,2.3239060097466044,0.26136062741716365
OIII_5007,5008.24,4.9875338275383,4.9875338275383,68.41511660937475,43.666535286391536,0.27021577751428977,2.1404487635980315e-05,2.3239060097466044,0.26136062741716365
OIII_4959,4960.295,34.81111240523251,34.81111240523251,477.5118118209385,74.05024711328684,0.27021577751428977,2.1404487635980315e-05,2.3239060097466044,0.26136062741716365
OII_3726,3727.092,11.211508870152443,11.211508870152443,153.7907738055594,47.32139497831254,0.27021577751428977,2.1404487635980315e-05,2.3239060097466044,0.26136062741716365
OII_3729,3729.875,5.807869809658541,5.807869809658541,79.66784868424132,44.284647435198295,0.27021577751428977,2.1404487635980315e-05,2.3239060097466044,0.26136062741716365
OI_6300,6302.046,0.0,0.0,0.0,10000000000.0,0.27021577751428977,2.1404487635980315e-05,2.3239060097466044,0.26136062741716365
SII_6717,6718.29,1.4319618817986566,1.4319618817986566,19.64254128613877,42.723336256216484,0.27021577751428977,2.1404487635980315e-05,2.3239060097466044,0.26136062741716365
SII_6731,6732.67,5.805264598910981,5.805264598910981,79.63211242595224,43.93353325295477,0.27021577751428977,2.1404487635980315e-05,2.3239060097466044,0.26136062741716365
NII_6548,6549.85,0.0,0.0,0.0,10000000000.0,0.27021577751428977,2.1404487635980315e-05,2.3239060097466044,0.26136062741716365
NII_6584,6585.28,0.0,0.0,0.0,10000000000.0,0.27021577751428977,2.1404487635980315e-05,2.3239060097466044,0.26136062741716365
NII_5755,5756.24,0.0,0.0,0.0,10000000000.0,0.27021577751428977,2.1404487635980315e-05,2.3239060097466044,0.26136062741716365
HeI_5876,5877.594,3.5691752320306023,3.5691752320306023,48.95917464266876,43.15294794629042,0.27021577751428977,2.1404487635980315e-05,2.3239060097466044,0.26136062741716365
HeII_4686,4687.02,0.0,0.0,0.0,10000000000.0,0.27021577751428977,2.1404487635980315e-05,2.3239060097466044,0.26136062741716365
NeIII_3869,3870.16,0.0,10000000000.0,0.0,10000000000.0,0.27021577751428977,2.1404487635980315e-05,2.3239060097466044,0.26136062741716365
