line,wl,amp,amp_err,flux,flux_err,z,zerr,FWHM,FWHMerr
HI_6563,6564.61,11.027845725897123,11.027845725897123,325.47961055177245,58.876415521693126,0.2691520789815885,3.8891887266406564e-05,5.00017779991334,0.4430693009431191
HI_4861,4862.683,7.951850173972957,7.951850173972957,234.6936257652637,54.47116570994197,0.2691520789815885,3.8891887266406564e-05,5.00017779991334,0.4430693009431191
HI_4341,4341.684,4.016695110792284,4.016695110792284,118.55011330959903,50.64041223062274,0.2691520789815885,3.8891887266406564e-05,5.00017779991334,0.4430693009431191
HI_4102,4102.892,0.0,0.0,0.0,10000000000.0,0.2691520789815885,3.8891887266406564e-05,5.00017779991334,0.4430693009431191
OIII_4363,4364.436,2.598172175935929,2.598172175935929,76.68334224010765,49.84147769737367,0.2691520789815885,3.8891887266406564e-05,5.00017779991334,0.4430693009431191
OIII_5007,5008.24,16.07154515676814,16.07154515676814,474.34108062520767,68.08166353056372,0.2691520789815885,3.8891887266406564e-05,5.00017779991334,0.4430693009431191
OIII_4959,4960.295,4.627912560603477,4.627912560603477,136.58979417490335,51.08371480572178,0.2691520789815885,3.8891887266406564e-05,5.00017779991334,0.4430693009431191
OII_3726,3727.092,16.094834347191977,16.094834347191977,475.0284457568594,78.2484682828741,0.2691520789815885,3.8891887266406564e-05,5.00017779991334,0.4430693009431191
OII_3729,3729.875,11.978920088701898,11.978920088701898,353.5499445866903,75.33248875377498,0.2691520789815885,3.8891887266406564e-05,5.00017779991334,0.4430693009431191
OI_6300,6302.046,2.0146756955501814,2.0146756955501814,59.46182754768722,49.610486385471006,0.2691520789815885,3.8891887266406564e-05,5.00017779991334,0.4430693009431191
SII_6717,6718.29,3.7255885259052093,3.7255885259052093,109.95829399754624,50.44976148760662,0.2691520789815885,3.8891887266406564e-05,5.00017779991334,0.4430693009431191
SII_6731,6732.67,0.0,0.0,0.0,10000000000.0,0.2691520789815885,3.8891887266406564e-05,5.00017779991334,0.4430693009431191
NII_6548,6549.85,1.0578764796681526,1.0578764796681526,31.2225282410051,49.35633259416811,0.2691520789815885,3.8891887266406564e-05,5.00017779991334,0.4430693009431191
NII_6584,6585.28,2.3152457760406833,2.3152457760406833,68.33295570573053,49.72229962503488,0.2691520789815885,3.8891887266406564e-05,5.00017779991334,0.4430693009431191
NII_5755,5756.24,0.0,0.0,0.0,10000000000.0,0.2691520789815885,3.8891887266406564e-05,5.00017779991334,0.4430693009431191
HeI_5876,5877.594,0.0,0.0,0.0,10000000000.0,0.2691520789815885,3.8891887266406564e-05,5.00017779991334,0.4430693009431191
HeII_4686,4687.02,0.0,0.0,0.0,10000000000.0,0.2691520789815885,3.8891887266406564e-05,5.00017779991334,0.4430693009431191
NeIII_3869,3870.16,2.5751176935565354,1.6729011188071847,76.00290436195559,49.831762278646686,0.2691520789815885,3.8891887266406564e-05,5.00017779991334,0.4430693009431191
