line,wl,amp,amp_err,flux,flux_err,z,zerr,FWHM,FWHMerr
HI_6563,6564.61,0.0,0.0,0.0,10000000000.0,0.27017715090461214,1.2992309243983995e-06,0.4191607881771664,0.6680203546356854
HI_4861,4862.683,1.4961666096779709,1.4961666096779709,3.7017600554460306,87.09245577272155,0.27017715090461214,1.2992309243983995e-06,0.4191607881771664,0.6680203546356854
HI_4341,4341.684,6.3602058177846175,6.3602058177846175,15.736185855503127,29.21806788382964,0.27017715090461214,1.2992309243983995e-06,0.4191607881771664,0.6680203546356854
HI_4102,4102.892,26.124063464896153,26.124063464896153,64.63519102401571,352.59425337880185,0.27017715090461214,1.2992309243983995e-06,0.4191607881771664,0.6680203546356854
OIII_4363,4364.436,3.2845684059188898,3.2845684059188898,8.12655759442966,15.044968451450357,0.27017715090461214,1.2992309243983995e-06,0.4191607881771664,0.6680203546356854
OIII_5007,5008.24,0.0,0.0,0.0,10000000000.0,0.27017715090461214,1.2992309243983995e-06,0.4191607881771664,0.6680203546356854
OIII_4959,4960.295,17030.857741238782,17030.857741238782,42137.11794441858,830647.4411107759,0.27017715090461214,1.2992309243983995e-06,0.4191607881771664,0.6680203546356854
OII_3726,3727.092,35.04352633071812,35.04352633071812,86.70339595464209,1096.6442085949918,0.27017715090461214,1.2992309243983995e-06,0.4191607881771664,0.6680203546356854
OII_3729,3729.875,0.5071153243101207,0.5071153243101207,1.254685968055262,24.82351814855202,0.27017715090461214,1.2992309243983995e-06,0.4191607881771664,0.6680203546356854
OI_6300,6302.046,0.0,0.0,0.0,10000000000.0,0.27017715090461214,1.2992309243983995e-06,0.4191607881771664,0.6680203546356854
SII_6717,6718.29,0.0,0.0,0.0,10000000000.0,0.27017715090461214,1.2992309243983995e-06,0.4191607881771664,0.6680203546356854
SII_6731,6732.67,0.0,0.0,0.0,10000000000.0,0.27017715090461214,1.2992309243983995e-06,0.4191607881771664,0.6680203546356854
NII_6548,6549.85,0.0,0.0,0.0,10000000000.0,0.27017715090461214,1.2992309243983995e-06,0.4191607881771664,0.6680203546356854
NII_6584,6585.28,0.0,0.0,0.0,10000000000.0,0.27017715090461214,1.2992309243983995e-06,0.4191607881771664,0.6680203546356854
NII_5755,5756.24,0.0,0.0,0.0,10000000000.0,0.27017715090461214,1.2992309243983995e-06,0.4191607881771664,0.6680203546356854
HeI_5876,5877.594,0.0,0.0,0.0,10000000000.0,0.27017715090461214,1.2992309243983995e-06,0.4191607881771664,0.6680203546356854
HeII_4686,4687.02,0.0,0.0,0.0,10000000000.0,0.27017715090461214,1.2992309243983995e-06,0.4191607881771664,0.6680203546356854
NeIII_3869,3870.16,0.0,10000000000.0,0.0,10000000000.0,0.27017715090461214,1.2992309243983995e-06,0.4191607881771664,0.6680203546356854
