line,wl,amp,amp_err,flux,flux_err,z,zerr,FWHM,FWHMerr
HI_6563,6564.61,0.0,0.0,0.0,10000000000.0,0.27010791136830864,1.9901061072567655e-05,1.841503818259285,0.21759532647096452
HI_4861,4862.683,0.0,0.0,0.0,10000000000.0,0.27010791136830864,1.9901061072567655e-05,1.841503818259285,0.21759532647096452
HI_4341,4341.684,4.843069195963267,4.843069195963267,52.64303942857663,30.40868795958112,0.27010791136830864,1.9901061072567655e-05,1.841503818259285,0.21759532647096452
HI_4102,4102.892,0.13326337269165833,0.13326337269165833,1.4485419677339009,28.639664578098454,0.27010791136830864,1.9901061072567655e-05,1.841503818259285,0.21759532647096452
OIII_4363,4364.436,5.209861017033518,5.209861017033518,56.6299814930788,30.021775527890036,0.27010791136830864,1.9901061072567655e-05,1.841503818259285,0.21759532647096452
OIII_5007,5008.24,0.0,0.0,0.0,10000000000.0,0.27010791136830864,1.9901061072567655e-05,1.841503818259285,0.21759532647096452
OIII_4959,4960.295,30.8169574099295,30.8169574099295,334.973182987326,53.18040678367443,0.27010791136830864,1.9901061072567655e-05,1.841503818259285,0.21759532647096452
OII_3726,3727.092,2.9972042034532933,2.9972042034532933,32.57891487270091,29.29774622015378,0.27010791136830864,1.9901061072567655e-05,1.841503818259285,0.21759532647096452
OII_3729,3729.875,3.5158127527502074,3.5158127527502074,38.21606957852053,29.033429374512504,0.27010791136830864,1.9901061072567655e-05,1.841503818259285,0.21759532647096452
OI_6300,6302.046,0.0,0.0,0.0,10000000000.0,0.27010791136830864,1.9901061072567655e-05,1.841503818259285,0.21759532647096452
SII_6717,6718.29,2.330442557639799,2.330442557639799,25.331370352940834,30.079593555678464,0.27010791136830864,1.9901061072567655e-05,1.841503818259285,0.21759532647096452
SII_6731,6732.67,0.0,0.0,0.0,10000000000.0,0.27010791136830864,1.9901061072567655e-05,1.841503818259285,0.21759532647096452
NII_6548,6549.85,1.1598426408693285,1.1598426408693285,12.607220628836048,29.64521699429231,0.27010791136830864,1.9901061072567655e-05,1.841503818259285,0.21759532647096452
NII_6584,6585.28,0.3056611120633761,0.3056611120633761,3.322465429060314,29.595832054887282,0.27010791136830864,1.9901061072567655e-05,1.841503818259285,0.21759532647096452
NII_5755,5756.24,5.054557993114827,5.054557993114827,54.94187362579016,29.44792716554136,0.27010791136830864,1.9901061072567655e-05,1.841503818259285,0.21759532647096452
HeI_5876,5877.594,4.791265444399755,4.791265444399755,52.07994465834721,30.187236966533888,0.27010791136830864,1.9901061072567655e-05,1.841503818259285,0.21759532647096452
HeII_4686,4687.02,0.0,0.0,0.0,10000000000.0,0.27010791136830864,1.9901061072567655e-05,1.841503818259285,0.21759532647096452
NeIII_3869,3870.16,0.5402769409433859,2.7443935814813942,5.872685099799914,29.838991988551797,0.27010791136830864,1.9901061072567655e-05,1.841503818259285,0.21759532647096452
