line,wl,amp,amp_err,flux,flux_err,z,zerr,FWHM,FWHMerr
HI_6563,6564.61,0.0,0.0,0.0,10000000000.0,0.27015690563410377,1.991299730371512e-05,1.501737249059389,0.31552429456546244
HI_4861,4862.683,0.0,0.0,0.0,10000000000.0,0.27015690563410377,1.991299730371512e-05,1.501737249059389,0.31552429456546244
HI_4341,4341.684,0.0,0.0,0.0,10000000000.0,0.27015690563410377,1.991299730371512e-05,1.501737249059389,0.31552429456546244
HI_4102,4102.892,0.0,0.0,0.0,10000000000.0,0.27015690563410377,1.991299730371512e-05,1.501737249059389,0.31552429456546244
OIII_4363,4364.436,0.0,0.0,0.0,10000000000.0,0.27015690563410377,1.991299730371512e-05,1.501737249059389,0.31552429456546244
OIII_5007,5008.24,0.0,0.0,0.0,10000000000.0,0.27015690563410377,1.991299730371512e-05,1.501737249059389,0.31552429456546244
OIII_4959,4960.295,16.184075642347693,16.184075642347693,143.45956543130526,50.68836300070087,0.27015690563410377,1.991299730371512e-05,1.501737249059389,0.31552429456546244
OII_3726,3727.092,6.430563679308307,6.430563679308307,57.002073599928,32.62182121413511,0.27015690563410377,1.991299730371512e-05,1.501737249059389,0.31552429456546244
OII_3729,3729.875,11.94906316392644,11.94906316392644,105.91938932382786,35.64489267919174,0.27015690563410377,1.991299730371512e-05,1.501737249059389,0.31552429456546244
OI_6300,6302.046,7.841871705641779,7.841871705641779,69.5122496904139,31.451548173026588,0.27015690563410377,1.991299730371512e-05,1.501737249059389,0.31552429456546244
SII_6717,6718.29,0.0,0.0,0.0,10000000000.0,0.27015690563410377,1.991299730371512e-05,1.501737249059389,0.31552429456546244
SII_6731,6732.67,0.0,0.0,0.0,10000000000.0,0.27015690563410377,1.991299730371512e-05,1.501737249059389,0.31552429456546244
NII_6548,6549.85,0.0,0.0,0.0,10000000000.0,0.27015690563410377,1.991299730371512e-05,1.501737249059389,0.31552429456546244
NII_6584,6585.28,4.874187128703284,4.874187128703284,43.20597498228205,32.06217751244048,0.27015690563410377,1.991299730371512e-05,1.501737249059389,0.31552429456546244
NII_5755,5756.24,1.8279272015845436,1.8279272015845436,16.203189343308114,27.543561768264578,0.27015690563410377,1.991299730371512e-05,1.501737249059389,0.31552429456546244
HeI_5876,5877.594,1.3831675077722139,1.3831675077722139,12.260731719795578,30.56726182805759,0.27015690563410377,1.991299730371512e-05,1.501737249059389,0.31552429456546244
HeII_4686,4687.02,0.0,0.0,0.0,10000000000.0,0.27015690563410377,1.991299730371512e-05,1.501737249059389,0.31552429456546244
NeIII_3869,3870.16,0.0,10000000000.0,0.0,10000000000.0,0.27015690563410377,1.991299730371512e-05,1.501737249059389,0.31552429456546244
