line,wl,amp,amp_err,flux,flux_err,z,zerr,FWHM,FWHMerr
HI_6563,6564.61,79.26045796823405,79.26045796823405,1693.6241706411952,65.19402796462943,0.2693712513199968,6.747338143868439e-06,3.620035317200265,0.08556728121635089
HI_4861,4862.683,24.139299375182418,24.139299375182418,515.8044999000367,49.32301877487907,0.2693712513199968,6.747338143868439e-06,3.620035317200265,0.08556728121635089
HI_4341,4341.684,15.391876534644666,15.391876534644666,328.8910359443896,48.192235679016534,0.2693712513199968,6.747338143868439e-06,3.620035317200265,0.08556728121635089
HI_4102,4102.892,8.980867075987362,8.980867075987362,191.901661220578,47.67250193043082,0.2693712513199968,6.747338143868439e-06,3.620035317200265,0.08556728121635089
OIII_4363,4364.436,0.0,0.0,0.0,10000000000.0,0.2693712513199968,6.747338143868439e-06,3.620035317200265,0.08556728121635089
OIII_5007,5008.24,81.62756278590018,81.62756278590018,1744.2040693246888,66.11865676545185,0.2693712513199968,6.747338143868439e-06,3.620035317200265,0.08556728121635089
OIII_4959,4960.295,30.696375788274736,30.696375788274736,655.9150088048069,50.47196387000715,0.2693712513199968,6.747338143868439e-06,3.620035317200265,0.08556728121635089
OII_3726,3727.092,43.54497954721819,43.54497954721819,930.4618186889888,57.217681847776596,0.2693712513199968,6.747338143868439e-06,3.620035317200265,0.08556728121635089
OII_3729,3729.875,47.90743748786167,47.90743748786167,1023.6780882018463,58.05505192932074,0.2693712513199968,6.747338143868439e-06,3.620035317200265,0.08556728121635089
OI_6300,6302.046,2.9882931190426234,2.9882931190426234,63.85334610859447,47.431993239556164,0.2693712513199968,6.747338143868439e-06,3.620035317200265,0.08556728121635089
SII_6717,6718.29,10.673811486606269,10.673811486606269,228.07621341058945,47.78366841332035,0.2693712513199968,6.747338143868439e-06,3.620035317200265,0.08556728121635089
SII_6731,6732.67,7.124303502666635,7.124303502666635,152.23092220758681,47.5723728988876,0.2693712513199968,6.747338143868439e-06,3.620035317200265,0.08556728121635089
NII_6548,6549.85,1.3107007343680834,1.3107007343680834,28.00683343379891,47.40776461073404,0.2693712513199968,6.747338143868439e-06,3.620035317200265,0.08556728121635089
NII_6584,6585.28,7.336674377768418,7.336674377768418,156.76882744347066,47.582693363315876,0.2693712513199968,6.747338143868439e-06,3.620035317200265,0.08556728121635089
NII_5755,5756.24,0.0,0.0,0.0,10000000000.0,0.2693712513199968,6.747338143868439e-06,3.620035317200265,0.08556728121635089
HeI_5876,5877.594,3.6025972498403007,3.6025972498403007,76.97969373152452,47.44559982423327,0.2693712513199968,6.747338143868439e-06,3.620035317200265,0.08556728121635089
HeII_4686,4687.02,0.0,0.0,0.0,10000000000.0,0.2693712513199968,6.747338143868439e-06,3.620035317200265,0.08556728121635089
NeIII_3869,3870.16,9.914515237314163,2.221473138084233,211.85169852078525,47.731467301896,0.2693712513199968,6.747338143868439e-06,3.620035317200265,0.08556728121635089
