line,wl,amp,amp_err,flux,flux_err,z,zerr,FWHM,FWHMerr
HI_6563,6564.61,0.0,0.0,0.0,10000000000.0,0.2701916018004384,1.3350009724939118e-05,1.4110486503071462,0.49308879106048364
HI_4861,4862.683,3.9182153781592888,3.9182153781592888,32.63457420477846,32.941740002379156,0.2701916018004384,1.3350009724939118e-05,1.4110486503071462,0.49308879106048364
HI_4341,4341.684,0.0,0.0,0.0,10000000000.0,0.2701916018004384,1.3350009724939118e-05,1.4110486503071462,0.49308879106048364
HI_4102,4102.892,3.381399924382322,3.381399924382322,28.163471401648163,30.604275133512985,0.2701916018004384,1.3350009724939118e-05,1.4110486503071462,0.49308879106048364
OIII_4363,4364.436,2.84954182334684,2.84954182334684,23.73365808372662,26.480318181411576,0.2701916018004384,1.3350009724939118e-05,1.4110486503071462,0.49308879106048364
OIII_5007,5008.24,0.0,0.0,0.0,10000000000.0,0.2701916018004384,1.3350009724939118e-05,1.4110486503071462,0.49308879106048364
OIII_4959,4960.295,45.34198671860645,45.34198671860645,377.6506106347802,196.04270662842234,0.2701916018004384,1.3350009724939118e-05,1.4110486503071462,0.49308879106048364
OII_3726,3727.092,4.9037130251017516,4.9037130251017516,40.84272331956429,36.475665822289656,0.2701916018004384,1.3350009724939118e-05,1.4110486503071462,0.49308879106048364
OII_3729,3729.875,1.7176924587134863,1.7176924587134863,14.306554539431131,28.119025006860475,0.2701916018004384,1.3350009724939118e-05,1.4110486503071462,0.49308879106048364
OI_6300,6302.046,2.146417723247964,2.146417723247964,17.8773808234846,25.70674458175933,0.2701916018004384,1.3350009724939118e-05,1.4110486503071462,0.49308879106048364
SII_6717,6718.29,0.0,0.0,0.0,10000000000.0,0.2701916018004384,1.3350009724939118e-05,1.4110486503071462,0.49308879106048364
SII_6731,6732.67,2.851197102173728,2.851197102173728,23.747444798976325,32.80010835125965,0.2701916018004384,1.3350009724939118e-05,1.4110486503071462,0.49308879106048364
NII_6548,6549.85,0.0,0.0,0.0,10000000000.0,0.2701916018004384,1.3350009724939118e-05,1.4110486503071462,0.49308879106048364
NII_6584,6585.28,2.0351996965670196,2.0351996965670196,16.951052739311386,27.49151632733548,0.2701916018004384,1.3350009724939118e-05,1.4110486503071462,0.49308879106048364
NII_5755,5756.24,0.0,0.0,0.0,10000000000.0,0.2701916018004384,1.3350009724939118e-05,1.4110486503071462,0.49308879106048364
HeI_5876,5877.594,0.0,0.0,0.0,10000000000.0,0.2701916018004384,1.3350009724939118e-05,1.4110486503071462,0.49308879106048364
HeII_4686,4687.02,0.0,0.0,0.0,10000000000.0,0.2701916018004384,1.3350009724939118e-05,1.4110486503071462,0.49308879106048364
NeIII_3869,3870.16,0.0,10000000000.0,0.0,10000000000.0,0.2701916018004384,1.3350009724939118e-05,1.4110486503071462,0.49308879106048364
