line,wl,amp,amp_err,flux,flux_err,z,zerr,FWHM,FWHMerr
HI_6563,6564.61,83.46084752759816,83.46084752759816,2441.694811219878,79.07298755468234,0.2692471481541073,7.855670909771564e-06,4.956338181233783,0.09927836618883891
HI_4861,4862.683,29.414987655642562,29.414987655642562,860.5522812014284,60.282143680617686,0.2692471481541073,7.855670909771564e-06,4.956338181233783,0.09927836618883891
HI_4341,4341.684,19.59841085482128,19.59841085482128,573.3627144937475,58.544057754246175,0.2692471481541073,7.855670909771564e-06,4.956338181233783,0.09927836618883891
HI_4102,4102.892,11.107057186737848,11.107057186737848,324.9433081998408,57.58027443820905,0.2692471481541073,7.855670909771564e-06,4.956338181233783,0.09927836618883891
OIII_4363,4364.436,0.6449205533432405,0.6449205533432405,18.867519506395308,57.120146356939365,0.2692471481541073,7.855670909771564e-06,4.956338181233783,0.09927836618883891
OIII_5007,5008.24,82.22818488477901,82.22818488477901,2405.6325608579837,78.51675356531635,0.2692471481541073,7.855670909771564e-06,4.956338181233783,0.09927836618883891
OIII_4959,4960.295,27.498209934764418,27.498209934764418,804.4758531040212,59.89247765820863,0.2692471481541073,7.855670909771564e-06,4.956338181233783,0.09927836618883891
OII_3726,3727.092,50.22812528539362,50.22812528539362,1469.4525219875504,78.38703258660065,0.2692471481541073,7.855670909771564e-06,4.956338181233783,0.09927836618883891
OII_3729,3729.875,59.95408577538865,59.95408577538865,1753.9910567142397,79.9660657834548,0.2692471481541073,7.855670909771564e-06,4.956338181233783,0.09927836618883891
OI_6300,6302.046,3.168535888621932,3.168535888621932,92.69732895839405,57.15631220120393,0.2692471481541073,7.855670909771564e-06,4.956338181233783,0.09927836618883891
SII_6717,6718.29,11.281875532831805,11.281875532831805,330.0577188631463,57.59485631569149,0.2692471481541073,7.855670909771564e-06,4.956338181233783,0.09927836618883891
SII_6731,6732.67,7.943339052469355,7.943339052469355,232.38692539949577,57.35519956663663,0.2692471481541073,7.855670909771564e-06,4.956338181233783,0.09927836618883891
NII_6548,6549.85,0.0,0.0,0.0,10000000000.0,0.2692471481541073,7.855670909771564e-06,4.956338181233783,0.09927836618883891
NII_6584,6585.28,12.53377078429503,12.53377078429503,366.6826301867196,57.70586033794379,0.2692471481541073,7.855670909771564e-06,4.956338181233783,0.09927836618883891
NII_5755,5756.24,0.0,0.0,0.0,10000000000.0,0.2692471481541073,7.855670909771564e-06,4.956338181233783,0.09927836618883891
HeI_5876,5877.594,3.6596923045304948,3.6596923045304948,107.06639071306569,57.168897379446385,0.2692471481541073,7.855670909771564e-06,4.956338181233783,0.09927836618883891
HeII_4686,4687.02,2.1600499167107046e-12,2.1600499167107046e-12,6.319349527171327e-11,57.11858885748064,0.2692471481541073,7.855670909771564e-06,4.956338181233783,0.09927836618883891
NeIII_3869,3870.16,10.07103765057343,1.9550038070145022,294.6339643492575,57.49843353198443,0.2692471481541073,7.855670909771564e-06,4.956338181233783,0.09927836618883891
