line,wl,amp,amp_err,flux,flux_err,z,zerr,FWHM,FWHMerr
HI_6563,6564.61,159.47026042552625,159.47026042552625,4726.740339743784,89.33528471766108,0.2693906704526433,4.603882601542488e-06,5.021510598145933,0.05899104181396596
HI_4861,4862.683,63.94248982674003,63.94248982674003,1895.2721672443533,68.89264526624713,0.2693906704526433,4.603882601542488e-06,5.021510598145933,0.05899104181396596
HI_4341,4341.684,20.777905112945973,20.777905112945973,615.862556508434,64.74536812085205,0.2693906704526433,4.603882601542488e-06,5.021510598145933,0.05899104181396596
HI_4102,4102.892,11.940775869370782,11.940775869370782,353.927728210818,64.40607404644018,0.2693906704526433,4.603882601542488e-06,5.021510598145933,0.05899104181396596
OIII_4363,4364.436,1.9452723345702907,1.9452723345702907,57.658382140129476,64.24252772172316,0.2693906704526433,4.603882601542488e-06,5.021510598145933,0.05899104181396596
OIII_5007,5008.24,163.3734324140528,163.3734324140528,4842.4313810821295,90.39772783935851,0.2693906704526433,4.603882601542488e-06,5.021510598145933,0.05899104181396596
OIII_4959,4960.295,39.64992097779441,39.64992097779441,1175.2340558879202,66.0666350370818,0.2693906704526433,4.603882601542488e-06,5.021510598145933,0.05899104181396596
OII_3726,3727.092,77.22856600624618,77.22856600624618,2289.074949449683,85.248286144247,0.2693906704526433,4.603882601542488e-06,5.021510598145933,0.05899104181396596
OII_3729,3729.875,108.48308491063153,108.48308491063153,3215.467086205707,88.05433186528633,0.2693906704526433,4.603882601542488e-06,5.021510598145933,0.05899104181396596
OI_6300,6302.046,9.801530684882096,9.801530684882096,290.51993993014656,64.35129057727475,0.2693906704526433,4.603882601542488e-06,5.021510598145933,0.05899104181396596
SII_6717,6718.29,25.11942165799701,25.11942165799701,744.5462454570787,64.97814688360454,0.2693906704526433,4.603882601542488e-06,5.021510598145933,0.05899104181396596
SII_6731,6732.67,21.443528897015426,21.443528897015426,635.5918200266516,64.77824263131691,0.2693906704526433,4.603882601542488e-06,5.021510598145933,0.05899104181396596
NII_6548,6549.85,5.54204614131379,5.54204614131379,164.26770101816507,64.27431260674803,0.2693906704526433,4.603882601542488e-06,5.021510598145933,0.05899104181396596
NII_6584,6585.28,17.622865509917347,17.622865509917347,522.3463552723475,64.60337079285983,0.2693906704526433,4.603882601542488e-06,5.021510598145933,0.05899104181396596
NII_5755,5756.24,0.0,0.0,0.0,10000000000.0,0.2693906704526433,4.603882601542488e-06,5.021510598145933,0.05899104181396596
HeI_5876,5877.594,6.474155858081531,6.474155858081531,191.89567746691986,64.28747903826347,0.2693906704526433,4.603882601542488e-06,5.021510598145933,0.05899104181396596
HeII_4686,4687.02,0.0,0.0,0.0,10000000000.0,0.2693906704526433,4.603882601542488e-06,5.021510598145933,0.05899104181396596
NeIII_3869,3870.16,13.591209695855014,2.1687279996776025,402.84701965051505,64.45563861642616,0.2693906704526433,4.603882601542488e-06,5.021510598145933,0.05899104181396596
