line,wl,amp,amp_err,flux,flux_err,z,zerr,FWHM,FWHMerr
HI_6563,6564.61,0.0,0.0,0.0,10000000000.0,0.27016140945189077,2.155035240426666e-05,0.3944817577176829,0.31955758116269756
HI_4861,4862.683,10.93180071398217,10.93180071398217,25.4546007008345,102.03146108140761,0.27016140945189077,2.155035240426666e-05,0.3944817577176829,0.31955758116269756
HI_4341,4341.684,0.0,0.0,0.0,10000000000.0,0.27016140945189077,2.155035240426666e-05,0.3944817577176829,0.31955758116269756
HI_4102,4102.892,1.6749640584569079,1.6749640584569079,3.9001389077407347,23.97763219939402,0.27016140945189077,2.155035240426666e-05,0.3944817577176829,0.31955758116269756
OIII_4363,4364.436,0.0,0.0,0.0,10000000000.0,0.27016140945189077,2.155035240426666e-05,0.3944817577176829,0.31955758116269756
OIII_5007,5008.24,5.323254079128446,5.323254079128446,12.395149761556848,26.110097393212033,0.27016140945189077,2.155035240426666e-05,0.3944817577176829,0.31955758116269756
OIII_4959,4960.295,4127.197081009854,4127.197081009854,9610.14168291459,95917.11941482095,0.27016140945189077,2.155035240426666e-05,0.3944817577176829,0.31955758116269756
OII_3726,3727.092,166.55082556712796,166.55082556712796,387.8121155083924,2392.375463774822,0.27016140945189077,2.155035240426666e-05,0.3944817577176829,0.31955758116269756
OII_3729,3729.875,0.0,0.0,0.0,10000000000.0,0.27016140945189077,2.155035240426666e-05,0.3944817577176829,0.31955758116269756
OI_6300,6302.046,3.2647174482749506,3.2647174482749506,7.601865531686431,18.75138429583255,0.27016140945189077,2.155035240426666e-05,0.3944817577176829,0.31955758116269756
SII_6717,6718.29,6.740048090842265,6.740048090842265,15.694142012429259,38.42381756875742,0.27016140945189077,2.155035240426666e-05,0.3944817577176829,0.31955758116269756
SII_6731,6732.67,173.85310329123558,173.85310329123558,404.8154042196488,3663.367507729981,0.27016140945189077,2.155035240426666e-05,0.3944817577176829,0.31955758116269756
NII_6548,6549.85,27.392350136816958,27.392350136816958,63.78284358022575,461.0634292055554,0.27016140945189077,2.155035240426666e-05,0.3944817577176829,0.31955758116269756
NII_6584,6585.28,0.0,0.0,0.0,10000000000.0,0.27016140945189077,2.155035240426666e-05,0.3944817577176829,0.31955758116269756
NII_5755,5756.24,0.0,0.0,0.0,10000000000.0,0.27016140945189077,2.155035240426666e-05,0.3944817577176829,0.31955758116269756
HeI_5876,5877.594,0.0,0.0,0.0,10000000000.0,0.27016140945189077,2.155035240426666e-05,0.3944817577176829,0.31955758116269756
HeII_4686,4687.02,0.0,0.0,0.0,10000000000.0,0.27016140945189077,2.155035240426666e-05,0.3944817577176829,0.31955758116269756
NeIII_3869,3870.16,21.834534881838977,72.95131049765037,50.84152020762498,174.78797822954633,0.27016140945189077,2.155035240426666e-05,0.3944817577176829,0.31955758116269756
