line,wl,amp,amp_err,flux,flux_err,z,zerr,FWHM,FWHMerr
HI_6563,6564.61,0.0,0.0,0.0,10000000000.0,0.270098935822979,4.1624663596619197e-05,2.7675668797845745,0.4970499286670311
HI_4861,4862.683,0.0,0.0,0.0,10000000000.0,0.270098935822979,4.1624663596619197e-05,2.7675668797845745,0.4970499286670311
HI_4341,4341.684,0.0,0.0,0.0,10000000000.0,0.270098935822979,4.1624663596619197e-05,2.7675668797845745,0.4970499286670311
HI_4102,4102.892,9.80436155905511,9.80436155905511,160.16407185503377,51.888223607504216,0.270098935822979,4.1624663596619197e-05,2.7675668797845745,0.4970499286670311
OIII_4363,4364.436,0.040275011609537614,0.040275011609537614,0.6579326776698325,40.75559051185594,0.270098935822979,4.1624663596619197e-05,2.7675668797845745,0.4970499286670311
OIII_5007,5008.24,1.3274485096573017,1.3274485096573017,21.685201754748395,40.98148305507532,0.270098935822979,4.1624663596619197e-05,2.7675668797845745,0.4970499286670311
OIII_4959,4960.295,11.1436079844176,11.1436079844176,182.04200438652512,54.73583295773614,0.270098935822979,4.1624663596619197e-05,2.7675668797845745,0.4970499286670311
OII_3726,3727.092,0.0,0.0,0.0,10000000000.0,0.270098935822979,4.1624663596619197e-05,2.7675668797845745,0.4970499286670311
OII_3729,3729.875,0.168280817693244,0.168280817693244,2.7490358055952915,40.98521649591869,0.270098935822979,4.1624663596619197e-05,2.7675668797845745,0.4970499286670311
OI_6300,6302.046,0.0,0.0,0.0,10000000000.0,0.270098935822979,4.1624663596619197e-05,2.7675668797845745,0.4970499286670311
SII_6717,6718.29,0.0,0.0,0.0,10000000000.0,0.270098935822979,4.1624663596619197e-05,2.7675668797845745,0.4970499286670311
SII_6731,6732.67,0.0,0.0,0.0,10000000000.0,0.270098935822979,4.1624663596619197e-05,2.7675668797845745,0.4970499286670311
NII_6548,6549.85,0.0,0.0,0.0,10000000000.0,0.270098935822979,4.1624663596619197e-05,2.7675668797845745,0.4970499286670311
NII_6584,6585.28,0.6346639984082003,0.6346639984082003,10.367872464981854,40.810685817168064,0.270098935822979,4.1624663596619197e-05,2.7675668797845745,0.4970499286670311
NII_5755,5756.24,0.6115027581377035,0.6115027581377035,9.98951039330678,40.798575836245604,0.270098935822979,4.1624663596619197e-05,2.7675668797845745,0.4970499286670311
HeI_5876,5877.594,1.476534316262132,1.476534316262132,24.120667817254862,41.041498832964784,0.270098935822979,4.1624663596619197e-05,2.7675668797845745,0.4970499286670311
HeII_4686,4687.02,0.0,0.0,0.0,10000000000.0,0.270098935822979,4.1624663596619197e-05,2.7675668797845745,0.4970499286670311
NeIII_3869,3870.16,0.0,10000000000.0,0.0,10000000000.0,0.270098935822979,4.1624663596619197e-05,2.7675668797845745,0.4970499286670311
