line,wl,amp,amp_err,flux,flux_err,z,zerr,FWHM,FWHMerr
HI_6563,6564.61,6.060178351131867,6.060178351131867,57.46250360576798,34.50421843169041,0.2701068498146607,1.3796659044765944e-05,1.6063918059114535,0.14227435377013223
HI_4861,4862.683,7.147536775576555,7.147536775576555,67.77281689444291,31.91169238925842,0.2701068498146607,1.3796659044765944e-05,1.6063918059114535,0.14227435377013223
HI_4341,4341.684,0.37708572222300063,0.37708572222300063,3.575520127864848,33.867919878816764,0.2701068498146607,1.3796659044765944e-05,1.6063918059114535,0.14227435377013223
HI_4102,4102.892,0.0,0.0,0.0,10000000000.0,0.2701068498146607,1.3796659044765944e-05,1.6063918059114535,0.14227435377013223
OIII_4363,4364.436,0.5838194525596236,0.5838194525596236,5.535765691047543,32.60080759520084,0.2701068498146607,1.3796659044765944e-05,1.6063918059114535,0.14227435377013223
OIII_5007,5008.24,9.577034535913299,9.577034535913299,90.80927155381464,32.438679788597646,0.2701068498146607,1.3796659044765944e-05,1.6063918059114535,0.14227435377013223
OIII_4959,4960.295,66.42542284978731,66.42542284978731,629.8446809420494,72.47842284558415,0.2701068498146607,1.3796659044765944e-05,1.6063918059114535,0.14227435377013223
OII_3726,3727.092,0.0,0.0,0.0,10000000000.0,0.2701068498146607,1.3796659044765944e-05,1.6063918059114535,0.14227435377013223
OII_3729,3729.875,1.106461016475464,1.106461016475464,10.491443727392634,31.279858110534377,0.2701068498146607,1.3796659044765944e-05,1.6063918059114535,0.14227435377013223
OI_6300,6302.046,1.6650318563124529,1.6650318563124529,15.787802520564957,34.69046597336964,0.2701068498146607,1.3796659044765944e-05,1.6063918059114535,0.14227435377013223
SII_6717,6718.29,0.0,0.0,0.0,10000000000.0,0.2701068498146607,1.3796659044765944e-05,1.6063918059114535,0.14227435377013223
SII_6731,6732.67,0.0,0.0,0.0,10000000000.0,0.2701068498146607,1.3796659044765944e-05,1.6063918059114535,0.14227435377013223
NII_6548,6549.85,0.0,0.0,0.0,10000000000.0,0.2701068498146607,1.3796659044765944e-05,1.6063918059114535,0.14227435377013223
NII_6584,6585.28,0.0,0.0,0.0,10000000000.0,0.2701068498146607,1.3796659044765944e-05,1.6063918059114535,0.14227435377013223
NII_5755,5756.24,0.0,0.0,0.0,10000000000.0,0.2701068498146607,1.3796659044765944e-05,1.6063918059114535,0.14227435377013223
HeI_5876,5877.594,1.8557746111222286,1.8557746111222286,17.59642193751392,33.187866783905086,0.2701068498146607,1.3796659044765944e-05,1.6063918059114535,0.14227435377013223
HeII_4686,4687.02,0.0,0.0,0.0,10000000000.0,0.2701068498146607,1.3796659044765944e-05,1.6063918059114535,0.14227435377013223
NeIII_3869,3870.16,0.0,10000000000.0,0.0,10000000000.0,0.2701068498146607,1.3796659044765944e-05,1.6063918059114535,0.14227435377013223
