line,wl,amp,amp_err,flux,flux_err,z,zerr,FWHM,FWHMerr
HI_6563,6564.61,4.620256145872872,4.620256145872872,24.399276861717244,41.8587369166178,0.2705001390606384,1.0500867526213809e-05,0.8946707592961722,0.3270514019926191
HI_4861,4862.683,0.0,0.0,0.0,10000000000.0,0.2705001390606384,1.0500867526213809e-05,0.8946707592961722,0.3270514019926191
HI_4341,4341.684,0.48586038783776075,0.48586038783776075,2.565797597517232,15.922737156543405,0.2705001390606384,1.0500867526213809e-05,0.8946707592961722,0.3270514019926191
HI_4102,4102.892,0.0,0.0,0.0,10000000000.0,0.2705001390606384,1.0500867526213809e-05,0.8946707592961722,0.3270514019926191
OIII_4363,4364.436,0.0,0.0,0.0,10000000000.0,0.2705001390606384,1.0500867526213809e-05,0.8946707592961722,0.3270514019926191
OIII_5007,5008.24,30.688632577866656,30.688632577866656,162.06470358656318,177.44844299110193,0.2705001390606384,1.0500867526213809e-05,0.8946707592961722,0.3270514019926191
OIII_4959,4960.295,0.0,0.0,0.0,10000000000.0,0.2705001390606384,1.0500867526213809e-05,0.8946707592961722,0.3270514019926191
OII_3726,3727.092,5.146520561921534,5.146520561921534,27.178445545062047,35.35391464353149,0.2705001390606384,1.0500867526213809e-05,0.8946707592961722,0.3270514019926191
OII_3729,3729.875,0.0,0.0,0.0,10000000000.0,0.2705001390606384,1.0500867526213809e-05,0.8946707592961722,0.3270514019926191
OI_6300,6302.046,0.0,0.0,0.0,10000000000.0,0.2705001390606384,1.0500867526213809e-05,0.8946707592961722,0.3270514019926191
SII_6717,6718.29,0.0,0.0,0.0,10000000000.0,0.2705001390606384,1.0500867526213809e-05,0.8946707592961722,0.3270514019926191
SII_6731,6732.67,0.0,0.0,0.0,10000000000.0,0.2705001390606384,1.0500867526213809e-05,0.8946707592961722,0.3270514019926191
NII_6548,6549.85,7.066044795151015,7.066044795151015,37.31533010960677,47.683843603887865,0.2705001390606384,1.0500867526213809e-05,0.8946707592961722,0.3270514019926191
NII_6584,6585.28,11.114010026967094,11.114010026967094,58.692375299170926,63.23684269811688,0.2705001390606384,1.0500867526213809e-05,0.8946707592961722,0.3270514019926191
NII_5755,5756.24,0.0,0.0,0.0,10000000000.0,0.2705001390606384,1.0500867526213809e-05,0.8946707592961722,0.3270514019926191
HeI_5876,5877.594,0.0,0.0,0.0,10000000000.0,0.2705001390606384,1.0500867526213809e-05,0.8946707592961722,0.3270514019926191
HeII_4686,4687.02,0.0,0.0,0.0,10000000000.0,0.2705001390606384,1.0500867526213809e-05,0.8946707592961722,0.3270514019926191
NeIII_3869,3870.16,0.0,10000000000.0,0.0,10000000000.0,0.2705001390606384,1.0500867526213809e-05,0.8946707592961722,0.3270514019926191
