line,wl,amp,amp_err,flux,flux_err,z,zerr,FWHM,FWHMerr
HI_6563,6564.61,0.0,0.0,0.0,10000000000.0,0.27017916855192287,3.840392084340458e-06,0.36190776152726256,0.43545761676289907
HI_4861,4862.683,23.44878879410942,23.44878879410942,50.091722992226565,444.67998553880386,0.27017916855192287,3.840392084340458e-06,0.36190776152726256,0.43545761676289907
HI_4341,4341.684,4.69676960880156,4.69676960880156,10.033323438074474,16.653934879128187,0.27017916855192287,3.840392084340458e-06,0.36190776152726256,0.43545761676289907
HI_4102,4102.892,32.61924172110889,32.61924172110889,69.6818089350838,385.93953916802354,0.27017916855192287,3.840392084340458e-06,0.36190776152726256,0.43545761676289907
OIII_4363,4364.436,0.0,0.0,0.0,10000000000.0,0.27017916855192287,3.840392084340458e-06,0.36190776152726256,0.43545761676289907
OIII_5007,5008.24,0.0,0.0,0.0,10000000000.0,0.27017916855192287,3.840392084340458e-06,0.36190776152726256,0.43545761676289907
OIII_4959,4960.295,24589.562718036283,24589.562718036283,52528.664699358786,1048175.3993213074,0.27017916855192287,3.840392084340458e-06,0.36190776152726256,0.43545761676289907
OII_3726,3727.092,0.0,0.0,0.0,10000000000.0,0.27017916855192287,3.840392084340458e-06,0.36190776152726256,0.43545761676289907
OII_3729,3729.875,0.0,0.0,0.0,10000000000.0,0.27017916855192287,3.840392084340458e-06,0.36190776152726256,0.43545761676289907
OI_6300,6302.046,1.0321682210267227,1.0321682210267227,2.204936257604838,8.998936259529584,0.27017916855192287,3.840392084340458e-06,0.36190776152726256,0.43545761676289907
SII_6717,6718.29,0.0,0.0,0.0,10000000000.0,0.27017916855192287,3.840392084340458e-06,0.36190776152726256,0.43545761676289907
SII_6731,6732.67,8250.608867054665,8250.608867054665,17625.098571809074,345982.98549671605,0.27017916855192287,3.840392084340458e-06,0.36190776152726256,0.43545761676289907
NII_6548,6549.85,23.274914562415688,23.274914562415688,49.720289741410795,336.50716592194055,0.27017916855192287,3.840392084340458e-06,0.36190776152726256,0.43545761676289907
NII_6584,6585.28,9.148112219956829,9.148112219956829,19.542361323967242,151.52797956452903,0.27017916855192287,3.840392084340458e-06,0.36190776152726256,0.43545761676289907
NII_5755,5756.24,0.0,0.0,0.0,10000000000.0,0.27017916855192287,3.840392084340458e-06,0.36190776152726256,0.43545761676289907
HeI_5876,5877.594,0.0,0.0,0.0,10000000000.0,0.27017916855192287,3.840392084340458e-06,0.36190776152726256,0.43545761676289907
HeII_4686,4687.02,0.0,0.0,0.0,10000000000.0,0.27017916855192287,3.840392084340458e-06,0.36190776152726256,0.43545761676289907
NeIII_3869,3870.16,0.0,10000000000.0,0.0,10000000000.0,0.27017916855192287,3.840392084340458e-06,0.36190776152726256,0.43545761676289907
