line,wl,amp,amp_err,flux,flux_err,z,zerr,FWHM,FWHMerr
HI_6563,6564.61,28.098610666098466,28.098610666098466,1073.8084127295544,84.62143081916912,0.26923568324413305,2.4697348088028027e-05,6.474322028722267,0.2973703769723791
HI_4861,4862.683,14.375572940149823,14.375572940149823,549.3727552716617,70.1182606257856,0.26923568324413305,2.4697348088028027e-05,6.474322028722267,0.2973703769723791
HI_4341,4341.684,10.397594421202484,10.397594421202484,397.3514738615861,67.35807201949551,0.26923568324413305,2.4697348088028027e-05,6.474322028722267,0.2973703769723791
HI_4102,4102.892,5.442712493149088,5.442712493149088,207.99713312029198,65.07603057590106,0.26923568324413305,2.4697348088028027e-05,6.474322028722267,0.2973703769723791
OIII_4363,4364.436,3.31294137858265,3.31294137858265,126.60641358663504,64.52196870515074,0.26923568324413305,2.4697348088028027e-05,6.474322028722267,0.2973703769723791
OIII_5007,5008.24,26.243804304018568,26.243804304018568,1002.9256669862309,82.29705353506822,0.26923568324413305,2.4697348088028027e-05,6.474322028722267,0.2973703769723791
OIII_4959,4960.295,14.700875452594573,14.700875452594573,561.8044223991288,70.37705993962346,0.26923568324413305,2.4697348088028027e-05,6.474322028722267,0.2973703769723791
OII_3726,3727.092,16.27894358904814,16.27894358904814,622.1114198133743,98.10329006678276,0.26923568324413305,2.4697348088028027e-05,6.474322028722267,0.2973703769723791
OII_3729,3729.875,20.696429921981007,20.696429921981007,790.9288052631222,99.45289322473009,0.26923568324413305,2.4697348088028027e-05,6.474322028722267,0.2973703769723791
OI_6300,6302.046,0.0,0.0,0.0,10000000000.0,0.26923568324413305,2.4697348088028027e-05,6.474322028722267,0.2973703769723791
SII_6717,6718.29,6.489978051041703,6.489978051041703,248.01913206502294,65.4448590258783,0.26923568324413305,2.4697348088028027e-05,6.474322028722267,0.2973703769723791
SII_6731,6732.67,4.272399604800967,4.272399604800967,163.27279283288195,64.73889194001467,0.26923568324413305,2.4697348088028027e-05,6.474322028722267,0.2973703769723791
NII_6548,6549.85,0.0,0.0,0.0,10000000000.0,0.26923568324413305,2.4697348088028027e-05,6.474322028722267,0.2973703769723791
NII_6584,6585.28,6.06182277704545,6.06182277704545,231.65687342401444,65.28640238793366,0.26923568324413305,2.4697348088028027e-05,6.474322028722267,0.2973703769723791
NII_5755,5756.24,0.39970142118067997,0.39970142118067997,15.27487439660548,64.19840477215593,0.26923568324413305,2.4697348088028027e-05,6.474322028722267,0.2973703769723791
HeI_5876,5877.594,0.2840936883245604,0.2840936883245604,10.856842573157703,64.1960438364392,0.26923568324413305,2.4697348088028027e-05,6.474322028722267,0.2973703769723791
HeII_4686,4687.02,0.0,0.0,0.0,10000000000.0,0.26923568324413305,2.4697348088028027e-05,6.474322028722267,0.2973703769723791
NeIII_3869,3870.16,5.6901614496114234,1.6848412848943009,217.45357117439806,65.15746064570249,0.26923568324413305,2.4697348088028027e-05,6.474322028722267,0.2973703769723791
