line,wl,amp,amp_err,flux,flux_err,z,zerr,FWHM,FWHMerr
HI_6563,6564.61,3.5268480446460444,3.5268480446460444,36.91998598035248,32.19952694960158,0.27006516891365734,2.060525046810688e-05,1.7734833718312848,0.17309929874331423
HI_4861,4862.683,0.15620065406096728,0.15620065406096728,1.635150107135271,31.97357031633023,0.27006516891365734,2.060525046810688e-05,1.7734833718312848,0.17309929874331423
HI_4341,4341.684,3.096395113003723,3.096395113003723,32.4138898854097,33.763002217013046,0.27006516891365734,2.060525046810688e-05,1.7734833718312848,0.17309929874331423
HI_4102,4102.892,2.1948122700716794,2.1948122700716794,22.975880223579196,32.01545566759502,0.27006516891365734,2.060525046810688e-05,1.7734833718312848,0.17309929874331423
OIII_4363,4364.436,0.0,0.0,0.0,10000000000.0,0.27006516891365734,2.060525046810688e-05,1.7734833718312848,0.17309929874331423
OIII_5007,5008.24,7.418259118613378,7.418259118613378,77.65631498459264,33.5584405492816,0.27006516891365734,2.060525046810688e-05,1.7734833718312848,0.17309929874331423
OIII_4959,4960.295,33.34059043142088,33.34059043142088,349.0181929367104,47.93382961954173,0.27006516891365734,2.060525046810688e-05,1.7734833718312848,0.17309929874331423
OII_3726,3727.092,9.02141561426538,9.02141561426538,94.43858476047211,33.22368542249001,0.27006516891365734,2.060525046810688e-05,1.7734833718312848,0.17309929874331423
OII_3729,3729.875,0.0,0.0,0.0,10000000000.0,0.27006516891365734,2.060525046810688e-05,1.7734833718312848,0.17309929874331423
OI_6300,6302.046,0.0,0.0,0.0,10000000000.0,0.27006516891365734,2.060525046810688e-05,1.7734833718312848,0.17309929874331423
SII_6717,6718.29,0.0,0.0,0.0,10000000000.0,0.27006516891365734,2.060525046810688e-05,1.7734833718312848,0.17309929874331423
SII_6731,6732.67,0.0,0.0,0.0,10000000000.0,0.27006516891365734,2.060525046810688e-05,1.7734833718312848,0.17309929874331423
NII_6548,6549.85,0.15301494678953986,0.15301494678953986,1.6018012737549512,31.97665363407514,0.27006516891365734,2.060525046810688e-05,1.7734833718312848,0.17309929874331423
NII_6584,6585.28,0.0,0.0,0.0,10000000000.0,0.27006516891365734,2.060525046810688e-05,1.7734833718312848,0.17309929874331423
NII_5755,5756.24,0.0,0.0,0.0,10000000000.0,0.27006516891365734,2.060525046810688e-05,1.7734833718312848,0.17309929874331423
HeI_5876,5877.594,0.71298105683843,0.71298105683843,7.463675862840738,31.836003933048058,0.27006516891365734,2.060525046810688e-05,1.7734833718312848,0.17309929874331423
HeII_4686,4687.02,0.0,0.0,0.0,10000000000.0,0.27006516891365734,2.060525046810688e-05,1.7734833718312848,0.17309929874331423
NeIII_3869,3870.16,7.187734340499446,3.2297545797600926,75.2431201238131,34.59835887422681,0.27006516891365734,2.060525046810688e-05,1.7734833718312848,0.17309929874331423
