line,wl,amp,amp_err,flux,flux_err,z,zerr,FWHM,FWHMerr
HI_6563,6564.61,1.2705269439080666,1.2705269439080666,27.312846657904227,49.24985248755885,0.2689984202490909,7.699579684550201e-05,3.6419621566000817,0.7733618913021908
HI_4861,4862.683,5.087610968352465,5.087610968352465,109.36969019032252,55.296518294229564,0.2689984202490909,7.699579684550201e-05,3.6419621566000817,0.7733618913021908
HI_4341,4341.684,9.693361359370329,9.693361359370329,208.38069879397457,69.50342815419413,0.2689984202490909,7.699579684550201e-05,3.6419621566000817,0.7733618913021908
HI_4102,4102.892,0.0,0.0,0.0,10000000000.0,0.2689984202490909,7.699579684550201e-05,3.6419621566000817,0.7733618913021908
OIII_4363,4364.436,0.0,0.0,0.0,10000000000.0,0.2689984202490909,7.699579684550201e-05,3.6419621566000817,0.7733618913021908
OIII_5007,5008.24,4.114951512545758,4.114951512545758,88.46017804326533,53.14601391878991,0.2689984202490909,7.699579684550201e-05,3.6419621566000817,0.7733618913021908
OIII_4959,4960.295,0.0,0.0,0.0,10000000000.0,0.2689984202490909,7.699579684550201e-05,3.6419621566000817,0.7733618913021908
OII_3726,3727.092,4.391573904746565,4.391573904746565,94.40680122709446,60.4852323257012,0.2689984202490909,7.699579684550201e-05,3.6419621566000817,0.7733618913021908
OII_3729,3729.875,8.25370837106027,8.25370837106027,177.4321057721241,67.55548934418252,0.2689984202490909,7.699579684550201e-05,3.6419621566000817,0.7733618913021908
OI_6300,6302.046,1.0314636800382004,1.0314636800382004,22.173641780019942,49.104273192414304,0.2689984202490909,7.699579684550201e-05,3.6419621566000817,0.7733618913021908
SII_6717,6718.29,0.0,0.0,0.0,10000000000.0,0.2689984202490909,7.699579684550201e-05,3.6419621566000817,0.7733618913021908
SII_6731,6732.67,0.0,0.0,0.0,10000000000.0,0.2689984202490909,7.699579684550201e-05,3.6419621566000817,0.7733618913021908
NII_6548,6549.85,1.647831114137034,1.647831114137034,35.423852090936,49.54037151432931,0.2689984202490909,7.699579684550201e-05,3.6419621566000817,0.7733618913021908
NII_6584,6585.28,0.0,0.0,0.0,10000000000.0,0.2689984202490909,7.699579684550201e-05,3.6419621566000817,0.7733618913021908
NII_5755,5756.24,1.034179776307269,1.034179776307269,22.23203040472474,49.10589868509737,0.2689984202490909,7.699579684550201e-05,3.6419621566000817,0.7733618913021908
HeI_5876,5877.594,0.26217936167040534,0.26217936167040534,5.636137617156385,48.83973348206933,0.2689984202490909,7.699579684550201e-05,3.6419621566000817,0.7733618913021908
HeII_4686,4687.02,0.0,0.0,0.0,10000000000.0,0.2689984202490909,7.699579684550201e-05,3.6419621566000817,0.7733618913021908
NeIII_3869,3870.16,4.856179213214546,2.328810527617943,104.39454183147826,54.751487263889636,0.2689984202490909,7.699579684550201e-05,3.6419621566000817,0.7733618913021908
