line,wl,amp,amp_err,flux,flux_err,z,zerr,FWHM,FWHMerr
HI_6563,6564.61,1.37269178499605,1.37269178499605,7.82014742042309,26.08294455820252,0.27036701470146385,1.786909592199151e-05,0.9651487385032764,0.242068819382954
HI_4861,4862.683,0.0,0.0,0.0,10000000000.0,0.27036701470146385,1.786909592199151e-05,0.9651487385032764,0.242068819382954
HI_4341,4341.684,0.0,0.0,0.0,10000000000.0,0.27036701470146385,1.786909592199151e-05,0.9651487385032764,0.242068819382954
HI_4102,4102.892,0.0,0.0,0.0,10000000000.0,0.27036701470146385,1.786909592199151e-05,0.9651487385032764,0.242068819382954
OIII_4363,4364.436,0.0,0.0,0.0,10000000000.0,0.27036701470146385,1.786909592199151e-05,0.9651487385032764,0.242068819382954
OIII_5007,5008.24,0.0,0.0,0.0,10000000000.0,0.27036701470146385,1.786909592199151e-05,0.9651487385032764,0.242068819382954
OIII_4959,4960.295,39.31427591229749,39.31427591229749,223.97120513272358,86.79757944968489,0.27036701470146385,1.786909592199151e-05,0.9651487385032764,0.242068819382954
OII_3726,3727.092,1.7424159510474055,1.7424159510474055,9.926445072246587,17.928098973740244,0.27036701470146385,1.786909592199151e-05,0.9651487385032764,0.242068819382954
OII_3729,3729.875,0.0,0.0,0.0,10000000000.0,0.27036701470146385,1.786909592199151e-05,0.9651487385032764,0.242068819382954
OI_6300,6302.046,0.0,0.0,0.0,10000000000.0,0.27036701470146385,1.786909592199151e-05,0.9651487385032764,0.242068819382954
SII_6717,6718.29,0.0,0.0,0.0,10000000000.0,0.27036701470146385,1.786909592199151e-05,0.9651487385032764,0.242068819382954
SII_6731,6732.67,3.1343383413561696,3.1343383413561696,17.856148162903274,41.35094171531183,0.27036701470146385,1.786909592199151e-05,0.9651487385032764,0.242068819382954
NII_6548,6549.85,0.0,0.0,0.0,10000000000.0,0.27036701470146385,1.786909592199151e-05,0.9651487385032764,0.242068819382954
NII_6584,6585.28,0.9449842854030521,0.9449842854030521,5.383521998608231,25.571572607151612,0.27036701470146385,1.786909592199151e-05,0.9651487385032764,0.242068819382954
NII_5755,5756.24,0.0,0.0,0.0,10000000000.0,0.27036701470146385,1.786909592199151e-05,0.9651487385032764,0.242068819382954
HeI_5876,5877.594,15.825016572613436,15.825016572613436,90.15422389872589,70.01583383753561,0.27036701470146385,1.786909592199151e-05,0.9651487385032764,0.242068819382954
HeII_4686,4687.02,0.0,0.0,0.0,10000000000.0,0.27036701470146385,1.786909592199151e-05,0.9651487385032764,0.242068819382954
NeIII_3869,3870.16,0.0,10000000000.0,0.0,10000000000.0,0.27036701470146385,1.786909592199151e-05,0.9651487385032764,0.242068819382954
