line,wl,amp,amp_err,flux,flux_err,z,zerr,FWHM,FWHMerr
HI_6563,6564.61,15.57987640794886,15.57987640794886,380.9045633611724,56.95219189812654,0.26971171348445533,2.5124397714915545e-05,4.14194673207885,0.305418838970484
HI_4861,4862.683,8.962076103760069,8.962076103760069,219.10929173806906,50.83126887462827,0.26971171348445533,2.5124397714915545e-05,4.14194673207885,0.305418838970484
HI_4341,4341.684,2.7047147649714134,2.7047147649714134,66.12621111951339,47.82573433346035,0.26971171348445533,2.5124397714915545e-05,4.14194673207885,0.305418838970484
HI_4102,4102.892,0.0,0.0,0.0,10000000000.0,0.26971171348445533,2.5124397714915545e-05,4.14194673207885,0.305418838970484
OIII_4363,4364.436,2.517410583434298,2.517410583434298,61.54690537818438,47.78419691560278,0.26971171348445533,2.5124397714915545e-05,4.14194673207885,0.305418838970484
OIII_5007,5008.24,28.008342426685658,28.008342426685658,684.7618789237522,73.78338858441413,0.26971171348445533,2.5124397714915545e-05,4.14194673207885,0.305418838970484
OIII_4959,4960.295,9.121697157414019,9.121697157414019,223.01178660730227,50.94644105478193,0.26971171348445533,2.5124397714915545e-05,4.14194673207885,0.305418838970484
OII_3726,3727.092,13.110556510680112,13.110556510680112,320.53340298480856,59.770143120849994,0.26971171348445533,2.5124397714915545e-05,4.14194673207885,0.305418838970484
OII_3729,3729.875,12.659604543463388,12.659604543463388,309.50830511677214,59.512466028289296,0.26971171348445533,2.5124397714915545e-05,4.14194673207885,0.305418838970484
OI_6300,6302.046,0.0,0.0,0.0,10000000000.0,0.26971171348445533,2.5124397714915545e-05,4.14194673207885,0.305418838970484
SII_6717,6718.29,0.9316024171113213,0.9316024171113213,22.77627900404622,47.551175715976576,0.26971171348445533,2.5124397714915545e-05,4.14194673207885,0.305418838970484
SII_6731,6732.67,4.214435413162505,4.214435413162505,103.03661202636385,48.267355400695244,0.26971171348445533,2.5124397714915545e-05,4.14194673207885,0.305418838970484
NII_6548,6549.85,0.0,0.0,0.0,10000000000.0,0.26971171348445533,2.5124397714915545e-05,4.14194673207885,0.305418838970484
NII_6584,6585.28,1.6338416477216242,1.6338416477216242,39.944972805380324,47.62806988427933,0.26971171348445533,2.5124397714915545e-05,4.14194673207885,0.305418838970484
NII_5755,5756.24,0.0,0.0,0.0,10000000000.0,0.26971171348445533,2.5124397714915545e-05,4.14194673207885,0.305418838970484
HeI_5876,5877.594,3.172535001889514,3.172535001889514,77.56371283062416,47.94236599861111,0.26971171348445533,2.5124397714915545e-05,4.14194673207885,0.305418838970484
HeII_4686,4687.02,0.0,0.0,0.0,10000000000.0,0.26971171348445533,2.5124397714915545e-05,4.14194673207885,0.305418838970484
NeIII_3869,3870.16,1.6436921458712277,1.9443803566307356,40.18580268094021,47.62944386798385,0.26971171348445533,2.5124397714915545e-05,4.14194673207885,0.305418838970484
