line,wl,amp,amp_err,flux,flux_err,z,zerr,FWHM,FWHMerr
HI_6563,6564.61,168.7209777750968,168.7209777750968,3843.7140935184543,70.14173292108198,0.26958717827556533,3.4180657416868866e-06,3.8595292297221704,0.04456592983908712
HI_4861,4862.683,54.90037320506303,54.90037320506303,1250.711921009685,52.13665374125363,0.26958717827556533,3.4180657416868866e-06,3.8595292297221704,0.04456592983908712
HI_4341,4341.684,24.832417521449997,24.832417521449997,565.7192985839854,50.108486166159885,0.26958717827556533,3.4180657416868866e-06,3.8595292297221704,0.04456592983908712
HI_4102,4102.892,9.266809835936328,9.266809835936328,211.11167110365847,49.64823454881921,0.26958717827556533,3.4180657416868866e-06,3.8595292297221704,0.04456592983908712
OIII_4363,4364.436,2.2002595465269223,2.2002595465269223,50.12517554075206,49.57760723705711,0.26958717827556533,3.4180657416868866e-06,3.8595292297221704,0.04456592983908712
OIII_5007,5008.24,168.95019290867208,168.95019290867208,3848.9359541962976,70.18935334217228,0.26958717827556533,3.4180657416868866e-06,3.8595292297221704,0.04456592983908712
OIII_4959,4960.295,48.20758621400887,48.20758621400887,1098.240307688885,51.56102996930592,0.26958717827556533,3.4180657416868866e-06,3.8595292297221704,0.04456592983908712
OII_3726,3727.092,73.98529172694998,73.98529172694998,1685.4946686180606,58.666709765647596,0.26958717827556533,3.4180657416868866e-06,3.8595292297221704,0.04456592983908712
OII_3729,3729.875,89.57056965522293,89.57056965522293,2040.5504134001824,60.007762837126705,0.26958717827556533,3.4180657416868866e-06,3.8595292297221704,0.04456592983908712
OI_6300,6302.046,6.683983597422184,6.683983597422184,152.27105895808685,49.612337526599546,0.26958717827556533,3.4180657416868866e-06,3.8595292297221704,0.04456592983908712
SII_6717,6718.29,20.690911724726334,20.690911724726334,471.3696545197206,49.94548176590947,0.26958717827556533,3.4180657416868866e-06,3.8595292297221704,0.04456592983908712
SII_6731,6732.67,13.587222071112478,13.587222071112478,309.5370691611088,49.73417659869719,0.26958717827556533,3.4180657416868866e-06,3.8595292297221704,0.04456592983908712
NII_6548,6549.85,2.4905408337290282,2.4905408337290282,56.738213761705865,49.57879579212047,0.26958717827556533,3.4180657416868866e-06,3.8595292297221704,0.04456592983908712
NII_6584,6585.28,14.677665731682168,14.677665731682168,334.37899291943717,49.76097859149487,0.26958717827556533,3.4180657416868866e-06,3.8595292297221704,0.04456592983908712
NII_5755,5756.24,1.3350637212063248,1.3350637212063248,30.414731520737828,49.57492791300447,0.26958717827556533,3.4180657416868866e-06,3.8595292297221704,0.04456592983908712
HeI_5876,5877.594,5.28614488079063,5.28614488079063,120.42621994379157,49.597737420978646,0.26958717827556533,3.4180657416868866e-06,3.8595292297221704,0.04456592983908712
HeII_4686,4687.02,0.0,0.0,0.0,10000000000.0,0.26958717827556533,3.4180657416868866e-06,3.8595292297221704,0.04456592983908712
NeIII_3869,3870.16,15.523554945686215,2.1778835646182544,353.6496037012015,49.78318325916875,0.26958717827556533,3.4180657416868866e-06,3.8595292297221704,0.04456592983908712
