line,wl,amp,amp_err,flux,flux_err,z,zerr,FWHM,FWHMerr
HI_6563,6564.61,84.30100284734272,84.30100284734272,1607.8959576178233,57.792673230396915,0.2699002385111963,5.4175005051941915e-06,3.231301960642199,0.06881391144071433
HI_4861,4862.683,26.016357572182415,26.016357572182415,496.21706455856884,44.876899563597306,0.2699002385111963,5.4175005051941915e-06,3.231301960642199,0.06881391144071433
HI_4341,4341.684,13.850236194821946,13.850236194821946,264.1693222799928,43.74797285914916,0.2699002385111963,5.4175005051941915e-06,3.231301960642199,0.06881391144071433
HI_4102,4102.892,6.4199562707241284,6.4199562707241284,122.44957221295863,43.3920145553941,0.2699002385111963,5.4175005051941915e-06,3.231301960642199,0.06881391144071433
OIII_4363,4364.436,5.063903992659789,5.063903992659789,96.58521826017738,43.35453976996925,0.2699002385111963,5.4175005051941915e-06,3.231301960642199,0.06881391144071433
OIII_5007,5008.24,100.81054884062041,100.81054884062041,1922.787019029835,63.008021708551304,0.2699002385111963,5.4175005051941915e-06,3.231301960642199,0.06881391144071433
OIII_4959,4960.295,48.42368000200372,48.42368000200372,923.5980201705879,48.55934283604076,0.2699002385111963,5.4175005051941915e-06,3.231301960642199,0.06881391144071433
OII_3726,3727.092,33.90549546875559,33.90549546875559,646.6887375463764,47.551447802810024,0.2699002385111963,5.4175005051941915e-06,3.231301960642199,0.06881391144071433
OII_3729,3729.875,36.05084348278683,36.05084348278683,687.6075437637925,47.82296991891859,0.2699002385111963,5.4175005051941915e-06,3.231301960642199,0.06881391144071433
OI_6300,6302.046,1.0295745988795488,1.0295745988795488,19.637356374065966,43.29660141449178,0.2699002385111963,5.4175005051941915e-06,3.231301960642199,0.06881391144071433
SII_6717,6718.29,8.480317297399779,8.480317297399779,161.74739850363972,43.46496552646617,0.2699002385111963,5.4175005051941915e-06,3.231301960642199,0.06881391144071433
SII_6731,6732.67,6.556678608469497,6.556678608469497,125.05731454996176,43.39575490328172,0.2699002385111963,5.4175005051941915e-06,3.231301960642199,0.06881391144071433
NII_6548,6549.85,0.022579445001724707,0.022579445001724707,0.43066389624416573,43.29380777747005,0.2699002385111963,5.4175005051941915e-06,3.231301960642199,0.06881391144071433
NII_6584,6585.28,1.1485980206985005,1.1485980206985005,21.90752247340752,43.29693167465104,0.2699002385111963,5.4175005051941915e-06,3.231301960642199,0.06881391144071433
NII_5755,5756.24,0.0,0.0,0.0,10000000000.0,0.2699002385111963,5.4175005051941915e-06,3.231301960642199,0.06881391144071433
HeI_5876,5877.594,3.038848919986208,3.038848919986208,57.96079203358054,43.3158768725832,0.2699002385111963,5.4175005051941915e-06,3.231301960642199,0.06881391144071433
HeII_4686,4687.02,2.1600499167107046e-12,2.1600499167107046e-12,4.119921960621535e-11,43.2937390725781,0.2699002385111963,5.4175005051941915e-06,3.231301960642199,0.06881391144071433
NeIII_3869,3870.16,5.760089112286778,2.270681522468735,109.86374641278998,43.37247703013048,0.2699002385111963,5.4175005051941915e-06,3.231301960642199,0.06881391144071433
