line,wl,amp,amp_err,flux,flux_err,z,zerr,FWHM,FWHMerr
HI_6563,6564.61,108.18623804555091,108.18623804555091,3374.565253328704,93.02620405093167,0.2692532761619976,6.036131175210701e-06,5.284430042159358,0.06903200933307656
HI_4861,4862.683,88.59451362872551,88.59451362872551,2763.4565424224793,88.62135811369028,0.2692532761619976,6.036131175210701e-06,5.284430042159358,0.06903200933307656
HI_4341,4341.684,41.758912014432326,41.758912014432326,1302.5517482305047,81.15836377038603,0.2692532761619976,6.036131175210701e-06,5.284430042159358,0.06903200933307656
HI_4102,4102.892,10.386549397553267,10.386549397553267,323.97918008950353,79.03897492491286,0.2692532761619976,6.036131175210701e-06,5.284430042159358,0.06903200933307656
OIII_4363,4364.436,0.4599361612922621,0.4599361612922621,14.346414263824961,78.89748713917601,0.2692532761619976,6.036131175210701e-06,5.284430042159358,0.06903200933307656
OIII_5007,5008.24,170.23236091470972,170.23236091470972,5309.919454755595,110.63031543014178,0.2692532761619976,6.036131175210701e-06,5.284430042159358,0.06903200933307656
OIII_4959,4960.295,84.59550360163644,84.59550360163644,2638.718678079272,87.80664760932714,0.2692532761619976,6.036131175210701e-06,5.284430042159358,0.06903200933307656
OII_3726,3727.092,101.80824574192661,101.80824574192661,3175.621731466465,115.77877519644639,0.2692532761619976,6.036131175210701e-06,5.284430042159358,0.06903200933307656
OII_3729,3729.875,143.8204233257909,143.8204233257909,4486.073386431039,119.89976051358542,0.2692532761619976,6.036131175210701e-06,5.284430042159358,0.06903200933307656
OI_6300,6302.046,8.771367813670281,8.771367813670281,273.5981357972245,78.99831887599954,0.2692532761619976,6.036131175210701e-06,5.284430042159358,0.06903200933307656
SII_6717,6718.29,18.309395913818435,18.309395913818435,571.1100818035253,79.3368897504094,0.2692532761619976,6.036131175210701e-06,5.284430042159358,0.06903200933307656
SII_6731,6732.67,18.643714126394457,18.643714126394457,581.5381976535191,79.35304447925915,0.2692532761619976,6.036131175210701e-06,5.284430042159358,0.06903200933307656
NII_6548,6549.85,4.69924027844138,4.69924027844138,146.57957654460773,78.92623442178007,0.2692532761619976,6.036131175210701e-06,5.284430042159358,0.06903200933307656
NII_6584,6585.28,30.385553855605394,30.385553855605394,947.7918457715593,80.10234310839944,0.2692532761619976,6.036131175210701e-06,5.284430042159358,0.06903200933307656
NII_5755,5756.24,2.8819324063459817,2.8819324063459817,89.8937714869278,78.90813150405904,0.2692532761619976,6.036131175210701e-06,5.284430042159358,0.06903200933307656
HeI_5876,5877.594,15.62500020930861,15.62500020930861,487.37791185035985,79.2176617857495,0.2692532761619976,6.036131175210701e-06,5.284430042159358,0.06903200933307656
HeII_4686,4687.02,0.0,0.0,0.0,10000000000.0,0.2692532761619976,6.036131175210701e-06,5.284430042159358,0.06903200933307656
NeIII_3869,3870.16,23.523025964722933,2.5340521482378437,733.7345997767354,79.6216590942483,0.2692532761619976,6.036131175210701e-06,5.284430042159358,0.06903200933307656
