line,wl,amp,amp_err,flux,flux_err,z,zerr,FWHM,FWHMerr
HI_6563,6564.61,191.34304069076097,191.34304069076097,4946.391477189479,85.28364296669761,0.26952270990707655,3.6643989365757444e-06,4.379536556509402,0.04814238089104164
HI_4861,4862.683,58.43232738727443,58.43232738727443,1510.528761000898,62.62870384829936,0.26952270990707655,3.6643989365757444e-06,4.379536556509402,0.04814238089104164
HI_4341,4341.684,26.58689916755452,26.58689916755452,687.2955032622604,60.40749163229378,0.26952270990707655,3.6643989365757444e-06,4.379536556509402,0.04814238089104164
HI_4102,4102.892,13.688932465401308,13.688932465401308,353.8713435003587,59.97190978626753,0.26952270990707655,3.6643989365757444e-06,4.379536556509402,0.04814238089104164
OIII_4363,4364.436,0.0,0.0,0.0,10000000000.0,0.26952270990707655,3.6643989365757444e-06,4.379536556509402,0.04814238089104164
OIII_5007,5008.24,186.95709229482304,186.95709229482304,4833.0107255993435,84.29602292811252,0.26952270990707655,3.6643989365757444e-06,4.379536556509402,0.04814238089104164
OIII_4959,4960.295,58.386900290069434,58.386900290069434,1509.3544292580916,62.62441969898723,0.26952270990707655,3.6643989365757444e-06,4.379536556509402,0.04814238089104164
OII_3726,3727.092,72.16436927163068,72.16436927163068,1865.5145221552016,72.6948291829784,0.26952270990707655,3.6643989365757444e-06,4.379536556509402,0.04814238089104164
OII_3729,3729.875,111.52717288056283,111.52717288056283,2883.078764819119,75.85497706362376,0.26952270990707655,3.6643989365757444e-06,4.379536556509402,0.04814238089104164
OI_6300,6302.046,7.195310438889237,7.195310438889237,186.00531329579064,59.85767313966439,0.26952270990707655,3.6643989365757444e-06,4.379536556509402,0.04814238089104164
SII_6717,6718.29,29.275129594219834,29.275129594219834,756.788702613413,60.53282562657641,0.26952270990707655,3.6643989365757444e-06,4.379536556509402,0.04814238089104164
SII_6731,6732.67,17.84517113406082,17.84517113406082,461.31388990082166,60.08210116492048,0.26952270990707655,3.6643989365757444e-06,4.379536556509402,0.04814238089104164
NII_6548,6549.85,0.6237859264595045,0.6237859264595045,16.125433039483518,59.814332742222916,0.26952270990707655,3.6643989365757444e-06,4.379536556509402,0.04814238089104164
NII_6584,6585.28,16.65018278871912,16.65018278871912,430.4223552758869,60.04745904699918,0.26952270990707655,3.6643989365757444e-06,4.379536556509402,0.04814238089104164
NII_5755,5756.24,0.6715924151532136,0.6715924151532136,17.36127421444994,59.814380710097424,0.26952270990707655,3.6643989365757444e-06,4.379536556509402,0.04814238089104164
HeI_5876,5877.594,4.826687819424137,4.826687819424137,124.77426619157211,59.83365519045561,0.26952270990707655,3.6643989365757444e-06,4.379536556509402,0.04814238089104164
HeII_4686,4687.02,0.0,0.0,0.0,10000000000.0,0.26952270990707655,3.6643989365757444e-06,4.379536556509402,0.04814238089104164
NeIII_3869,3870.16,12.494694466828264,2.3148255039564742,322.9992060212413,59.94558643702331,0.26952270990707655,3.6643989365757444e-06,4.379536556509402,0.04814238089104164
