line,wl,amp,amp_err,flux,flux_err,z,zerr,FWHM,FWHMerr
HI_6563,6564.61,13.940417558033118,13.940417558033118,454.27529973837,84.74046885399791,0.26931001816767813,4.9781376307557926e-05,5.520719515285165,0.5800997372567317
HI_4861,4862.683,5.787443865580144,5.787443865580144,188.5949818798939,69.45761064446837,0.26931001816767813,4.9781376307557926e-05,5.520719515285165,0.5800997372567317
HI_4341,4341.684,3.999581287870569,3.999581287870569,130.33404349702496,67.58707699770744,0.26931001816767813,4.9781376307557926e-05,5.520719515285165,0.5800997372567317
HI_4102,4102.892,6.911874329711054,6.911874329711054,225.2367097192208,70.94849456316521,0.26931001816767813,4.9781376307557926e-05,5.520719515285165,0.5800997372567317
OIII_4363,4364.436,0.0,0.0,0.0,10000000000.0,0.26931001816767813,4.9781376307557926e-05,5.520719515285165,0.5800997372567317
OIII_5007,5008.24,12.183408745892052,12.183408745892052,397.0197906077701,80.6753834946839,0.26931001816767813,4.9781376307557926e-05,5.520719515285165,0.5800997372567317
OIII_4959,4960.295,7.887782563958012,7.887782563958012,257.0385552366969,72.42444239621395,0.26931001816767813,4.9781376307557926e-05,5.520719515285165,0.5800997372567317
OII_3726,3727.092,16.90353760837263,16.90353760837263,550.8342617224812,105.09643145076659,0.26931001816767813,4.9781376307557926e-05,5.520719515285165,0.5800997372567317
OII_3729,3729.875,7.610634427077343,7.610634427077343,248.00715051519006,97.90991469457106,0.26931001816767813,4.9781376307557926e-05,5.520719515285165,0.5800997372567317
OI_6300,6302.046,1.6017796266696678,1.6017796266696678,52.19706777010223,66.11519079754572,0.26931001816767813,4.9781376307557926e-05,5.520719515285165,0.5800997372567317
SII_6717,6718.29,4.244938756714987,4.244938756714987,138.32948819861622,67.80616188171544,0.26931001816767813,4.9781376307557926e-05,5.520719515285165,0.5800997372567317
SII_6731,6732.67,1.9850949158186495,1.9850949158186495,64.68813320250827,66.26749826402464,0.26931001816767813,4.9781376307557926e-05,5.520719515285165,0.5800997372567317
NII_6548,6549.85,0.0,0.0,0.0,10000000000.0,0.26931001816767813,4.9781376307557926e-05,5.520719515285165,0.5800997372567317
NII_6584,6585.28,2.3535378797820385,2.3535378797820385,76.69455533399693,66.443772956716,0.26931001816767813,4.9781376307557926e-05,5.520719515285165,0.5800997372567317
NII_5755,5756.24,2.6974911875348653,2.6974911875348653,87.90293494852153,66.63512392419909,0.26931001816767813,4.9781376307557926e-05,5.520719515285165,0.5800997372567317
HeI_5876,5877.594,0.0,0.0,0.0,10000000000.0,0.26931001816767813,4.9781376307557926e-05,5.520719515285165,0.5800997372567317
HeII_4686,4687.02,0.0,0.0,0.0,10000000000.0,0.26931001816767813,4.9781376307557926e-05,5.520719515285165,0.5800997372567317
NeIII_3869,3870.16,0.9228012690271044,2.020723947436302,30.071252983714977,65.92494186665445,0.26931001816767813,4.9781376307557926e-05,5.520719515285165,0.5800997372567317
