line,wl,amp,amp_err,flux,flux_err,z,zerr,FWHM,FWHMerr
HI_6563,6564.61,3.004252537937532,3.004252537937532,35.99829706503099,34.203770752617785,0.2700384051062795,1.758204580769853e-05,2.0300085243722603,0.16030744018804785
HI_4861,4862.683,1.463610363259022,1.463610363259022,17.53763373042767,34.365390180310264,0.2700384051062795,1.758204580769853e-05,2.0300085243722603,0.16030744018804785
HI_4341,4341.684,0.0,0.0,0.0,10000000000.0,0.2700384051062795,1.758204580769853e-05,2.0300085243722603,0.16030744018804785
HI_4102,4102.892,1.825770368614485,1.825770368614485,21.8771968308085,34.32875468328889,0.2700384051062795,1.758204580769853e-05,2.0300085243722603,0.16030744018804785
OIII_4363,4364.436,0.0,0.0,0.0,10000000000.0,0.2700384051062795,1.758204580769853e-05,2.0300085243722603,0.16030744018804785
OIII_5007,5008.24,0.06735016490188173,0.06735016490188173,0.807019787085281,34.53920908154187,0.2700384051062795,1.758204580769853e-05,2.0300085243722603,0.16030744018804785
OIII_4959,4960.295,40.97290938053948,40.97290938053948,490.9557185601432,54.14687786022871,0.2700384051062795,1.758204580769853e-05,2.0300085243722603,0.16030744018804785
OII_3726,3727.092,1.6960518585864293,1.6960518585864293,20.32285164848606,34.13257105922523,0.2700384051062795,1.758204580769853e-05,2.0300085243722603,0.16030744018804785
OII_3729,3729.875,10.468236663133894,10.468236663133894,125.43509188653246,35.999324546039986,0.2700384051062795,1.758204580769853e-05,2.0300085243722603,0.16030744018804785
OI_6300,6302.046,0.0,0.0,0.0,10000000000.0,0.2700384051062795,1.758204580769853e-05,2.0300085243722603,0.16030744018804785
SII_6717,6718.29,0.0,0.0,0.0,10000000000.0,0.2700384051062795,1.758204580769853e-05,2.0300085243722603,0.16030744018804785
SII_6731,6732.67,5.505874185656012,5.505874185656012,65.97384608485665,34.89779790742057,0.2700384051062795,1.758204580769853e-05,2.0300085243722603,0.16030744018804785
NII_6548,6549.85,0.0,0.0,0.0,10000000000.0,0.2700384051062795,1.758204580769853e-05,2.0300085243722603,0.16030744018804785
NII_6584,6585.28,1.3247476162272278,1.3247476162272278,15.873718212077621,34.09157565650402,0.2700384051062795,1.758204580769853e-05,2.0300085243722603,0.16030744018804785
NII_5755,5756.24,0.0,0.0,0.0,10000000000.0,0.2700384051062795,1.758204580769853e-05,2.0300085243722603,0.16030744018804785
HeI_5876,5877.594,2.2038805070811804,2.2038805070811804,26.40788155718922,34.15152635872322,0.2700384051062795,1.758204580769853e-05,2.0300085243722603,0.16030744018804785
HeII_4686,4687.02,0.0,0.0,0.0,10000000000.0,0.2700384051062795,1.758204580769853e-05,2.0300085243722603,0.16030744018804785
NeIII_3869,3870.16,0.0,10000000000.0,0.0,10000000000.0,0.2700384051062795,1.758204580769853e-05,2.0300085243722603,0.16030744018804785
