line,wl,amp,amp_err,flux,flux_err,z,zerr,FWHM,FWHMerr
HI_6563,6564.61,34.32810345195162,34.32810345195162,94.27806767294803,585.3146314737552,0.2712236865743446,2.4733416360331133e-05,0.4652787350192672,1.669079051759491
HI_4861,4862.683,0.0,0.0,0.0,10000000000.0,0.2712236865743446,2.4733416360331133e-05,0.4652787350192672,1.669079051759491
HI_4341,4341.684,0.0,0.0,0.0,10000000000.0,0.2712236865743446,2.4733416360331133e-05,0.4652787350192672,1.669079051759491
HI_4102,4102.892,5.78957606467668,5.78957606467668,15.900384499459923,247.18315178687772,0.2712236865743446,2.4733416360331133e-05,0.4652787350192672,1.669079051759491
OIII_4363,4364.436,5.186745337392381,5.186745337392381,14.24478135255754,246.06197925145688,0.2712236865743446,2.4733416360331133e-05,0.4652787350192672,1.669079051759491
OIII_5007,5008.24,0.0,0.0,0.0,10000000000.0,0.2712236865743446,2.4733416360331133e-05,0.4652787350192672,1.669079051759491
OIII_4959,4960.295,0.0,0.0,0.0,10000000000.0,0.2712236865743446,2.4733416360331133e-05,0.4652787350192672,1.669079051759491
OII_3726,3727.092,0.0,0.0,0.0,10000000000.0,0.2712236865743446,2.4733416360331133e-05,0.4652787350192672,1.669079051759491
OII_3729,3729.875,0.0,0.0,0.0,10000000000.0,0.2712236865743446,2.4733416360331133e-05,0.4652787350192672,1.669079051759491
OI_6300,6302.046,0.0,0.0,0.0,10000000000.0,0.2712236865743446,2.4733416360331133e-05,0.4652787350192672,1.669079051759491
SII_6717,6718.29,24.5652452239774,24.5652452239774,67.46553461277914,2549.6625765840226,0.2712236865743446,2.4733416360331133e-05,0.4652787350192672,1.669079051759491
SII_6731,6732.67,0.0,0.0,0.0,10000000000.0,0.2712236865743446,2.4733416360331133e-05,0.4652787350192672,1.669079051759491
NII_6548,6549.85,0.0,0.0,0.0,10000000000.0,0.2712236865743446,2.4733416360331133e-05,0.4652787350192672,1.669079051759491
NII_6584,6585.28,0.0,0.0,0.0,10000000000.0,0.2712236865743446,2.4733416360331133e-05,0.4652787350192672,1.669079051759491
NII_5755,5756.24,6.241353245000255,6.241353245000255,17.1411369820215,66.10681107223083,0.2712236865743446,2.4733416360331133e-05,0.4652787350192672,1.669079051759491
HeI_5876,5877.594,0.0,0.0,0.0,10000000000.0,0.2712236865743446,2.4733416360331133e-05,0.4652787350192672,1.669079051759491
HeII_4686,4687.02,0.0,0.0,0.0,10000000000.0,0.2712236865743446,2.4733416360331133e-05,0.4652787350192672,1.669079051759491
NeIII_3869,3870.16,0.0,10000000000.0,0.0,10000000000.0,0.2712236865743446,2.4733416360331133e-05,0.4652787350192672,1.669079051759491
