line,wl,amp,amp_err,flux,flux_err,z,zerr,FWHM,FWHMerr
HI_6563,6564.61,33.01334658478527,33.01334658478527,1235.3216048963552,88.42324965936876,0.26923936513833713,2.3562438480378765e-05,6.3393222275700944,0.2895939095832208
HI_4861,4862.683,9.240337511606072,9.240337511606072,345.76284277347077,64.42012550228674,0.26923936513833713,2.3562438480378765e-05,6.3393222275700944,0.2895939095832208
HI_4341,4341.684,9.523354706068972,9.523354706068972,356.3530219296276,64.5704984269806,0.26923936513833713,2.3562438480378765e-05,6.3393222275700944,0.2895939095832208
HI_4102,4102.892,4.074412233637418,4.074412233637418,152.4598376156737,62.439865370481066,0.26923936513833713,2.3562438480378765e-05,6.3393222275700944,0.2895939095832208
OIII_4363,4364.436,0.5469223543990438,0.5469223543990438,20.465207877510142,61.961262369866105,0.26923936513833713,2.3562438480378765e-05,6.3393222275700944,0.2895939095832208
OIII_5007,5008.24,21.083517971100036,21.083517971100036,788.9210865075905,73.90272025846565,0.26923936513833713,2.3562438480378765e-05,6.3393222275700944,0.2895939095832208
OIII_4959,4960.295,14.825506818213853,14.825506818213853,554.753479143439,68.12408096852539,0.26923936513833713,2.3562438480378765e-05,6.3393222275700944,0.2895939095832208
OII_3726,3727.092,22.441556159087327,22.441556159087327,839.7373195600783,97.99993959467011,0.26923936513833713,2.3562438480378765e-05,6.3393222275700944,0.2895939095832208
OII_3729,3729.875,19.650651081613432,19.650651081613432,735.3048491783161,97.08153518955996,0.26923936513833713,2.3562438480378765e-05,6.3393222275700944,0.2895939095832208
OI_6300,6302.046,2.690769066841426,2.690769066841426,100.6854955924984,62.165496403579084,0.26923936513833713,2.3562438480378765e-05,6.3393222275700944,0.2895939095832208
SII_6717,6718.29,3.8256437554224476,3.8256437554224476,143.15120618181086,62.38242424034939,0.26923936513833713,2.3562438480378765e-05,6.3393222275700944,0.2895939095832208
SII_6731,6732.67,5.704129297015129,5.704129297015129,213.44198291525257,62.90428518481062,0.26923936513833713,2.3562438480378765e-05,6.3393222275700944,0.2895939095832208
NII_6548,6549.85,1.4093818419490844,1.4093818419490844,52.73745375789048,62.01104512222744,0.26923936513833713,2.3562438480378765e-05,6.3393222275700944,0.2895939095832208
NII_6584,6585.28,4.146485936280669,4.146485936280669,155.1567529917452,62.457194661673746,0.26923936513833713,2.3562438480378765e-05,6.3393222275700944,0.2895939095832208
NII_5755,5756.24,1.4452127440417826,1.4452127440417826,54.07820506174148,62.01398173435972,0.26923936513833713,2.3562438480378765e-05,6.3393222275700944,0.2895939095832208
HeI_5876,5877.594,0.9007993818935347,0.9007993818935347,33.70688079963415,61.97636662546658,0.26923936513833713,2.3562438480378765e-05,6.3393222275700944,0.2895939095832208
HeII_4686,4687.02,0.0,0.0,0.0,10000000000.0,0.26923936513833713,2.3562438480378765e-05,6.3393222275700944,0.2895939095832208
NeIII_3869,3870.16,0.0,10000000000.0,0.0,10000000000.0,0.26923936513833713,2.3562438480378765e-05,6.3393222275700944,0.2895939095832208
