line,wl,amp,amp_err,flux,flux_err,z,zerr,FWHM,FWHMerr
HI_6563,6564.61,6.035061258587575,6.035061258587575,277.1647831447901,75.84929325041561,0.2695171517530859,7.856218531798237e-05,7.780521490007528,0.826876323714672
HI_4861,4862.683,1.8434326625182393,1.8434326625182393,84.66104853896182,69.06254475241381,0.2695171517530859,7.856218531798237e-05,7.780521490007528,0.826876323714672
HI_4341,4341.684,0.0,0.0,0.0,10000000000.0,0.2695171517530859,7.856218531798237e-05,7.780521490007528,0.826876323714672
HI_4102,4102.892,0.0,0.0,0.0,10000000000.0,0.2695171517530859,7.856218531798237e-05,7.780521490007528,0.826876323714672
OIII_4363,4364.436,0.9517730576216081,0.9517730576216081,43.710902311617154,68.52328782423925,0.2695171517530859,7.856218531798237e-05,7.780521490007528,0.826876323714672
OIII_5007,5008.24,10.450542545370809,10.450542545370809,479.9491230037646,88.99454297697112,0.2695171517530859,7.856218531798237e-05,7.780521490007528,0.826876323714672
OIII_4959,4960.295,9.208788282089472,9.208788282089472,422.9206130426182,84.81555346257012,0.2695171517530859,7.856218531798237e-05,7.780521490007528,0.826876323714672
OII_3726,3727.092,11.078402410751323,11.078402410751323,508.7840653477028,125.00289291360001,0.2695171517530859,7.856218531798237e-05,7.780521490007528,0.826876323714672
OII_3729,3729.875,3.226263571041841,3.226263571041841,148.1686108427381,120.99991194155295,0.2695171517530859,7.856218531798237e-05,7.780521490007528,0.826876323714672
OI_6300,6302.046,2.99561638853811,2.99561638853811,137.57596338110082,70.25420194127125,0.2695171517530859,7.856218531798237e-05,7.780521490007528,0.826876323714672
SII_6717,6718.29,0.0,0.0,0.0,10000000000.0,0.2695171517530859,7.856218531798237e-05,7.780521490007528,0.826876323714672
SII_6731,6732.67,1.372599437793724,1.372599437793724,63.03767422069122,68.73459954639682,0.2695171517530859,7.856218531798237e-05,7.780521490007528,0.826876323714672
NII_6548,6549.85,1.2897313714743177,1.2897313714743177,59.23189518267998,68.69106515550189,0.2695171517530859,7.856218531798237e-05,7.780521490007528,0.826876323714672
NII_6584,6585.28,0.2449326909144247,0.2449326909144247,11.248720311789244,68.33926682261176,0.2695171517530859,7.856218531798237e-05,7.780521490007528,0.826876323714672
NII_5755,5756.24,0.0,0.0,0.0,10000000000.0,0.2695171517530859,7.856218531798237e-05,7.780521490007528,0.826876323714672
HeI_5876,5877.594,2.55236130325477,2.55236130325477,117.21913611351233,69.73113676924517,0.2695171517530859,7.856218531798237e-05,7.780521490007528,0.826876323714672
HeII_4686,4687.02,0.0,0.0,0.0,10000000000.0,0.2695171517530859,7.856218531798237e-05,7.780521490007528,0.826876323714672
NeIII_3869,3870.16,2.826708729499046,1.4953081637504337,129.81875054047873,70.04532412386375,0.2695171517530859,7.856218531798237e-05,7.780521490007528,0.826876323714672
