line,wl,amp,amp_err,flux,flux_err,z,zerr,FWHM,FWHMerr
HI_6563,6564.61,8.78159905947382,8.78159905947382,276.38855914902473,71.92879138761467,0.2692957902850758,6.582004951850005e-05,5.332106301453312,0.8331120884483324
HI_4861,4862.683,5.008486649369502,5.008486649369502,157.63511852012377,60.00467963781484,0.2692957902850758,6.582004951850005e-05,5.332106301453312,0.8331120884483324
HI_4341,4341.684,0.0,0.0,0.0,10000000000.0,0.2692957902850758,6.582004951850005e-05,5.332106301453312,0.8331120884483324
HI_4102,4102.892,0.0,0.0,0.0,10000000000.0,0.2692957902850758,6.582004951850005e-05,5.332106301453312,0.8331120884483324
OIII_4363,4364.436,0.0,0.0,0.0,10000000000.0,0.2692957902850758,6.582004951850005e-05,5.332106301453312,0.8331120884483324
OIII_5007,5008.24,6.502291047206199,6.502291047206199,204.65052452674917,64.18955677064764,0.2692957902850758,6.582004951850005e-05,5.332106301453312,0.8331120884483324
OIII_4959,4960.295,5.651222542093251,5.651222542093251,177.8643325960763,61.705834625981666,0.2692957902850758,6.582004951850005e-05,5.332106301453312,0.8331120884483324
OII_3726,3727.092,5.204943614131139,5.204943614131139,163.81832696058214,73.48037311433747,0.2692957902850758,6.582004951850005e-05,5.332106301453312,0.8331120884483324
OII_3729,3729.875,5.795443078575545,5.795443078575545,182.40347245068372,74.16266283124679,0.2692957902850758,6.582004951850005e-05,5.332106301453312,0.8331120884483324
OI_6300,6302.046,0.0,0.0,0.0,10000000000.0,0.2692957902850758,6.582004951850005e-05,5.332106301453312,0.8331120884483324
SII_6717,6718.29,0.0,0.0,0.0,10000000000.0,0.2692957902850758,6.582004951850005e-05,5.332106301453312,0.8331120884483324
SII_6731,6732.67,0.0,0.0,0.0,10000000000.0,0.2692957902850758,6.582004951850005e-05,5.332106301453312,0.8331120884483324
NII_6548,6549.85,1.2698017936056658,1.2698017936056658,39.96523705564692,53.76638657434626,0.2692957902850758,6.582004951850005e-05,5.332106301453312,0.8331120884483324
NII_6584,6585.28,0.709066563096485,0.709066563096485,22.316879236653648,53.45311642846415,0.2692957902850758,6.582004951850005e-05,5.332106301453312,0.8331120884483324
NII_5755,5756.24,0.020124009079268035,0.020124009079268035,0.6333750648431509,53.31088362437698,0.2692957902850758,6.582004951850005e-05,5.332106301453312,0.8331120884483324
HeI_5876,5877.594,4.4621808806977015,4.4621808806977015,140.4409078489927,58.68614309091899,0.2692957902850758,6.582004951850005e-05,5.332106301453312,0.8331120884483324
HeII_4686,4687.02,0.0,0.0,0.0,10000000000.0,0.2692957902850758,6.582004951850005e-05,5.332106301453312,0.8331120884483324
NeIII_3869,3870.16,0.0,10000000000.0,0.0,10000000000.0,0.2692957902850758,6.582004951850005e-05,5.332106301453312,0.8331120884483324
