line,wl,amp,amp_err,flux,flux_err,z,zerr,FWHM,FWHMerr
HI_6563,6564.61,1.9651451721116473,1.9651451721116473,35.629966285688575,40.04954068608905,0.2700746237386295,4.932427951151304e-05,3.0716598034851494,0.5500059710065417
HI_4861,4862.683,0.715197308301299,0.715197308301299,12.96721297949114,39.49435688171665,0.2700746237386295,4.932427951151304e-05,3.0716598034851494,0.5500059710065417
HI_4341,4341.684,4.967978765965768,4.967978765965768,90.07421866404509,43.34152441195907,0.2700746237386295,4.932427951151304e-05,3.0716598034851494,0.5500059710065417
HI_4102,4102.892,4.913430144339827,4.913430144339827,89.08519984902564,43.257093482846116,0.2700746237386295,4.932427951151304e-05,3.0716598034851494,0.5500059710065417
OIII_4363,4364.436,0.0,0.0,0.0,10000000000.0,0.2700746237386295,4.932427951151304e-05,3.0716598034851494,0.5500059710065417
OIII_5007,5008.24,0.9790134663257959,0.9790134663257959,17.750452889411992,39.56912707390498,0.2700746237386295,4.932427951151304e-05,3.0716598034851494,0.5500059710065417
OIII_4959,4960.295,12.558782211938933,12.558782211938933,227.7027637199249,60.25666929691565,0.2700746237386295,4.932427951151304e-05,3.0716598034851494,0.5500059710065417
OII_3726,3727.092,3.6241443342046296,3.6241443342046296,65.7092118560511,41.852725280004236,0.2700746237386295,4.932427951151304e-05,3.0716598034851494,0.5500059710065417
OII_3729,3729.875,0.0,0.0,0.0,10000000000.0,0.2700746237386295,4.932427951151304e-05,3.0716598034851494,0.5500059710065417
OI_6300,6302.046,0.0,0.0,0.0,10000000000.0,0.2700746237386295,4.932427951151304e-05,3.0716598034851494,0.5500059710065417
SII_6717,6718.29,0.0,0.0,0.0,10000000000.0,0.2700746237386295,4.932427951151304e-05,3.0716598034851494,0.5500059710065417
SII_6731,6732.67,0.0,0.0,0.0,10000000000.0,0.2700746237386295,4.932427951151304e-05,3.0716598034851494,0.5500059710065417
NII_6548,6549.85,0.0,0.0,0.0,10000000000.0,0.2700746237386295,4.932427951151304e-05,3.0716598034851494,0.5500059710065417
NII_6584,6585.28,1.5789174691525432,1.5789174691525432,28.627287689559907,39.82399898248122,0.2700746237386295,4.932427951151304e-05,3.0716598034851494,0.5500059710065417
NII_5755,5756.24,0.0,0.0,0.0,10000000000.0,0.2700746237386295,4.932427951151304e-05,3.0716598034851494,0.5500059710065417
HeI_5876,5877.594,0.09194561099036491,0.09194561099036491,1.6670620909820582,39.410539533908505,0.2700746237386295,4.932427951151304e-05,3.0716598034851494,0.5500059710065417
HeII_4686,4687.02,0.0,0.0,0.0,10000000000.0,0.2700746237386295,4.932427951151304e-05,3.0716598034851494,0.5500059710065417
NeIII_3869,3870.16,0.0,10000000000.0,0.0,10000000000.0,0.2700746237386295,4.932427951151304e-05,3.0716598034851494,0.5500059710065417
