line,wl,amp,amp_err,flux,flux_err,z,zerr,FWHM,FWHMerr
HI_6563,6564.61,10.46103868481805,10.46103868481805,161.8505959017763,43.83568028158426,0.270040769663771,1.921334617530044e-05,2.621149767503126,0.19262685818996936
HI_4861,4862.683,6.9230938083185265,6.9230938083185265,107.11239028170561,42.70952288744329,0.270040769663771,1.921334617530044e-05,2.621149767503126,0.19262685818996936
HI_4341,4341.684,0.0,0.0,0.0,10000000000.0,0.270040769663771,1.921334617530044e-05,2.621149767503126,0.19262685818996936
HI_4102,4102.892,6.947407367641404,6.947407367641404,107.48856364110748,42.71244833205014,0.270040769663771,1.921334617530044e-05,2.621149767503126,0.19262685818996936
OIII_4363,4364.436,0.0,0.0,0.0,10000000000.0,0.270040769663771,1.921334617530044e-05,2.621149767503126,0.19262685818996936
OIII_5007,5008.24,2.62359074576284,2.62359074576284,40.59154529467138,41.938058055690625,0.270040769663771,1.921334617530044e-05,2.621149767503126,0.19262685818996936
OIII_4959,4960.295,37.3463605836821,37.3463605836821,577.813628010371,63.15503270268868,0.270040769663771,1.921334617530044e-05,2.621149767503126,0.19262685818996936
OII_3726,3727.092,23.332876132139177,23.332876132139177,361.00047231158317,52.151066564571906,0.270040769663771,1.921334617530044e-05,2.621149767503126,0.19262685818996936
OII_3729,3729.875,14.287629139324963,14.287629139324963,221.05465431261325,46.99068274178264,0.270040769663771,1.921334617530044e-05,2.621149767503126,0.19262685818996936
OI_6300,6302.046,1.4381202205922818,1.4381202205922818,22.250239359028164,41.83381999564519,0.270040769663771,1.921334617530044e-05,2.621149767503126,0.19262685818996936
SII_6717,6718.29,0.15142670992895546,0.15142670992895546,2.3428364979679976,41.78664235785192,0.270040769663771,1.921334617530044e-05,2.621149767503126,0.19262685818996936
SII_6731,6732.67,0.0,0.0,0.0,10000000000.0,0.270040769663771,1.921334617530044e-05,2.621149767503126,0.19262685818996936
NII_6548,6549.85,0.1324287356366085,0.1324287356366085,2.048904551744967,41.78074688928632,0.270040769663771,1.921334617530044e-05,2.621149767503126,0.19262685818996936
NII_6584,6585.28,0.0,0.0,0.0,10000000000.0,0.270040769663771,1.921334617530044e-05,2.621149767503126,0.19262685818996936
NII_5755,5756.24,0.4582287262838918,0.4582287262838918,7.08960119954377,41.80969005990501,0.270040769663771,1.921334617530044e-05,2.621149767503126,0.19262685818996936
HeI_5876,5877.594,0.0,0.0,0.0,10000000000.0,0.270040769663771,1.921334617530044e-05,2.621149767503126,0.19262685818996936
HeII_4686,4687.02,0.0,0.0,0.0,10000000000.0,0.270040769663771,1.921334617530044e-05,2.621149767503126,0.19262685818996936
NeIII_3869,3870.16,6.466671632089742,2.7126714788678323,100.0507395765396,42.608969395319164,0.270040769663771,1.921334617530044e-05,2.621149767503126,0.19262685818996936
