line,wl,amp,amp_err,flux,flux_err,z,zerr,FWHM,FWHMerr
HI_6563,6564.61,16.417620410112477,16.417620410112477,379.45186118258215,60.59069011341116,0.2693429835123886,2.9325430114370753e-05,3.9156045002691107,0.36891964716292136
HI_4861,4862.683,4.461293480338327,4.461293480338327,103.1115394380409,46.81073503608275,0.2693429835123886,2.9325430114370753e-05,3.9156045002691107,0.36891964716292136
HI_4341,4341.684,6.974914435288042,6.974914435288042,161.2075439647209,48.59690268467172,0.2693429835123886,2.9325430114370753e-05,3.9156045002691107,0.36891964716292136
HI_4102,4102.892,0.0,0.0,0.0,10000000000.0,0.2693429835123886,2.9325430114370753e-05,3.9156045002691107,0.36891964716292136
OIII_4363,4364.436,0.18826929935221415,0.18826929935221415,4.351369702684515,45.53532253705143,0.2693429835123886,2.9325430114370753e-05,3.9156045002691107,0.36891964716292136
OIII_5007,5008.24,15.281983984441808,15.281983984441808,353.2044913090502,58.80272332823766,0.2693429835123886,2.9325430114370753e-05,3.9156045002691107,0.36891964716292136
OIII_4959,4960.295,7.13085828751764,7.13085828751764,164.81179253974915,48.73109674050231,0.2693429835123886,2.9325430114370753e-05,3.9156045002691107,0.36891964716292136
OII_3726,3727.092,3.834450374589551,3.834450374589551,88.62364306791073,53.5976090295603,0.2693429835123886,2.9325430114370753e-05,3.9156045002691107,0.36891964716292136
OII_3729,3729.875,17.41287068148165,17.41287068148165,402.45455940435903,63.82066626488808,0.2693429835123886,2.9325430114370753e-05,3.9156045002691107,0.36891964716292136
OI_6300,6302.046,0.9236923315040713,0.9236923315040713,21.348817038881535,45.58848409044168,0.2693429835123886,2.9325430114370753e-05,3.9156045002691107,0.36891964716292136
SII_6717,6718.29,3.158684659017581,3.158684659017581,73.00502404202435,46.17785528649898,0.2693429835123886,2.9325430114370753e-05,3.9156045002691107,0.36891964716292136
SII_6731,6732.67,6.753720269291534,6.753720269291534,156.09519906494447,48.41150479103486,0.2693429835123886,2.9325430114370753e-05,3.9156045002691107,0.36891964716292136
NII_6548,6549.85,0.7189757116134388,0.7189757116134388,16.617309031505478,45.566616168712734,0.2693429835123886,2.9325430114370753e-05,3.9156045002691107,0.36891964716292136
NII_6584,6585.28,0.0,0.0,0.0,10000000000.0,0.2693429835123886,2.9325430114370753e-05,3.9156045002691107,0.36891964716292136
NII_5755,5756.24,0.0,0.0,0.0,10000000000.0,0.2693429835123886,2.9325430114370753e-05,3.9156045002691107,0.36891964716292136
HeI_5876,5877.594,0.0,0.0,0.0,10000000000.0,0.2693429835123886,2.9325430114370753e-05,3.9156045002691107,0.36891964716292136
HeII_4686,4687.02,0.0,0.0,0.0,10000000000.0,0.2693429835123886,2.9325430114370753e-05,3.9156045002691107,0.36891964716292136
NeIII_3869,3870.16,1.2941116064054086,1.9710046405538555,29.910123718419513,45.64187885402566,0.2693429835123886,2.9325430114370753e-05,3.9156045002691107,0.36891964716292136
