line,wl,amp,amp_err,flux,flux_err,z,zerr,FWHM,FWHMerr
HI_6563,6564.61,0.6504769924900984,0.6504769924900984,7.71036590574228,33.713237722456995,0.27019782685698984,1.645668997350187e-05,2.008146489093465,0.24434905262155468
HI_4861,4862.683,0.0,0.0,0.0,10000000000.0,0.27019782685698984,1.645668997350187e-05,2.008146489093465,0.24434905262155468
HI_4341,4341.684,0.0,0.0,0.0,10000000000.0,0.27019782685698984,1.645668997350187e-05,2.008146489093465,0.24434905262155468
HI_4102,4102.892,0.0,0.0,0.0,10000000000.0,0.27019782685698984,1.645668997350187e-05,2.008146489093465,0.24434905262155468
OIII_4363,4364.436,0.0,0.0,0.0,10000000000.0,0.27019782685698984,1.645668997350187e-05,2.008146489093465,0.24434905262155468
OIII_5007,5008.24,3.9105861791038024,3.9105861791038024,46.35375377598449,34.53973109195988,0.27019782685698984,1.645668997350187e-05,2.008146489093465,0.24434905262155468
OIII_4959,4960.295,36.7611614154298,36.7611614154298,435.7448593961347,70.26236157111245,0.27019782685698984,1.645668997350187e-05,2.008146489093465,0.24434905262155468
OII_3726,3727.092,4.056366958941226,4.056366958941226,48.08175210267103,34.97627986740321,0.27019782685698984,1.645668997350187e-05,2.008146489093465,0.24434905262155468
OII_3729,3729.875,14.419051438989527,14.419051438989527,170.91482695296304,41.278466432343365,0.27019782685698984,1.645668997350187e-05,2.008146489093465,0.24434905262155468
OI_6300,6302.046,0.0,0.0,0.0,10000000000.0,0.27019782685698984,1.645668997350187e-05,2.008146489093465,0.24434905262155468
SII_6717,6718.29,0.0,0.0,0.0,10000000000.0,0.27019782685698984,1.645668997350187e-05,2.008146489093465,0.24434905262155468
SII_6731,6732.67,0.0,0.0,0.0,10000000000.0,0.27019782685698984,1.645668997350187e-05,2.008146489093465,0.24434905262155468
NII_6548,6549.85,0.0,0.0,0.0,10000000000.0,0.27019782685698984,1.645668997350187e-05,2.008146489093465,0.24434905262155468
NII_6584,6585.28,0.0,0.0,0.0,10000000000.0,0.27019782685698984,1.645668997350187e-05,2.008146489093465,0.24434905262155468
NII_5755,5756.24,0.0,0.0,0.0,10000000000.0,0.27019782685698984,1.645668997350187e-05,2.008146489093465,0.24434905262155468
HeI_5876,5877.594,0.0,0.0,0.0,10000000000.0,0.27019782685698984,1.645668997350187e-05,2.008146489093465,0.24434905262155468
HeII_4686,4687.02,0.0,0.0,0.0,10000000000.0,0.27019782685698984,1.645668997350187e-05,2.008146489093465,0.24434905262155468
NeIII_3869,3870.16,6.907019939731072,2.8668745404465885,81.87169057235366,35.41233966568958,0.27019782685698984,1.645668997350187e-05,2.008146489093465,0.24434905262155468
