line,wl,amp,amp_err,flux,flux_err,z,zerr,FWHM,FWHMerr
HI_6563,6564.61,796.7381456777853,796.7381456777853,22444.496337145087,128.15950040178853,0.26922738402405577,1.3019061358309587e-06,4.772507234558205,0.01716748430230179
HI_4861,4862.683,289.8036927505336,289.8036927505336,8163.909253895576,96.72078376814672,0.26922738402405577,1.3019061358309587e-06,4.772507234558205,0.01716748430230179
HI_4341,4341.684,114.53091131462088,114.53091131462088,3226.390795314685,91.8980990809367,0.26922738402405577,1.3019061358309587e-06,4.772507234558205,0.01716748430230179
HI_4102,4102.892,49.336808323865625,49.336808323865625,1389.8415931490479,91.14896643797205,0.26922738402405577,1.3019061358309587e-06,4.772507234558205,0.01716748430230179
OIII_4363,4364.436,7.250891149851668,7.250891149851668,204.26108720505448,90.98110650926058,0.26922738402405577,1.3019061358309587e-06,4.772507234558205,0.01716748430230179
OIII_5007,5008.24,825.8533141200176,825.8533141200176,23264.684619835047,130.50380238060703,0.26922738402405577,1.3019061358309587e-06,4.772507234558205,0.01716748430230179
OIII_4959,4960.295,275.7204014350191,275.7204014350191,7767.176171563848,96.19085328166452,0.26922738402405577,1.3019061358309587e-06,4.772507234558205,0.01716748430230179
OII_3726,3727.092,271.83274687990547,271.83274687990547,7657.659075017523,110.44310884934734,0.26922738402405577,1.3019061358309587e-06,4.772507234558205,0.01716748430230179
OII_3729,3729.875,342.7881229302584,342.7881229302584,9656.506107135096,111.97118191338933,0.26922738402405577,1.3019061358309587e-06,4.772507234558205,0.01716748430230179
OI_6300,6302.046,22.690070005422058,22.690070005422058,639.1901729432414,91.01370769727811,0.26922738402405577,1.3019061358309587e-06,4.772507234558205,0.01716748430230179
SII_6717,6718.29,98.33516790978547,98.33516790978547,2770.148922750725,91.65699757529018,0.26922738402405577,1.3019061358309587e-06,4.772507234558205,0.01716748430230179
SII_6731,6732.67,78.16639358776501,78.16639358776501,2201.984860503899,91.40739898617093,0.26922738402405577,1.3019061358309587e-06,4.772507234558205,0.01716748430230179
NII_6548,6549.85,42.40191035848511,42.40191035848511,1194.482185761761,91.10414353443106,0.26922738402405577,1.3019061358309587e-06,4.772507234558205,0.01716748430230179
NII_6584,6585.28,128.48434218222383,128.48434218222383,3619.4656464404607,92.13458036257552,0.26922738402405577,1.3019061358309587e-06,4.772507234558205,0.01716748430230179
NII_5755,5756.24,2.3300938053004074,2.3300938053004074,65.63986193202753,90.97778262101897,0.26922738402405577,1.3019061358309587e-06,4.772507234558205,0.01716748430230179
HeI_5876,5877.594,28.626453785437434,28.626453785437434,806.4209560170153,91.03519233121857,0.26922738402405577,1.3019061358309587e-06,4.772507234558205,0.01716748430230179
HeII_4686,4687.02,0.0,0.0,0.0,10000000000.0,0.26922738402405577,1.3019061358309587e-06,4.772507234558205,0.01716748430230179
NeIII_3869,3870.16,60.93950769008234,3.231389300180191,1716.69520852918,91.23900469251299,0.26922738402405577,1.3019061358309587e-06,4.772507234558205,0.01716748430230179
