line,wl,amp,amp_err,flux,flux_err,z,zerr,FWHM,FWHMerr
HI_6563,6564.61,12.638625442208536,12.638625442208536,474.7782796364578,82.43050252475264,0.26924452847007346,5.540294446216398e-05,6.3641929910506345,0.6770528933083674
HI_4861,4862.683,6.151399702194453,6.151399702194453,231.0813767935946,66.03157577527814,0.26924452847007346,5.540294446216398e-05,6.3641929910506345,0.6770528933083674
HI_4341,4341.684,0.0,0.0,0.0,10000000000.0,0.26924452847007346,5.540294446216398e-05,6.3641929910506345,0.6770528933083674
HI_4102,4102.892,1.38165560019047,1.38165560019047,51.90280160671331,60.353450860251385,0.26924452847007346,5.540294446216398e-05,6.3641929910506345,0.6770528933083674
OIII_4363,4364.436,0.0,0.0,0.0,10000000000.0,0.26924452847007346,5.540294446216398e-05,6.3641929910506345,0.6770528933083674
OIII_5007,5008.24,11.476445911724568,11.476445911724568,431.1202409806763,78.96104376435586,0.26924452847007346,5.540294446216398e-05,6.3641929910506345,0.6770528933083674
OIII_4959,4960.295,2.0066607446098033,2.0066607446098033,75.38153104514925,60.702604522825176,0.26924452847007346,5.540294446216398e-05,6.3641929910506345,0.6770528933083674
OII_3726,3727.092,7.6864359552993164,7.6864359552993164,288.7460235355402,92.66567095887753,0.26924452847007346,5.540294446216398e-05,6.3641929910506345,0.6770528933083674
OII_3729,3729.875,8.67542738031807,8.67542738031807,325.89813706977594,93.39673060996311,0.26924452847007346,5.540294446216398e-05,6.3641929910506345,0.6770528933083674
OI_6300,6302.046,2.5765804713777243,2.5765804713777243,96.79094052903932,61.13093116065245,0.26924452847007346,5.540294446216398e-05,6.3641929910506345,0.6770528933083674
SII_6717,6718.29,0.8966429000421385,0.8966429000421385,33.682980437773054,60.170312051254044,0.26924452847007346,5.540294446216398e-05,6.3641929910506345,0.6770528933083674
SII_6731,6732.67,1.4886059153877795,1.4886059153877795,55.92046055927441,60.404364592889806,0.26924452847007346,5.540294446216398e-05,6.3641929910506345,0.6770528933083674
NII_6548,6549.85,0.5538646317127132,0.5538646317127132,20.806289275559923,60.08777717458442,0.26924452847007346,5.540294446216398e-05,6.3641929910506345,0.6770528933083674
NII_6584,6585.28,0.8905763095665407,0.8905763095665407,33.4550849753722,60.16848823010925,0.26924452847007346,5.540294446216398e-05,6.3641929910506345,0.6770528933083674
NII_5755,5756.24,0.9911874406245715,0.9911874406245715,37.234608305218025,60.19989881083979,0.26924452847007346,5.540294446216398e-05,6.3641929910506345,0.6770528933083674
HeI_5876,5877.594,2.775594440652185,2.775594440652185,104.26703121530939,61.304594386566535,0.26924452847007346,5.540294446216398e-05,6.3641929910506345,0.6770528933083674
HeII_4686,4687.02,0.0,0.0,0.0,10000000000.0,0.26924452847007346,5.540294446216398e-05,6.3641929910506345,0.6770528933083674
NeIII_3869,3870.16,0.0,10000000000.0,0.0,10000000000.0,0.26924452847007346,5.540294446216398e-05,6.3641929910506345,0.6770528933083674
