line,wl,amp,amp_err,flux,flux_err,z,zerr,FWHM,FWHMerr
HI_6563,6564.61,63.21467852614228,63.21467852614228,1751.3595780615665,71.05803804018677,0.2692225248694432,8.651346544020653e-06,4.693639498244416,0.10782217200277737
HI_4861,4862.683,32.099522147979314,32.099522147979314,889.3156917948135,59.562172897991225,0.2692225248694432,8.651346544020653e-06,4.693639498244416,0.10782217200277737
HI_4341,4341.684,12.495079791057606,12.495079791057606,346.1755747387442,55.72263611852683,0.2692225248694432,8.651346544020653e-06,4.693639498244416,0.10782217200277737
HI_4102,4102.892,4.585833948180493,4.585833948180493,127.05030533730249,55.10545796746336,0.2692225248694432,8.651346544020653e-06,4.693639498244416,0.10782217200277737
OIII_4363,4364.436,1.7052718117104178,1.7052718117104178,47.24447217432834,55.02212468307119,0.2692225248694432,8.651346544020653e-06,4.693639498244416,0.10782217200277737
OIII_5007,5008.24,85.53164810066892,85.53164810066892,2369.650129068518,82.03612466408703,0.2692225248694432,8.651346544020653e-06,4.693639498244416,0.10782217200277737
OIII_4959,4960.295,24.573163893920082,24.573163893920082,680.7983043225629,57.72079650218833,0.2692225248694432,8.651346544020653e-06,4.693639498244416,0.10782217200277737
OII_3726,3727.092,26.490347493710487,26.490347493710487,733.9137822254826,68.82573869873917,0.2692225248694432,8.651346544020653e-06,4.693639498244416,0.10782217200277737
OII_3729,3729.875,52.02912578649898,52.02912578649898,1441.46438626073,73.04991694468801,0.2692225248694432,8.651346544020653e-06,4.693639498244416,0.10782217200277737
OI_6300,6302.046,3.989357249189311,3.989357249189311,110.52494755292744,55.08194725162864,0.2692225248694432,8.651346544020653e-06,4.693639498244416,0.10782217200277737
SII_6717,6718.29,8.971785777001514,8.971785777001514,248.56288632979656,55.377944545433635,0.2692225248694432,8.651346544020653e-06,4.693639498244416,0.10782217200277737
SII_6731,6732.67,3.547366739778681,3.547366739778681,98.27962209819944,55.066640315916494,0.2692225248694432,8.651346544020653e-06,4.693639498244416,0.10782217200277737
NII_6548,6549.85,1.8901434990829102,1.8901434990829102,52.36633323478318,55.02521849755174,0.2692225248694432,8.651346544020653e-06,4.693639498244416,0.10782217200277737
NII_6584,6585.28,8.311835269568405,8.311835269568405,230.27898978571173,55.32579033832032,0.2692225248694432,8.651346544020653e-06,4.693639498244416,0.10782217200277737
NII_5755,5756.24,0.6690130475077467,0.6690130475077467,18.534973773793748,55.010834033841874,0.2692225248694432,8.651346544020653e-06,4.693639498244416,0.10782217200277737
HeI_5876,5877.594,5.355127082484955,5.355127082484955,148.36353401320167,55.1405821621018,0.2692225248694432,8.651346544020653e-06,4.693639498244416,0.10782217200277737
HeII_4686,4687.02,0.0,0.0,0.0,10000000000.0,0.2692225248694432,8.651346544020653e-06,4.693639498244416,0.10782217200277737
NeIII_3869,3870.16,7.227378239689642,1.987255670966702,200.23416079098814,55.24863333012659,0.2692225248694432,8.651346544020653e-06,4.693639498244416,0.10782217200277737
