line,wl,amp,amp_err,flux,flux_err,z,zerr,FWHM,FWHMerr
HI_6563,6564.61,3.9677170269137605,3.9677170269137605,81.26601827390067,43.62883525900949,0.27031437201712843,4.268351258856227e-05,3.469929347892491,0.4912213979260079
HI_4861,4862.683,0.0,0.0,0.0,10000000000.0,0.27031437201712843,4.268351258856227e-05,3.469929347892491,0.4912213979260079
HI_4341,4341.684,1.7717878656724224,1.7717878656724224,36.28941885031765,42.083065544819355,0.27031437201712843,4.268351258856227e-05,3.469929347892491,0.4912213979260079
HI_4102,4102.892,0.0,0.0,0.0,10000000000.0,0.27031437201712843,4.268351258856227e-05,3.469929347892491,0.4912213979260079
OIII_4363,4364.436,2.6566604707863917,2.6566604707863917,54.41320963718238,42.56961747675297,0.27031437201712843,4.268351258856227e-05,3.469929347892491,0.4912213979260079
OIII_5007,5008.24,3.5991058051250775,3.5991058051250775,73.7161940090527,43.29055240480016,0.27031437201712843,4.268351258856227e-05,3.469929347892491,0.4912213979260079
OIII_4959,4960.295,14.994692213252847,14.994692213252847,307.1184066676153,64.03650838596276,0.27031437201712843,4.268351258856227e-05,3.469929347892491,0.4912213979260079
OII_3726,3727.092,1.361160084130006,1.361160084130006,27.87901947651105,43.105651803374045,0.27031437201712843,4.268351258856227e-05,3.469929347892491,0.4912213979260079
OII_3729,3729.875,0.0,0.0,0.0,10000000000.0,0.27031437201712843,4.268351258856227e-05,3.469929347892491,0.4912213979260079
OI_6300,6302.046,0.0,0.0,0.0,10000000000.0,0.27031437201712843,4.268351258856227e-05,3.469929347892491,0.4912213979260079
SII_6717,6718.29,1.2743802102120299,1.2743802102120299,26.101610762182812,41.893424671571466,0.27031437201712843,4.268351258856227e-05,3.469929347892491,0.4912213979260079
SII_6731,6732.67,0.0,0.0,0.0,10000000000.0,0.27031437201712843,4.268351258856227e-05,3.469929347892491,0.4912213979260079
NII_6548,6549.85,2.542475739929614,2.542475739929614,52.0744999052474,42.496050898309825,0.27031437201712843,4.268351258856227e-05,3.469929347892491,0.4912213979260079
NII_6584,6585.28,0.0,0.0,0.0,10000000000.0,0.27031437201712843,4.268351258856227e-05,3.469929347892491,0.4912213979260079
NII_5755,5756.24,0.0,0.0,0.0,10000000000.0,0.27031437201712843,4.268351258856227e-05,3.469929347892491,0.4912213979260079
HeI_5876,5877.594,0.0,0.0,0.0,10000000000.0,0.27031437201712843,4.268351258856227e-05,3.469929347892491,0.4912213979260079
HeII_4686,4687.02,0.0,0.0,0.0,10000000000.0,0.27031437201712843,4.268351258856227e-05,3.469929347892491,0.4912213979260079
NeIII_3869,3870.16,8.427154993512431,2.1210385002117227,172.60337041537204,49.84295359027509,0.27031437201712843,4.268351258856227e-05,3.469929347892491,0.4912213979260079
