line,wl,amp,amp_err,flux,flux_err,z,zerr,FWHM,FWHMerr
HI_6563,6564.61,0.0,0.0,0.0,10000000000.0,0.27018428359192587,9.232408930155436e-05,0.3844950714918455,2.613739801046702
HI_4861,4862.683,26.779299571160664,26.779299571160664,60.776774684129656,2387.5266355534563,0.27018428359192587,9.232408930155436e-05,0.3844950714918455,2.613739801046702
HI_4341,4341.684,5.780609728039053,5.780609728039053,13.11934294787421,100.62667826280276,0.27018428359192587,9.232408930155436e-05,0.3844950714918455,2.613739801046702
HI_4102,4102.892,0.0,0.0,0.0,10000000000.0,0.27018428359192587,9.232408930155436e-05,0.3844950714918455,2.613739801046702
OIII_4363,4364.436,0.0,0.0,0.0,10000000000.0,0.27018428359192587,9.232408930155436e-05,0.3844950714918455,2.613739801046702
OIII_5007,5008.24,0.4414114352234719,0.4414114352234719,1.0018022790434205,46.39243842895871,0.27018428359192587,9.232408930155436e-05,0.3844950714918455,2.613739801046702
OIII_4959,4960.295,49773.203277099965,49773.203277099965,112962.43028467594,9188716.582671264,0.27018428359192587,9.232408930155436e-05,0.3844950714918455,2.613739801046702
OII_3726,3727.092,878.2453546685972,878.2453546685972,1993.2156887165145,121448.01012162676,0.27018428359192587,9.232408930155436e-05,0.3844950714918455,2.613739801046702
OII_3729,3729.875,0.0,0.0,0.0,10000000000.0,0.27018428359192587,9.232408930155436e-05,0.3844950714918455,2.613739801046702
OI_6300,6302.046,0.0,0.0,0.0,10000000000.0,0.27018428359192587,9.232408930155436e-05,0.3844950714918455,2.613739801046702
SII_6717,6718.29,0.0,0.0,0.0,10000000000.0,0.27018428359192587,9.232408930155436e-05,0.3844950714918455,2.613739801046702
SII_6731,6732.67,0.0,0.0,0.0,10000000000.0,0.27018428359192587,9.232408930155436e-05,0.3844950714918455,2.613739801046702
NII_6548,6549.85,28.408524045588592,28.408524045588592,64.47436985569314,2118.5677345442696,0.27018428359192587,9.232408930155436e-05,0.3844950714918455,2.613739801046702
NII_6584,6585.28,0.0,0.0,0.0,10000000000.0,0.27018428359192587,9.232408930155436e-05,0.3844950714918455,2.613739801046702
NII_5755,5756.24,0.0,0.0,0.0,10000000000.0,0.27018428359192587,9.232408930155436e-05,0.3844950714918455,2.613739801046702
HeI_5876,5877.594,80.59795641610435,80.59795641610435,182.92053621813855,11290.487118778101,0.27018428359192587,9.232408930155436e-05,0.3844950714918455,2.613739801046702
HeII_4686,4687.02,0.0,0.0,0.0,10000000000.0,0.27018428359192587,9.232408930155436e-05,0.3844950714918455,2.613739801046702
NeIII_3869,3870.16,9.301481663135064,197.9065314414454,21.11011356987563,471.52475511530156,0.27018428359192587,9.232408930155436e-05,0.3844950714918455,2.613739801046702
