line,wl,amp,amp_err,flux,flux_err,z,zerr,FWHM,FWHMerr
HI_6563,6564.61,352.705116090465,352.705116090465,9975.478139208579,95.64203860378312,0.26921911385396274,2.2230129221307944e-06,4.791531016297029,0.028920816536613485
HI_4861,4862.683,127.27872595187455,127.27872595187455,3599.79509906964,72.1523481048056,0.26921911385396274,2.2230129221307944e-06,4.791531016297029,0.028920816536613485
HI_4341,4341.684,67.43580916352676,67.43580916352676,1907.2715688594135,69.14841114871288,0.26921911385396274,2.2230129221307944e-06,4.791531016297029,0.028920816536613485
HI_4102,4102.892,31.052987006731883,31.052987006731883,878.2645300878758,68.19804833215801,0.26921911385396274,2.2230129221307944e-06,4.791531016297029,0.028920816536613485
OIII_4363,4364.436,6.233009686198443,6.233009686198443,176.28678754464144,67.95042322580353,0.26921911385396274,2.2230129221307944e-06,4.791531016297029,0.028920816536613485
OIII_5007,5008.24,347.762704653921,347.762704653921,9835.693046815495,94.98045315483824,0.26921911385396274,2.2230129221307944e-06,4.791531016297029,0.028920816536613485
OIII_4959,4960.295,121.1558377708825,121.1558377708825,3426.622852873362,71.76733102628853,0.26921911385396274,2.2230129221307944e-06,4.791531016297029,0.028920816536613485
OII_3726,3727.092,167.94227910560517,167.94227910560517,4749.873073678729,86.97359242772269,0.26921911385396274,2.2230129221307944e-06,4.791531016297029,0.028920816536613485
OII_3729,3729.875,192.66057988149169,192.66057988149169,5448.975121761849,88.0653286719722,0.26921911385396274,2.2230129221307944e-06,4.791531016297029,0.028920816536613485
OI_6300,6302.046,8.240744813902893,8.240744813902893,233.071101017996,67.95820176793343,0.26921911385396274,2.2230129221307944e-06,4.791531016297029,0.028920816536613485
SII_6717,6718.29,42.50163122422987,42.50163122422987,1202.0639163319227,68.4225553925824,0.26921911385396274,2.2230129221307944e-06,4.791531016297029,0.028920816536613485
SII_6731,6732.67,31.610179222531087,31.610179222531087,894.0234701045455,68.20735553612101,0.26921911385396274,2.2230129221307944e-06,4.791531016297029,0.028920816536613485
NII_6548,6549.85,14.088024482177616,14.088024482177616,398.4483746772543,67.99319186859677,0.26921911385396274,2.2230129221307944e-06,4.791531016297029,0.028920816536613485
NII_6584,6585.28,58.570110397613234,58.570110397613234,1656.525038135728,68.85350573640049,0.26921911385396274,2.2230129221307944e-06,4.791531016297029,0.028920816536613485
NII_5755,5756.24,2.1964597825580086,2.1964597825580086,62.121969727647446,67.94130166674375,0.26921911385396274,2.2230129221307944e-06,4.791531016297029,0.028920816536613485
HeI_5876,5877.594,15.843104705703809,15.843104705703809,448.0869072747012,68.00726302225439,0.26921911385396274,2.2230129221307944e-06,4.791531016297029,0.028920816536613485
HeII_4686,4687.02,0.0,0.0,0.0,10000000000.0,0.26921911385396274,2.2230129221307944e-06,4.791531016297029,0.028920816536613485
NeIII_3869,3870.16,31.466213296984733,2.40404638944348,889.9517147554957,68.2049472094944,0.26921911385396274,2.2230129221307944e-06,4.791531016297029,0.028920816536613485
