line,wl,amp,amp_err,flux,flux_err,z,zerr,FWHM,FWHMerr
HI_6563,6564.61,7.1845158019327755,7.1845158019327755,330.00382585368806,73.96575753094683,0.2700226437464237,5.230550242139228e-05,7.781687967049546,0.5166765781421393
HI_4861,4862.683,3.6480737073113687,3.6480737073113687,167.5656806385104,70.88871045229267,0.2700226437464237,5.230550242139228e-05,7.781687967049546,0.5166765781421393
HI_4341,4341.684,0.34680459974572386,0.34680459974572386,15.929653145025778,69.79879894969704,0.2700226437464237,5.230550242139228e-05,7.781687967049546,0.5166765781421393
HI_4102,4102.892,1.027235729371796,1.027235729371796,47.183655808106224,69.87661441445833,0.2700226437464237,5.230550242139228e-05,7.781687967049546,0.5166765781421393
OIII_4363,4364.436,0.0,0.0,0.0,10000000000.0,0.2700226437464237,5.230550242139228e-05,7.781687967049546,0.5166765781421393
OIII_5007,5008.24,8.476195048525483,8.476195048525483,389.3340723035227,75.5365287828728,0.2700226437464237,5.230550242139228e-05,7.781687967049546,0.5166765781421393
OIII_4959,4960.295,18.604623842758883,18.604623842758883,854.5596134714468,94.31425725749749,0.2700226437464237,5.230550242139228e-05,7.781687967049546,0.5166765781421393
OII_3726,3727.092,26.35562217309348,26.35562217309348,1210.5834811491893,134.28388631830805,0.2700226437464237,5.230550242139228e-05,7.781687967049546,0.5166765781421393
OII_3729,3729.875,0.0,0.0,0.0,10000000000.0,0.2700226437464237,5.230550242139228e-05,7.781687967049546,0.5166765781421393
OI_6300,6302.046,0.7715669472254376,0.7715669472254376,35.44011197221492,69.83833927774042,0.2700226437464237,5.230550242139228e-05,7.781687967049546,0.5166765781421393
SII_6717,6718.29,1.1952509503458941,1.1952509503458941,54.90103958895743,69.90796779849325,0.2700226437464237,5.230550242139228e-05,7.781687967049546,0.5166765781421393
SII_6731,6732.67,1.0671067225151774,1.0671067225151774,49.01503604870119,69.88391349239271,0.2700226437464237,5.230550242139228e-05,7.781687967049546,0.5166765781421393
NII_6548,6549.85,1.8881800227864005,1.8881800227864005,86.7291058434847,70.08728009336464,0.2700226437464237,5.230550242139228e-05,7.781687967049546,0.5166765781421393
NII_6584,6585.28,0.061462276647262115,0.061462276647262115,2.8231250370161085,69.78911566990024,0.2700226437464237,5.230550242139228e-05,7.781687967049546,0.5166765781421393
NII_5755,5756.24,0.0,0.0,0.0,10000000000.0,0.2700226437464237,5.230550242139228e-05,7.781687967049546,0.5166765781421393
HeI_5876,5877.594,0.0,0.0,0.0,10000000000.0,0.2700226437464237,5.230550242139228e-05,7.781687967049546,0.5166765781421393
HeII_4686,4687.02,0.0,0.0,0.0,10000000000.0,0.2700226437464237,5.230550242139228e-05,7.781687967049546,0.5166765781421393
NeIII_3869,3870.16,0.0,10000000000.0,0.0,10000000000.0,0.2700226437464237,5.230550242139228e-05,7.781687967049546,0.5166765781421393
