line,wl,amp,amp_err,flux,flux_err,z,zerr,FWHM,FWHMerr
HI_6563,6564.61,20.290981483967585,20.290981483967585,50.5449457114796,297.44830282253906,0.27017656595150424,3.2328683748527083e-06,0.42201415845314116,0.5981202081756162
HI_4861,4862.683,0.0,0.0,0.0,10000000000.0,0.27017656595150424,3.2328683748527083e-06,0.42201415845314116,0.5981202081756162
HI_4341,4341.684,2.450146913226945,2.450146913226945,6.103329344224001,13.649425367635942,0.27017656595150424,3.2328683748527083e-06,0.42201415845314116,0.5981202081756162
HI_4102,4102.892,0.0,0.0,0.0,10000000000.0,0.27017656595150424,3.2328683748527083e-06,0.42201415845314116,0.5981202081756162
OIII_4363,4364.436,0.0,0.0,0.0,10000000000.0,0.27017656595150424,3.2328683748527083e-06,0.42201415845314116,0.5981202081756162
OIII_5007,5008.24,6.442273427254918,6.442273427254918,16.047738296759643,61.75809204937662,0.27017656595150424,3.2328683748527083e-06,0.42201415845314116,0.5981202081756162
OIII_4959,4960.295,6983.926736359136,6983.926736359136,17396.999648397457,290614.95902992436,0.27017656595150424,3.2328683748527083e-06,0.42201415845314116,0.5981202081756162
OII_3726,3727.092,260.5311946431211,260.5311946431211,648.9846289489875,6696.469344134281,0.27017656595150424,3.2328683748527083e-06,0.42201415845314116,0.5981202081756162
OII_3729,3729.875,0.0,0.0,0.0,10000000000.0,0.27017656595150424,3.2328683748527083e-06,0.42201415845314116,0.5981202081756162
OI_6300,6302.046,1.3887307484059193,1.3887307484059193,3.4593358799080827,10.958394782502905,0.27017656595150424,3.2328683748527083e-06,0.42201415845314116,0.5981202081756162
SII_6717,6718.29,2.152061866836789,2.152061866836789,5.3607978654436925,15.220467004521973,0.27017656595150424,3.2328683748527083e-06,0.42201415845314116,0.5981202081756162
SII_6731,6732.67,1145.6656952794142,1145.6656952794142,2853.8595048818497,45486.400233938206,0.27017656595150424,3.2328683748527083e-06,0.42201415845314116,0.5981202081756162
NII_6548,6549.85,27.80218138075952,27.80218138075952,69.25538568262604,398.8369269425872,0.27017656595150424,3.2328683748527083e-06,0.42201415845314116,0.5981202081756162
NII_6584,6585.28,9.858876291205888,9.858876291205888,24.558514693285154,149.94031533121805,0.27017656595150424,3.2328683748527083e-06,0.42201415845314116,0.5981202081756162
NII_5755,5756.24,1.0271656035478145,1.0271656035478145,2.558675129098373,59.93744815536859,0.27017656595150424,3.2328683748527083e-06,0.42201415845314116,0.5981202081756162
HeI_5876,5877.594,0.0,0.0,0.0,10000000000.0,0.27017656595150424,3.2328683748527083e-06,0.42201415845314116,0.5981202081756162
HeII_4686,4687.02,0.0,0.0,0.0,10000000000.0,0.27017656595150424,3.2328683748527083e-06,0.42201415845314116,0.5981202081756162
NeIII_3869,3870.16,0.0,10000000000.0,0.0,10000000000.0,0.27017656595150424,3.2328683748527083e-06,0.42201415845314116,0.5981202081756162
