line,wl,amp,amp_err,flux,flux_err,z,zerr,FWHM,FWHMerr
HI_6563,6564.61,0.0,0.0,0.0,10000000000.0,0.27013134039442616,1.9696837686699218e-05,2.5458187689347564,0.22428229482374334
HI_4861,4862.683,2.3404641858868445,2.3404641858868445,35.17038658859837,40.68104642985617,0.27013134039442616,1.9696837686699218e-05,2.5458187689347564,0.22428229482374334
HI_4341,4341.684,4.689686134186559,4.689686134186559,70.47237693835193,41.141829357902914,0.27013134039442616,1.9696837686699218e-05,2.5458187689347564,0.22428229482374334
HI_4102,4102.892,0.0,0.0,0.0,10000000000.0,0.27013134039442616,1.9696837686699218e-05,2.5458187689347564,0.22428229482374334
OIII_4363,4364.436,0.0,0.0,0.0,10000000000.0,0.27013134039442616,1.9696837686699218e-05,2.5458187689347564,0.22428229482374334
OIII_5007,5008.24,1.3544751928168353,1.3544751928168353,20.353832561630814,40.57556333705945,0.27013134039442616,1.9696837686699218e-05,2.5458187689347564,0.22428229482374334
OIII_4959,4960.295,38.1377227527164,38.1377227527164,573.0993282913961,69.57701092341591,0.27013134039442616,1.9696837686699218e-05,2.5458187689347564,0.22428229482374334
OII_3726,3727.092,15.481763614454735,15.481763614454735,232.6459916272328,47.05577793181352,0.27013134039442616,1.9696837686699218e-05,2.5458187689347564,0.22428229482374334
OII_3729,3729.875,7.516126206753938,7.516126206753938,112.94557119662409,42.72635364670009,0.27013134039442616,1.9696837686699218e-05,2.5458187689347564,0.22428229482374334
OI_6300,6302.046,0.0,0.0,0.0,10000000000.0,0.27013134039442616,1.9696837686699218e-05,2.5458187689347564,0.22428229482374334
SII_6717,6718.29,4.750170726912529,4.750170726912529,71.38128488988302,41.17640400707251,0.27013134039442616,1.9696837686699218e-05,2.5458187689347564,0.22428229482374334
SII_6731,6732.67,0.0,0.0,0.0,10000000000.0,0.27013134039442616,1.9696837686699218e-05,2.5458187689347564,0.22428229482374334
NII_6548,6549.85,1.3820220207313696,1.3820220207313696,20.76778146667533,40.62746213849089,0.27013134039442616,1.9696837686699218e-05,2.5458187689347564,0.22428229482374334
NII_6584,6585.28,2.565751771602777,2.565751771602777,38.555805400396586,40.75417454200192,0.27013134039442616,1.9696837686699218e-05,2.5458187689347564,0.22428229482374334
NII_5755,5756.24,0.8328243266483923,0.8328243266483923,12.514933450055885,40.54753911547891,0.27013134039442616,1.9696837686699218e-05,2.5458187689347564,0.22428229482374334
HeI_5876,5877.594,2.4362605421150647,2.4362605421150647,36.60992789952381,40.730935813963164,0.27013134039442616,1.9696837686699218e-05,2.5458187689347564,0.22428229482374334
HeII_4686,4687.02,0.0,0.0,0.0,10000000000.0,0.27013134039442616,1.9696837686699218e-05,2.5458187689347564,0.22428229482374334
NeIII_3869,3870.16,0.0,10000000000.0,0.0,10000000000.0,0.27013134039442616,1.9696837686699218e-05,2.5458187689347564,0.22428229482374334
