line,wl,amp,amp_err,flux,flux_err,z,zerr,FWHM,FWHMerr
HI_6563,6564.61,219.29208561522296,219.29208561522296,4921.904279294374,71.41215380827552,0.2696231316204047,2.675531585393885e-06,3.8024415517183012,0.035181569446854064
HI_4861,4862.683,63.69835204771448,63.69835204771448,1429.678552456986,52.21250562481063,0.2696231316204047,2.675531585393885e-06,3.8024415517183012,0.035181569446854064
HI_4341,4341.684,26.466911078283147,26.466911078283147,594.0369554625754,50.449830221794265,0.2696231316204047,2.675531585393885e-06,3.8024415517183012,0.035181569446854064
HI_4102,4102.892,8.701405230034197,8.701405230034197,195.29881125179438,50.11492972444394,0.2696231316204047,2.675531585393885e-06,3.8024415517183012,0.035181569446854064
OIII_4363,4364.436,3.6195522873189248,3.6195522873189248,81.23909188106173,50.0812397991151,0.2696231316204047,2.675531585393885e-06,3.8024415517183012,0.035181569446854064
OIII_5007,5008.24,213.85341728010985,213.85341728010985,4799.836011863942,70.51739050954764,0.2696231316204047,2.675531585393885e-06,3.8024415517183012,0.035181569446854064
OIII_4959,4960.295,73.86551442447217,73.86551442447217,1657.8755704663336,52.92958064386641,0.2696231316204047,2.675531585393885e-06,3.8024415517183012,0.035181569446854064
OII_3726,3727.092,78.5265638642361,78.5265638642361,1762.4905597360791,57.55387046016415,0.2696231316204047,2.675531585393885e-06,3.8024415517183012,0.035181569446854064
OII_3729,3729.875,111.91868885893109,111.91868885893109,2511.960575696896,59.70264579021943,0.2696231316204047,2.675531585393885e-06,3.8024415517183012,0.035181569446854064
OI_6300,6302.046,3.412834689547026,3.412834689547026,76.59941586984351,50.080458357777154,0.2696231316204047,2.675531585393885e-06,3.8024415517183012,0.035181569446854064
SII_6717,6718.29,31.90387005757293,31.90387005757293,716.0668572323486,50.61909381549376,0.2696231316204047,2.675531585393885e-06,3.8024415517183012,0.035181569446854064
SII_6731,6732.67,17.322586699492263,17.322586699492263,388.7970391885412,50.235451105189924,0.2696231316204047,2.675531585393885e-06,3.8024415517183012,0.035181569446854064
NII_6548,6549.85,0.0,0.0,0.0,10000000000.0,0.2696231316204047,2.675531585393885e-06,3.8024415517183012,0.035181569446854064
NII_6584,6585.28,19.54411794970906,19.54411794970906,438.65822837077957,50.27937122431334,0.2696231316204047,2.675531585393885e-06,3.8024415517183012,0.035181569446854064
NII_5755,5756.24,0.6950673287183236,0.6950673287183236,15.600448370120937,50.07445454484709,0.2696231316204047,2.675531585393885e-06,3.8024415517183012,0.035181569446854064
HeI_5876,5877.594,6.445786226772384,6.445786226772384,144.67253902010125,50.09654414465672,0.2696231316204047,2.675531585393885e-06,3.8024415517183012,0.035181569446854064
HeII_4686,4687.02,2.1600499167107046e-12,2.1600499167107046e-12,4.8481270533412465e-11,50.074190214030374,0.2696231316204047,2.675531585393885e-06,3.8024415517183012,0.035181569446854064
NeIII_3869,3870.16,21.740414159272405,2.23328706422446,487.9530293305157,50.32795039154942,0.2696231316204047,2.675531585393885e-06,3.8024415517183012,0.035181569446854064
