line,wl,amp,amp_err,flux,flux_err,z,zerr,FWHM,FWHMerr
HI_6563,6564.61,95.1985390596642,95.1985390596642,3203.1200335840567,96.55186004792904,0.26923783007658963,8.433919416961368e-06,5.700267963337986,0.10679193323722647
HI_4861,4862.683,36.738479727773665,36.738479727773665,1236.129898439942,74.1012268004554,0.26923783007658963,8.433919416961368e-06,5.700267963337986,0.10679193323722647
HI_4341,4341.684,14.272779430601645,14.272779430601645,480.23242983207854,70.15515186781397,0.26923783007658963,8.433919416961368e-06,5.700267963337986,0.10679193323722647
HI_4102,4102.892,10.280235276886856,10.280235276886856,345.8963539841321,69.80724983352592,0.26923783007658963,8.433919416961368e-06,5.700267963337986,0.10679193323722647
OIII_4363,4364.436,0.2702006780735928,0.2702006780735928,9.091370661508705,69.43052730626377,0.26923783007658963,8.433919416961368e-06,5.700267963337986,0.10679193323722647
OIII_5007,5008.24,89.8655431366708,89.8655431366708,3023.682132029115,93.9787991343563,0.26923783007658963,8.433919416961368e-06,5.700267963337986,0.10679193323722647
OIII_4959,4960.295,37.78913632110243,37.78913632110243,1271.481062604335,74.36312185659192,0.26923783007658963,8.433919416961368e-06,5.700267963337986,0.10679193323722647
OII_3726,3727.092,42.09183353641242,42.09183353641242,1416.2527763820863,97.2230759684904,0.26923783007658963,8.433919416961368e-06,5.700267963337986,0.10679193323722647
OII_3729,3729.875,66.50618318861234,66.50618318861234,2237.7159338038146,100.50439447413191,0.26923783007658963,8.433919416961368e-06,5.700267963337986,0.10679193323722647
OI_6300,6302.046,5.386775692226706,5.386775692226706,181.247415208557,69.53395578403585,0.26923783007658963,8.433919416961368e-06,5.700267963337986,0.10679193323722647
SII_6717,6718.29,11.952111519546634,11.952111519546634,402.1495311802703,69.93937325706659,0.26923783007658963,8.433919416961368e-06,5.700267963337986,0.10679193323722647
SII_6731,6732.67,12.715422122539053,12.715422122539053,427.8324409018133,70.00621434417856,0.26923783007658963,8.433919416961368e-06,5.700267963337986,0.10679193323722647
NII_6548,6549.85,4.58886474290523,4.58886474290523,154.40031679682735,69.50553974284752,0.26923783007658963,8.433919416961368e-06,5.700267963337986,0.10679193323722647
NII_6584,6585.28,14.398785946964722,14.398785946964722,484.4721377195258,70.16794400982447,0.26923783007658963,8.433919416961368e-06,5.700267963337986,0.10679193323722647
NII_5755,5756.24,0.0,0.0,0.0,10000000000.0,0.26923783007658963,8.433919416961368e-06,5.700267963337986,0.10679193323722647
HeI_5876,5877.594,2.7980905277013335,2.7980905277013335,94.1466110046578,69.45824776380408,0.26923783007658963,8.433919416961368e-06,5.700267963337986,0.10679193323722647
HeII_4686,4687.02,0.0,0.0,0.0,10000000000.0,0.26923783007658963,8.433919416961368e-06,5.700267963337986,0.10679193323722647
NeIII_3869,3870.16,1.757995078138606,2.0635719736250877,59.150794847794394,69.44130247787865,0.26923783007658963,8.433919416961368e-06,5.700267963337986,0.10679193323722647
