line,wl,amp,amp_err,flux,flux_err,z,zerr,FWHM,FWHMerr
HI_6563,6564.61,2.171986586713274,2.171986586713274,37.12208006604373,39.12515761227929,0.2701153804533108,3.5369997477169404e-05,2.895526246860143,0.43178851039009153
HI_4861,4862.683,0.6413415256218968,0.6413415256218968,10.961362104837711,38.67061150844462,0.2701153804533108,3.5369997477169404e-05,2.895526246860143,0.43178851039009153
HI_4341,4341.684,0.0,0.0,0.0,10000000000.0,0.2701153804533108,3.5369997477169404e-05,2.895526246860143,0.43178851039009153
HI_4102,4102.892,0.0,0.0,0.0,10000000000.0,0.2701153804533108,3.5369997477169404e-05,2.895526246860143,0.43178851039009153
OIII_4363,4364.436,0.0,0.0,0.0,10000000000.0,0.2701153804533108,3.5369997477169404e-05,2.895526246860143,0.43178851039009153
OIII_5007,5008.24,6.504136314215998,6.504136314215998,111.16416210569467,42.840585147843555,0.2701153804533108,3.5369997477169404e-05,2.895526246860143,0.43178851039009153
OIII_4959,4960.295,17.441320618591476,17.441320618591476,298.0948889931444,62.9509463533932,0.2701153804533108,3.5369997477169404e-05,2.895526246860143,0.43178851039009153
OII_3726,3727.092,6.128087801027959,6.128087801027959,104.7370031625046,42.117590955136215,0.2701153804533108,3.5369997477169404e-05,2.895526246860143,0.43178851039009153
OII_3729,3729.875,0.0,0.0,0.0,10000000000.0,0.2701153804533108,3.5369997477169404e-05,2.895526246860143,0.43178851039009153
OI_6300,6302.046,0.0,0.0,0.0,10000000000.0,0.2701153804533108,3.5369997477169404e-05,2.895526246860143,0.43178851039009153
SII_6717,6718.29,0.0,0.0,0.0,10000000000.0,0.2701153804533108,3.5369997477169404e-05,2.895526246860143,0.43178851039009153
SII_6731,6732.67,4.376211633750586,4.376211633750586,74.79515741387357,40.59060129283044,0.2701153804533108,3.5369997477169404e-05,2.895526246860143,0.43178851039009153
NII_6548,6549.85,0.0,0.0,0.0,10000000000.0,0.2701153804533108,3.5369997477169404e-05,2.895526246860143,0.43178851039009153
NII_6584,6585.28,0.0,0.0,0.0,10000000000.0,0.2701153804533108,3.5369997477169404e-05,2.895526246860143,0.43178851039009153
NII_5755,5756.24,0.0,0.0,0.0,10000000000.0,0.2701153804533108,3.5369997477169404e-05,2.895526246860143,0.43178851039009153
HeI_5876,5877.594,0.8446551810050096,0.8446551810050096,14.436257318197645,38.70600303931299,0.2701153804533108,3.5369997477169404e-05,2.895526246860143,0.43178851039009153
HeII_4686,4687.02,0.0,0.0,0.0,10000000000.0,0.2701153804533108,3.5369997477169404e-05,2.895526246860143,0.43178851039009153
NeIII_3869,3870.16,1.9809462517936254,2.2651995014237096,33.85695188702372,39.04303094783421,0.2701153804533108,3.5369997477169404e-05,2.895526246860143,0.43178851039009153
