line,wl,amp,amp_err,flux,flux_err,z,zerr,FWHM,FWHMerr
HI_6563,6564.61,32.05608064322405,32.05608064322405,995.9396573873591,81.0775151138901,0.26918140261164897,2.07390626139534e-05,5.26350385975147,0.2584229662016768
HI_4861,4862.683,12.64746757432988,12.64746757432988,392.93994368766903,63.63917904801453,0.26918140261164897,2.07390626139534e-05,5.26350385975147,0.2584229662016768
HI_4341,4341.684,4.461904944391222,4.461904944391222,138.62543369135417,60.3539158736957,0.26918140261164897,2.07390626139534e-05,5.26350385975147,0.2584229662016768
HI_4102,4102.892,5.141474005146392,5.141474005146392,159.73873774970968,60.51096723536873,0.26918140261164897,2.07390626139534e-05,5.26350385975147,0.2584229662016768
OIII_4363,4364.436,0.0,0.0,0.0,10000000000.0,0.26918140261164897,2.07390626139534e-05,5.26350385975147,0.2584229662016768
OIII_5007,5008.24,33.94471216907914,33.94471216907914,1054.616919143895,83.28350632807849,0.26918140261164897,2.07390626139534e-05,5.26350385975147,0.2584229662016768
OIII_4959,4960.295,10.3738310864793,10.3738310864793,322.3010914232407,62.431553587530516,0.26918140261164897,2.07390626139534e-05,5.26350385975147,0.2584229662016768
OII_3726,3727.092,17.51300529414584,17.51300529414584,544.1057091975294,82.86019046679245,0.26918140261164897,2.07390626139534e-05,5.26350385975147,0.2584229662016768
OII_3729,3729.875,25.098259934824455,25.098259934824455,779.7694508792556,85.70395863612173,0.26918140261164897,2.07390626139534e-05,5.26350385975147,0.2584229662016768
OI_6300,6302.046,1.990914446011061,1.990914446011061,61.85505562318102,59.96845508912256,0.26918140261164897,2.07390626139534e-05,5.26350385975147,0.2584229662016768
SII_6717,6718.29,4.898717548951254,4.898717548951254,152.19661853362703,60.45234312800094,0.26918140261164897,2.07390626139534e-05,5.26350385975147,0.2584229662016768
SII_6731,6732.67,1.9782791693698982,1.9782791693698982,61.4624944355221,59.967250415195885,0.26918140261164897,2.07390626139534e-05,5.26350385975147,0.2584229662016768
NII_6548,6549.85,0.0,0.0,0.0,10000000000.0,0.26918140261164897,2.07390626139534e-05,5.26350385975147,0.2584229662016768
NII_6584,6585.28,4.094327966597689,4.094327966597689,127.20530740075742,60.27805094659585,0.26918140261164897,2.07390626139534e-05,5.26350385975147,0.2584229662016768
NII_5755,5756.24,4.170940886009248,4.170940886009248,129.58556859236765,60.293331070748906,0.26918140261164897,2.07390626139534e-05,5.26350385975147,0.2584229662016768
HeI_5876,5877.594,1.3125411878675095,1.3125411878675095,40.77890355656691,59.91408518427244,0.26918140261164897,2.07390626139534e-05,5.26350385975147,0.2584229662016768
HeII_4686,4687.02,0.0,0.0,0.0,10000000000.0,0.26918140261164897,2.07390626139534e-05,5.26350385975147,0.2584229662016768
NeIII_3869,3870.16,7.496277449569561,1.9358635904528834,232.89933906449073,61.22203006380739,0.26918140261164897,2.07390626139534e-05,5.26350385975147,0.2584229662016768
