line,wl,amp,amp_err,flux,flux_err,z,zerr,FWHM,FWHMerr
HI_6563,6564.61,85.55987727892216,85.55987727892216,1671.9865254621593,62.96284082406559,0.26944439394177383,5.883153752447775e-06,3.3106628993321308,0.07380439882952587
HI_4861,4862.683,33.387821746119016,33.387821746119016,652.4552143998435,49.92331267462414,0.26944439394177383,5.883153752447775e-06,3.3106628993321308,0.07380439882952587
HI_4341,4341.684,16.378133867485303,16.378133867485303,320.0567837349736,47.869726932707216,0.26944439394177383,5.883153752447775e-06,3.3106628993321308,0.07380439882952587
HI_4102,4102.892,4.263211114243859,4.263211114243859,83.31044602809703,47.245768367356455,0.26944439394177383,5.883153752447775e-06,3.3106628993321308,0.07380439882952587
OIII_4363,4364.436,0.0,0.0,0.0,10000000000.0,0.26944439394177383,5.883153752447775e-06,3.3106628993321308,0.07380439882952587
OIII_5007,5008.24,100.17728053636188,100.17728053636188,1957.6356177815887,67.88583369697487,0.26944439394177383,5.883153752447775e-06,3.3106628993321308,0.07380439882952587
OIII_4959,4960.295,31.81869061108614,31.81869061108614,621.7917048449458,49.67957789253718,0.26944439394177383,5.883153752447775e-06,3.3106628993321308,0.07380439882952587
OII_3726,3727.092,41.77806656732719,41.77806656732719,816.4149667105759,53.96244455705459,0.26944439394177383,5.883153752447775e-06,3.3106628993321308,0.07380439882952587
OII_3729,3729.875,49.60016423076604,49.60016423076604,969.2721505922631,55.237302373651254,0.26944439394177383,5.883153752447775e-06,3.3106628993321308,0.07380439882952587
OI_6300,6302.046,2.613092123476804,2.613092123476804,51.064295078422724,47.21738353829037,0.26944439394177383,5.883153752447775e-06,3.3106628993321308,0.07380439882952587
SII_6717,6718.29,12.850942276565661,12.850942276565661,251.12941964449334,47.61325071024054,0.26944439394177383,5.883153752447775e-06,3.3106628993321308,0.07380439882952587
SII_6731,6732.67,8.215889662732593,8.215889662732593,160.55255392654522,47.369756648015695,0.26944439394177383,5.883153752447775e-06,3.3106628993321308,0.07380439882952587
NII_6548,6549.85,4.424794243593851,4.424794243593851,86.46805709075049,47.24928152064325,0.26944439394177383,5.883153752447775e-06,3.3106628993321308,0.07380439882952587
NII_6584,6585.28,9.757480789063038,9.757480789063038,190.67788454844307,47.43876769202929,0.26944439394177383,5.883153752447775e-06,3.3106628993321308,0.07380439882952587
NII_5755,5756.24,0.0,0.0,0.0,10000000000.0,0.26944439394177383,5.883153752447775e-06,3.3106628993321308,0.07380439882952587
HeI_5876,5877.594,6.5525614372160135,6.5525614372160135,128.04827190871998,47.30791489443617,0.26944439394177383,5.883153752447775e-06,3.3106628993321308,0.07380439882952587
HeII_4686,4687.02,4.888534022029489e-12,4.888534022029489e-12,9.553032652736418e-11,47.200068526675764,0.26944439394177383,5.883153752447775e-06,3.3106628993321308,0.07380439882952587
NeIII_3869,3870.16,10.723141679158061,2.418323517029291,209.54855205935158,47.488507310516674,0.26944439394177383,5.883153752447775e-06,3.3106628993321308,0.07380439882952587
