line,wl,amp,amp_err,flux,flux_err,z,zerr,FWHM,FWHMerr
HI_6563,6564.61,179.80567540191987,179.80567540191987,5391.642380751943,88.45193960535018,0.2693317830525774,4.041367967469468e-06,5.0800738351951145,0.051902825133997375
HI_4861,4862.683,69.56549095343325,69.56549095343325,2085.9867099519915,67.81164667978251,0.2693317830525774,4.041367967469468e-06,5.0800738351951145,0.051902825133997375
HI_4341,4341.684,28.94388431652328,28.94388431652328,867.9096085021692,64.25679740691763,0.2693317830525774,4.041367967469468e-06,5.0800738351951145,0.051902825133997375
HI_4102,4102.892,10.422747710081353,10.422747710081353,312.53589827988185,63.5876845333501,0.2693317830525774,4.041367967469468e-06,5.0800738351951145,0.051902825133997375
OIII_4363,4364.436,1.8917159899158378,1.8917159899158378,56.724884132703195,63.490689429017365,0.2693317830525774,4.041367967469468e-06,5.0800738351951145,0.051902825133997375
OIII_5007,5008.24,183.36772553704031,183.36772553704031,5498.4538060751365,89.30568171756453,0.2693317830525774,4.041367967469468e-06,5.0800738351951145,0.051902825133997375
OIII_4959,4960.295,57.302561893767006,57.302561893767006,1718.2712422257425,66.4521663676062,0.2693317830525774,4.041367967469468e-06,5.0800738351951145,0.051902825133997375
OII_3726,3727.092,76.93850142700376,76.93850142700376,2307.073367278973,83.11712024775133,0.2693317830525774,4.041367967469468e-06,5.0800738351951145,0.051902825133997375
OII_3729,3729.875,117.60800479417685,117.60800479417685,3526.5866972583394,86.1532590094247,0.2693317830525774,4.041367967469468e-06,5.0800738351951145,0.051902825133997375
OI_6300,6302.046,7.583812651082781,7.583812651082781,227.40775899237312,63.540504559524145,0.2693317830525774,4.041367967469468e-06,5.0800738351951145,0.051902825133997375
SII_6717,6718.29,24.11922816915194,24.11922816915194,723.2377537424336,64.02263323939165,0.2693317830525774,4.041367967469468e-06,5.0800738351951145,0.051902825133997375
SII_6731,6732.67,20.154480282049803,20.154480282049803,604.3510573725127,63.861600651774694,0.2693317830525774,4.041367967469468e-06,5.0800738351951145,0.051902825133997375
NII_6548,6549.85,2.5654057332702678,2.5654057332702678,76.92610505428074,63.49345224292727,0.2693317830525774,4.041367967469468e-06,5.0800738351951145,0.051902825133997375
NII_6584,6585.28,20.331319473581743,20.331319473581743,609.6537469428517,63.868167362545734,0.2693317830525774,4.041367967469468e-06,5.0800738351951145,0.051902825133997375
NII_5755,5756.24,0.0,0.0,0.0,10000000000.0,0.2693317830525774,4.041367967469468e-06,5.0800738351951145,0.051902825133997375
HeI_5876,5877.594,7.326196945898687,7.326196945898687,219.68290964647184,63.536945873246076,0.2693317830525774,4.041367967469468e-06,5.0800738351951145,0.051902825133997375
HeII_4686,4687.02,0.0,0.0,0.0,10000000000.0,0.2693317830525774,4.041367967469468e-06,5.0800738351951145,0.051902825133997375
NeIII_3869,3870.16,15.169313418850834,2.1186558268807683,454.8661377521347,63.69964317782529,0.2693317830525774,4.041367967469468e-06,5.0800738351951145,0.051902825133997375
