line,wl,amp,amp_err,flux,flux_err,z,zerr,FWHM,FWHMerr
HI_6563,6564.61,8.22242297896662,8.22242297896662,52.24481997939661,44.533880833439525,0.2701689038270904,9.401393191470007e-06,1.0764547161211708,0.5156207965969829
HI_4861,4862.683,1.0300592651175293,1.0300592651175293,6.544939491903674,27.200946789258282,0.2701689038270904,9.401393191470007e-06,1.0764547161211708,0.5156207965969829
HI_4341,4341.684,3.742928792565749,3.742928792565749,23.782362141125716,24.528204118722112,0.2701689038270904,9.401393191470007e-06,1.0764547161211708,0.5156207965969829
HI_4102,4102.892,0.0,0.0,0.0,10000000000.0,0.2701689038270904,9.401393191470007e-06,1.0764547161211708,0.5156207965969829
OIII_4363,4364.436,0.024435830784796053,0.024435830784796053,0.15526391474439985,20.467376049473856,0.2701689038270904,9.401393191470007e-06,1.0764547161211708,0.5156207965969829
OIII_5007,5008.24,0.0,0.0,0.0,10000000000.0,0.2701689038270904,9.401393191470007e-06,1.0764547161211708,0.5156207965969829
OIII_4959,4960.295,74.51589531956574,74.51589531956574,473.469869712729,479.9664511891253,0.2701689038270904,9.401393191470007e-06,1.0764547161211708,0.5156207965969829
OII_3726,3727.092,1.1799173082237076,1.1799173082237076,7.497129193719635,32.21313708223793,0.2701689038270904,9.401393191470007e-06,1.0764547161211708,0.5156207965969829
OII_3729,3729.875,0.0,0.0,0.0,10000000000.0,0.2701689038270904,9.401393191470007e-06,1.0764547161211708,0.5156207965969829
OI_6300,6302.046,5.849796824792634,5.849796824792634,37.16928487005992,28.232228179627253,0.2701689038270904,9.401393191470007e-06,1.0764547161211708,0.5156207965969829
SII_6717,6718.29,0.04227008308021141,0.04227008308021141,0.2685817655804093,22.830846172749514,0.2701689038270904,9.401393191470007e-06,1.0764547161211708,0.5156207965969829
SII_6731,6732.67,0.0,0.0,0.0,10000000000.0,0.2701689038270904,9.401393191470007e-06,1.0764547161211708,0.5156207965969829
NII_6548,6549.85,0.0,0.0,0.0,10000000000.0,0.2701689038270904,9.401393191470007e-06,1.0764547161211708,0.5156207965969829
NII_6584,6585.28,1.9435695600728877,1.9435695600728877,12.349333285722627,30.599587720599576,0.2701689038270904,9.401393191470007e-06,1.0764547161211708,0.5156207965969829
NII_5755,5756.24,3.3169894350575078,3.3169894350575078,21.075967066087305,28.528660389533858,0.2701689038270904,9.401393191470007e-06,1.0764547161211708,0.5156207965969829
HeI_5876,5877.594,0.0,0.0,0.0,10000000000.0,0.2701689038270904,9.401393191470007e-06,1.0764547161211708,0.5156207965969829
HeII_4686,4687.02,0.0,0.0,0.0,10000000000.0,0.2701689038270904,9.401393191470007e-06,1.0764547161211708,0.5156207965969829
NeIII_3869,3870.16,0.0,10000000000.0,0.0,10000000000.0,0.2701689038270904,9.401393191470007e-06,1.0764547161211708,0.5156207965969829
