line,wl,amp,amp_err,flux,flux_err,z,zerr,FWHM,FWHMerr
HI_6563,6564.61,0.0,0.0,0.0,10000000000.0,0.27010428382674934,2.035300885631998e-05,0.7994538960709963,0.45632305521090666
HI_4861,4862.683,4.414941800233919,4.414941800233919,20.833683608053494,19.026465950138103,0.27010428382674934,2.035300885631998e-05,0.7994538960709963,0.45632305521090666
HI_4341,4341.684,0.0,0.0,0.0,10000000000.0,0.27010428382674934,2.035300885631998e-05,0.7994538960709963,0.45632305521090666
HI_4102,4102.892,4.699500508479787,4.699500508479787,22.176488646887005,19.47124592018758,0.27010428382674934,2.035300885631998e-05,0.7994538960709963,0.45632305521090666
OIII_4363,4364.436,2.8153926037743986,2.8153926037743986,13.285565562015334,23.58927265195432,0.27010428382674934,2.035300885631998e-05,0.7994538960709963,0.45632305521090666
OIII_5007,5008.24,0.0,0.0,0.0,10000000000.0,0.27010428382674934,2.035300885631998e-05,0.7994538960709963,0.45632305521090666
OIII_4959,4960.295,27.662271402272836,27.662271402272836,130.535584918588,91.37322917057273,0.27010428382674934,2.035300885631998e-05,0.7994538960709963,0.45632305521090666
OII_3726,3727.092,3.14673481903867,3.14673481903867,14.849137448385756,20.26819815814051,0.27010428382674934,2.035300885631998e-05,0.7994538960709963,0.45632305521090666
OII_3729,3729.875,1.309249236025721,1.309249236025721,6.178220593077903,15.180063469003716,0.27010428382674934,2.035300885631998e-05,0.7994538960709963,0.45632305521090666
OI_6300,6302.046,0.0,0.0,0.0,10000000000.0,0.27010428382674934,2.035300885631998e-05,0.7994538960709963,0.45632305521090666
SII_6717,6718.29,0.0,0.0,0.0,10000000000.0,0.27010428382674934,2.035300885631998e-05,0.7994538960709963,0.45632305521090666
SII_6731,6732.67,2.5981426634260743,2.5981426634260743,12.260384092840434,17.1798162898788,0.27010428382674934,2.035300885631998e-05,0.7994538960709963,0.45632305521090666
NII_6548,6549.85,0.0,0.0,0.0,10000000000.0,0.27010428382674934,2.035300885631998e-05,0.7994538960709963,0.45632305521090666
NII_6584,6585.28,11.125854094388387,11.125854094388387,52.50183004894266,63.96419994904096,0.27010428382674934,2.035300885631998e-05,0.7994538960709963,0.45632305521090666
NII_5755,5756.24,7.719680636434077,7.719680636434077,36.428426740792666,25.708740161001323,0.27010428382674934,2.035300885631998e-05,0.7994538960709963,0.45632305521090666
HeI_5876,5877.594,0.0,0.0,0.0,10000000000.0,0.27010428382674934,2.035300885631998e-05,0.7994538960709963,0.45632305521090666
HeII_4686,4687.02,0.0,0.0,0.0,10000000000.0,0.27010428382674934,2.035300885631998e-05,0.7994538960709963,0.45632305521090666
NeIII_3869,3870.16,0.0,10000000000.0,0.0,10000000000.0,0.27010428382674934,2.035300885631998e-05,0.7994538960709963,0.45632305521090666
