line,wl,amp,amp_err,flux,flux_err,z,zerr,FWHM,FWHMerr
HI_6563,6564.61,0.0,0.0,0.0,10000000000.0,0.2700729082850942,2.3462557287771292e-05,1.4605254745380059,0.18607895353249265
HI_4861,4862.683,2.2235852786021724,2.2235852786021724,19.16949114449072,26.209120205298614,0.2700729082850942,2.3462557287771292e-05,1.4605254745380059,0.18607895353249265
HI_4341,4341.684,0.0,0.0,0.0,10000000000.0,0.2700729082850942,2.3462557287771292e-05,1.4605254745380059,0.18607895353249265
HI_4102,4102.892,0.0,0.0,0.0,10000000000.0,0.2700729082850942,2.3462557287771292e-05,1.4605254745380059,0.18607895353249265
OIII_4363,4364.436,0.0,0.0,0.0,10000000000.0,0.2700729082850942,2.3462557287771292e-05,1.4605254745380059,0.18607895353249265
OIII_5007,5008.24,0.0,0.0,0.0,10000000000.0,0.2700729082850942,2.3462557287771292e-05,1.4605254745380059,0.18607895353249265
OIII_4959,4960.295,30.19942184935053,30.19942184935053,260.3487058853831,43.22952021403904,0.2700729082850942,2.3462557287771292e-05,1.4605254745380059,0.18607895353249265
OII_3726,3727.092,5.551640335987258,5.551640335987258,47.86059760433659,26.73450497356953,0.2700729082850942,2.3462557287771292e-05,1.4605254745380059,0.18607895353249265
OII_3729,3729.875,0.0,0.0,0.0,10000000000.0,0.2700729082850942,2.3462557287771292e-05,1.4605254745380059,0.18607895353249265
OI_6300,6302.046,0.0,0.0,0.0,10000000000.0,0.2700729082850942,2.3462557287771292e-05,1.4605254745380059,0.18607895353249265
SII_6717,6718.29,0.49349682479510193,0.49349682479510193,4.254427794508044,28.911690923317916,0.2700729082850942,2.3462557287771292e-05,1.4605254745380059,0.18607895353249265
SII_6731,6732.67,1.438691241112906,1.438691241112906,12.402932899208336,26.03642839477684,0.2700729082850942,2.3462557287771292e-05,1.4605254745380059,0.18607895353249265
NII_6548,6549.85,0.0,0.0,0.0,10000000000.0,0.2700729082850942,2.3462557287771292e-05,1.4605254745380059,0.18607895353249265
NII_6584,6585.28,7.575947241126983,7.575947241126983,65.3121132557631,28.440721261592792,0.2700729082850942,2.3462557287771292e-05,1.4605254745380059,0.18607895353249265
NII_5755,5756.24,0.0,0.0,0.0,10000000000.0,0.2700729082850942,2.3462557287771292e-05,1.4605254745380059,0.18607895353249265
HeI_5876,5877.594,1.2094298338074623,1.2094298338074623,10.426474177608085,26.285583905822413,0.2700729082850942,2.3462557287771292e-05,1.4605254745380059,0.18607895353249265
HeII_4686,4687.02,0.0,0.0,0.0,10000000000.0,0.2700729082850942,2.3462557287771292e-05,1.4605254745380059,0.18607895353249265
NeIII_3869,3870.16,0.0,10000000000.0,0.0,10000000000.0,0.2700729082850942,2.3462557287771292e-05,1.4605254745380059,0.18607895353249265
