line,wl,amp,amp_err,flux,flux_err,z,zerr,FWHM,FWHMerr
HI_6563,6564.61,1.3051926294629084,1.3051926294629084,30.330629016149967,48.2100222054415,0.27009661356289566,3.05575334522153e-05,3.936943174460219,0.3498552599118172
HI_4861,4862.683,2.3741537760067786,2.3741537760067786,55.17160898846434,48.426974468190615,0.27009661356289566,3.05575334522153e-05,3.936943174460219,0.3498552599118172
HI_4341,4341.684,0.8880390755106191,0.8880390755106191,20.63663488679149,48.15938485092703,0.27009661356289566,3.05575334522153e-05,3.936943174460219,0.3498552599118172
HI_4102,4102.892,0.0,0.0,0.0,10000000000.0,0.27009661356289566,3.05575334522153e-05,3.936943174460219,0.3498552599118172
OIII_4363,4364.436,0.0,0.0,0.0,10000000000.0,0.27009661356289566,3.05575334522153e-05,3.936943174460219,0.3498552599118172
OIII_5007,5008.24,6.931259090941239,6.931259090941239,161.071586949327,50.70821613528081,0.27009661356289566,3.05575334522153e-05,3.936943174460219,0.3498552599118172
OIII_4959,4960.295,30.208240238320514,30.208240238320514,701.992109989364,84.73860450710265,0.27009661356289566,3.05575334522153e-05,3.936943174460219,0.3498552599118172
OII_3726,3727.092,10.039122223346567,10.039122223346567,233.2934502774593,56.926249869408885,0.27009661356289566,3.05575334522153e-05,3.936943174460219,0.3498552599118172
OII_3729,3729.875,6.937405010048678,6.937405010048678,161.21440846716513,55.18237588256199,0.27009661356289566,3.05575334522153e-05,3.936943174460219,0.3498552599118172
OI_6300,6302.046,2.075943513466086,2.075943513466086,48.241670343582136,48.35391360003204,0.27009661356289566,3.05575334522153e-05,3.936943174460219,0.3498552599118172
SII_6717,6718.29,0.0,0.0,0.0,10000000000.0,0.27009661356289566,3.05575334522153e-05,3.936943174460219,0.3498552599118172
SII_6731,6732.67,0.0,0.0,0.0,10000000000.0,0.27009661356289566,3.05575334522153e-05,3.936943174460219,0.3498552599118172
NII_6548,6549.85,0.0,0.0,0.0,10000000000.0,0.27009661356289566,3.05575334522153e-05,3.936943174460219,0.3498552599118172
NII_6584,6585.28,0.0,0.0,0.0,10000000000.0,0.27009661356289566,3.05575334522153e-05,3.936943174460219,0.3498552599118172
NII_5755,5756.24,0.0,0.0,0.0,10000000000.0,0.27009661356289566,3.05575334522153e-05,3.936943174460219,0.3498552599118172
HeI_5876,5877.594,0.0,0.0,0.0,10000000000.0,0.27009661356289566,3.05575334522153e-05,3.936943174460219,0.3498552599118172
HeII_4686,4687.02,0.0,0.0,0.0,10000000000.0,0.27009661356289566,3.05575334522153e-05,3.936943174460219,0.3498552599118172
NeIII_3869,3870.16,4.221458154026777,2.0790130906818285,98.10006453198879,49.09321059301382,0.27009661356289566,3.05575334522153e-05,3.936943174460219,0.3498552599118172
