line,wl,amp,amp_err,flux,flux_err,z,zerr,FWHM,FWHMerr
HI_6563,6564.61,5.474096715000542,5.474096715000542,11.383449688187985,21.06048339713235,0.27024888165591204,4.601618933733218e-06,0.35230091251378437,0.5492477882510367
HI_4861,4862.683,0.0,0.0,0.0,10000000000.0,0.27024888165591204,4.601618933733218e-06,0.35230091251378437,0.5492477882510367
HI_4341,4341.684,3.348283900873639,3.348283900873639,6.962796477986799,23.716952101384305,0.27024888165591204,4.601618933733218e-06,0.35230091251378437,0.5492477882510367
HI_4102,4102.892,9737.193068565988,9737.193068565988,20248.60961927355,540138.2818663623,0.27024888165591204,4.601618933733218e-06,0.35230091251378437,0.5492477882510367
OIII_4363,4364.436,0.0,0.0,0.0,10000000000.0,0.27024888165591204,4.601618933733218e-06,0.35230091251378437,0.5492477882510367
OIII_5007,5008.24,22167.85039714909,22167.85039714909,46098.31042986966,1256765.8510487082,0.27024888165591204,4.601618933733218e-06,0.35230091251378437,0.5492477882510367
OIII_4959,4960.295,56.70801312823323,56.70801312823323,117.92499255510192,649.3195642818143,0.27024888165591204,4.601618933733218e-06,0.35230091251378437,0.5492477882510367
OII_3726,3727.092,3485.7375622611435,3485.7375622611435,7248.633013277485,126253.60834474639,0.27024888165591204,4.601618933733218e-06,0.35230091251378437,0.5492477882510367
OII_3729,3729.875,2456.2525808876653,2456.2525808876653,5107.8066632247765,102926.8913005293,0.27024888165591204,4.601618933733218e-06,0.35230091251378437,0.5492477882510367
OI_6300,6302.046,10.780759224964868,10.780759224964868,22.418717941457476,190.0488041164034,0.27024888165591204,4.601618933733218e-06,0.35230091251378437,0.5492477882510367
SII_6717,6718.29,26.178162907948263,26.178162907948263,54.43780333204953,390.0752094014045,0.27024888165591204,4.601618933733218e-06,0.35230091251378437,0.5492477882510367
SII_6731,6732.67,4.2402430048011865,4.2402430048011865,8.817636118590313,24.69117626096912,0.27024888165591204,4.601618933733218e-06,0.35230091251378437,0.5492477882510367
NII_6548,6549.85,5.567831675818752,5.567831675818752,11.578372661977326,21.46767535954293,0.27024888165591204,4.601618933733218e-06,0.35230091251378437,0.5492477882510367
NII_6584,6585.28,5.988825926591176,5.988825926591176,12.45383524917493,23.348785254795665,0.27024888165591204,4.601618933733218e-06,0.35230091251378437,0.5492477882510367
NII_5755,5756.24,0.0,0.0,0.0,10000000000.0,0.27024888165591204,4.601618933733218e-06,0.35230091251378437,0.5492477882510367
HeI_5876,5877.594,0.13325009806817434,0.13325009806817434,0.27709517501738684,6.508527127378695,0.27024888165591204,4.601618933733218e-06,0.35230091251378437,0.5492477882510367
HeII_4686,4687.02,0.0,0.0,0.0,10000000000.0,0.27024888165591204,4.601618933733218e-06,0.35230091251378437,0.5492477882510367
NeIII_3869,3870.16,0.0,10000000000.0,0.0,10000000000.0,0.27024888165591204,4.601618933733218e-06,0.35230091251378437,0.5492477882510367
