line,wl,amp,amp_err,flux,flux_err,z,zerr,FWHM,FWHMerr
HI_6563,6564.61,177.85850980858322,177.85850980858322,5266.264131648363,87.80647817359763,0.26922786174728114,4.062135566566759e-06,5.016263367766449,0.051760904382895545
HI_4861,4862.683,67.18125641870756,67.18125641870756,1989.1892796002576,67.42039907924996,0.26922786174728114,4.062135566566759e-06,5.016263367766449,0.051760904382895545
HI_4341,4341.684,24.023827912288425,24.023827912288425,711.3284788877266,63.92360278322204,0.26922786174728114,4.062135566566759e-06,5.016263367766449,0.051760904382895545
HI_4102,4102.892,20.58737302288239,20.58737302288239,609.5774907366199,63.78352672178089,0.26922786174728114,4.062135566566759e-06,5.016263367766449,0.051760904382895545
OIII_4363,4364.436,0.0,0.0,0.0,10000000000.0,0.26922786174728114,4.062135566566759e-06,5.016263367766449,0.051760904382895545
OIII_5007,5008.24,176.57758809674397,176.57758809674397,5228.336949677882,87.50428590446238,0.26922786174728114,4.062135566566759e-06,5.016263367766449,0.051760904382895545
OIII_4959,4960.295,67.74369268768851,67.74369268768851,2005.8426179918824,67.48603595043043,0.26922786174728114,4.062135566566759e-06,5.016263367766449,0.051760904382895545
OII_3726,3727.092,100.1384800199246,100.1384800199246,2965.0292588995126,85.70544061717409,0.26922786174728114,4.062135566566759e-06,5.016263367766449,0.051760904382895545
OII_3729,3729.875,118.72666645713525,118.72666645713525,3515.4122549789668,87.20717155890777,0.26922786174728114,4.062135566566759e-06,5.016263367766449,0.051760904382895545
OI_6300,6302.046,8.436576429983347,8.436576429983347,249.80103507528204,63.46012704909655,0.26922786174728114,4.062135566566759e-06,5.016263367766449,0.051760904382895545
SII_6717,6718.29,24.43412654560052,24.43412654560052,723.4771299598698,63.94173504018907,0.26922786174728114,4.062135566566759e-06,5.016263367766449,0.051760904382895545
SII_6731,6732.67,20.281986813481808,20.281986813481808,600.5352220107817,63.772107461938795,0.26922786174728114,4.062135566566759e-06,5.016263367766449,0.051760904382895545
NII_6548,6549.85,8.052402009986963,8.052402009986963,238.42590340178967,63.454296861413546,0.26922786174728114,4.062135566566759e-06,5.016263367766449,0.051760904382895545
NII_6584,6585.28,30.085488391939407,30.085488391939407,890.8099397218027,64.22224395971492,0.26922786174728114,4.062135566566759e-06,5.016263367766449,0.051760904382895545
NII_5755,5756.24,0.0,0.0,0.0,10000000000.0,0.26922786174728114,4.062135566566759e-06,5.016263367766449,0.051760904382895545
HeI_5876,5877.594,6.651608768165374,6.651608768165374,196.94941058061536,63.43536157838382,0.26922786174728114,4.062135566566759e-06,5.016263367766449,0.051760904382895545
HeII_4686,4687.02,0.0,0.0,0.0,10000000000.0,0.26922786174728114,4.062135566566759e-06,5.016263367766449,0.051760904382895545
NeIII_3869,3870.16,22.29968158511474,2.1441284643512875,660.2777309067612,63.85065845896442,0.26922786174728114,4.062135566566759e-06,5.016263367766449,0.051760904382895545
