line,wl,amp,amp_err,flux,flux_err,z,zerr,FWHM,FWHMerr
HI_6563,6564.61,85.72249106422737,85.72249106422737,2647.8716820835966,77.17171913277781,0.26926902855853874,7.383825291767614e-06,5.233045295210008,0.09320723308165592
HI_4861,4862.683,29.044421665732216,29.044421665732216,897.1496359522038,59.11385285621098,0.26926902855853874,7.383825291767614e-06,5.233045295210008,0.09320723308165592
HI_4341,4341.684,17.2660250475991,17.2660250475991,533.3281641504034,57.341766636948826,0.26926902855853874,7.383825291767614e-06,5.233045295210008,0.09320723308165592
HI_4102,4102.892,11.82961837557059,11.82961837557059,365.40365448619787,56.81755448421319,0.26926902855853874,7.383825291767614e-06,5.233045295210008,0.09320723308165592
OIII_4363,4364.436,1.111823524530564,1.111823524530564,34.342982682025635,56.353850493348745,0.26926902855853874,7.383825291767614e-06,5.233045295210008,0.09320723308165592
OIII_5007,5008.24,87.24433509801338,87.24433509801338,2694.879738797565,77.8140409460026,0.26926902855853874,7.383825291767614e-06,5.233045295210008,0.09320723308165592
OIII_4959,4960.295,27.601511631148696,27.601511631148696,852.5797620143902,58.851716631732494,0.26926902855853874,7.383825291767614e-06,5.233045295210008,0.09320723308165592
OII_3726,3727.092,62.23712496448729,62.23712496448729,1922.435042680818,80.03010414239164,0.26926902855853874,7.383825291767614e-06,5.233045295210008,0.09320723308165592
OII_3729,3729.875,50.37275869126597,50.37275869126597,1555.9580645772235,78.37386866260682,0.26926902855853874,7.383825291767614e-06,5.233045295210008,0.09320723308165592
OI_6300,6302.046,7.082923024764455,7.082923024764455,218.78355459362234,56.51784848380848,0.26926902855853874,7.383825291767614e-06,5.233045295210008,0.09320723308165592
SII_6717,6718.29,16.10902363462435,16.10902363462435,497.5896871239815,57.21422798981889,0.26926902855853874,7.383825291767614e-06,5.233045295210008,0.09320723308165592
SII_6731,6732.67,14.246445290208726,14.246445290208726,440.0567294064428,57.02697671105898,0.26926902855853874,7.383825291767614e-06,5.233045295210008,0.09320723308165592
NII_6548,6549.85,8.412132780139927,8.412132780139927,259.84135432754454,56.5867539395959,0.26926902855853874,7.383825291767614e-06,5.233045295210008,0.09320723308165592
NII_6584,6585.28,16.463644756565714,16.463644756565714,508.54353616639565,57.25240074821187,0.26926902855853874,7.383825291767614e-06,5.233045295210008,0.09320723308165592
NII_5755,5756.24,0.0,0.0,0.0,10000000000.0,0.26926902855853874,7.383825291767614e-06,5.233045295210008,0.09320723308165592
HeI_5876,5877.594,3.1919070343941485,3.1919070343941485,98.59443120806228,56.38388722953841,0.26926902855853874,7.383825291767614e-06,5.233045295210008,0.09320723308165592
HeII_4686,4687.02,0.0,0.0,0.0,10000000000.0,0.26926902855853874,7.383825291767614e-06,5.233045295210008,0.09320723308165592
NeIII_3869,3870.16,10.412552840345597,1.8266254983991979,321.6320881703338,56.712490974824746,0.26926902855853874,7.383825291767614e-06,5.233045295210008,0.09320723308165592
