line,wl,amp,amp_err,flux,flux_err,z,zerr,FWHM,FWHMerr
HI_6563,6564.61,0.0,0.0,0.0,10000000000.0,0.27006275718596445,2.6476772557706662e-05,2.1637520855067094,0.26080340282810555
HI_4861,4862.683,0.0,0.0,0.0,10000000000.0,0.27006275718596445,2.6476772557706662e-05,2.1637520855067094,0.26080340282810555
HI_4341,4341.684,0.0,0.0,0.0,10000000000.0,0.27006275718596445,2.6476772557706662e-05,2.1637520855067094,0.26080340282810555
HI_4102,4102.892,8.335169416431995,8.335169416431995,106.45586403043995,37.391927482344514,0.27006275718596445,2.6476772557706662e-05,2.1637520855067094,0.26080340282810555
OIII_4363,4364.436,4.683163643435478,4.683163643435478,59.81284928354576,35.807688010257884,0.27006275718596445,2.6476772557706662e-05,2.1637520855067094,0.26080340282810555
OIII_5007,5008.24,0.0,0.0,0.0,10000000000.0,0.27006275718596445,2.6476772557706662e-05,2.1637520855067094,0.26080340282810555
OIII_4959,4960.295,22.356434761042806,22.356434761042806,285.53391781516547,51.19495264389091,0.27006275718596445,2.6476772557706662e-05,2.1637520855067094,0.26080340282810555
OII_3726,3727.092,0.0,0.0,0.0,10000000000.0,0.27006275718596445,2.6476772557706662e-05,2.1637520855067094,0.26080340282810555
OII_3729,3729.875,5.40359927030363,5.40359927030363,69.0141736124028,35.79966398822866,0.27006275718596445,2.6476772557706662e-05,2.1637520855067094,0.26080340282810555
OI_6300,6302.046,0.0,0.0,0.0,10000000000.0,0.27006275718596445,2.6476772557706662e-05,2.1637520855067094,0.26080340282810555
SII_6717,6718.29,0.0,0.0,0.0,10000000000.0,0.27006275718596445,2.6476772557706662e-05,2.1637520855067094,0.26080340282810555
SII_6731,6732.67,1.4165918830326518,1.4165918830326518,18.09255521422901,34.70867371475058,0.27006275718596445,2.6476772557706662e-05,2.1637520855067094,0.26080340282810555
NII_6548,6549.85,1.9141009828787219,1.9141009828787219,24.446686539107514,34.76190100582303,0.27006275718596445,2.6476772557706662e-05,2.1637520855067094,0.26080340282810555
NII_6584,6585.28,0.0,0.0,0.0,10000000000.0,0.27006275718596445,2.6476772557706662e-05,2.1637520855067094,0.26080340282810555
NII_5755,5756.24,0.0,0.0,0.0,10000000000.0,0.27006275718596445,2.6476772557706662e-05,2.1637520855067094,0.26080340282810555
HeI_5876,5877.594,0.0,0.0,0.0,10000000000.0,0.27006275718596445,2.6476772557706662e-05,2.1637520855067094,0.26080340282810555
HeII_4686,4687.02,0.0,0.0,0.0,10000000000.0,0.27006275718596445,2.6476772557706662e-05,2.1637520855067094,0.26080340282810555
NeIII_3869,3870.16,2.795781303273884,2.7373284955532324,35.70741030091444,35.22478214044264,0.27006275718596445,2.6476772557706662e-05,2.1637520855067094,0.26080340282810555
