line,wl,amp,amp_err,flux,flux_err,z,zerr,FWHM,FWHMerr
HI_6563,6564.61,0.0,0.0,0.0,10000000000.0,0.27015862019318493,1.6136801480097835e-05,0.7696212151296999,0.3060470371702827
HI_4861,4862.683,0.0,0.0,0.0,10000000000.0,0.27015862019318493,1.6136801480097835e-05,0.7696212151296999,0.3060470371702827
HI_4341,4341.684,0.0,0.0,0.0,10000000000.0,0.27015862019318493,1.6136801480097835e-05,0.7696212151296999,0.3060470371702827
HI_4102,4102.892,4.05219905730894,4.05219905730894,18.408375312017945,21.57556187827204,0.27015862019318493,1.6136801480097835e-05,0.7696212151296999,0.3060470371702827
OIII_4363,4364.436,0.0,0.0,0.0,10000000000.0,0.27015862019318493,1.6136801480097835e-05,0.7696212151296999,0.3060470371702827
OIII_5007,5008.24,0.0,0.0,0.0,10000000000.0,0.27015862019318493,1.6136801480097835e-05,0.7696212151296999,0.3060470371702827
OIII_4959,4960.295,68.41130232623436,68.41130232623436,310.77963125572,455.73908177139737,0.27015862019318493,1.6136801480097835e-05,0.7696212151296999,0.3060470371702827
OII_3726,3727.092,25.560986845066736,25.560986845066736,116.11873763724346,115.38706834100694,0.27015862019318493,1.6136801480097835e-05,0.7696212151296999,0.3060470371702827
OII_3729,3729.875,0.26043645251047565,0.26043645251047565,1.183113636556444,17.646592255363036,0.27015862019318493,1.6136801480097835e-05,0.7696212151296999,0.3060470371702827
OI_6300,6302.046,0.0,0.0,0.0,10000000000.0,0.27015862019318493,1.6136801480097835e-05,0.7696212151296999,0.3060470371702827
SII_6717,6718.29,0.0,0.0,0.0,10000000000.0,0.27015862019318493,1.6136801480097835e-05,0.7696212151296999,0.3060470371702827
SII_6731,6732.67,11.042752462909903,11.042752462909903,50.16513970316982,79.68000792360978,0.27015862019318493,1.6136801480097835e-05,0.7696212151296999,0.3060470371702827
NII_6548,6549.85,2.8767975059357695,2.8767975059357695,13.068747965484105,43.39052624425051,0.27015862019318493,1.6136801480097835e-05,0.7696212151296999,0.3060470371702827
NII_6584,6585.28,11.186387094912902,11.186387094912902,50.81764471990775,55.48509530119179,0.27015862019318493,1.6136801480097835e-05,0.7696212151296999,0.3060470371702827
NII_5755,5756.24,0.0,0.0,0.0,10000000000.0,0.27015862019318493,1.6136801480097835e-05,0.7696212151296999,0.3060470371702827
HeI_5876,5877.594,0.0,0.0,0.0,10000000000.0,0.27015862019318493,1.6136801480097835e-05,0.7696212151296999,0.3060470371702827
HeII_4686,4687.02,0.0,0.0,0.0,10000000000.0,0.27015862019318493,1.6136801480097835e-05,0.7696212151296999,0.3060470371702827
NeIII_3869,3870.16,21.71761292810072,9.495871376630213,98.65901551418563,58.31025329779783,0.27015862019318493,1.6136801480097835e-05,0.7696212151296999,0.3060470371702827
