line,wl,amp,amp_err,flux,flux_err,z,zerr,FWHM,FWHMerr
HI_6563,6564.61,42.0429977520721,42.0429977520721,1326.171912030385,87.23099806608776,0.26920938912883885,1.7461427618395084e-05,5.343902092573462,0.2208739870211535
HI_4861,4862.683,18.478282627416434,18.478282627416434,582.8647031200564,67.67035112030457,0.26920938912883885,1.7461427618395084e-05,5.343902092573462,0.2208739870211535
HI_4341,4341.684,7.223603085422496,7.223603085422496,227.8557673749894,62.965872858538816,0.26920938912883885,1.7461427618395084e-05,5.343902092573462,0.2208739870211535
HI_4102,4102.892,0.0,0.0,0.0,10000000000.0,0.26920938912883885,1.7461427618395084e-05,5.343902092573462,0.2208739870211535
OIII_4363,4364.436,2.518730865691168,2.518730865691168,79.4489048507246,62.18777136192608,0.26920938912883885,1.7461427618395084e-05,5.343902092573462,0.2208739870211535
OIII_5007,5008.24,36.62196348133102,36.62196348133102,1155.174985826268,81.87333145322972,0.26920938912883885,1.7461427618395084e-05,5.343902092573462,0.2208739870211535
OIII_4959,4960.295,12.574835449042325,12.574835449042325,396.65091602803295,64.7287780317777,0.26920938912883885,1.7461427618395084e-05,5.343902092573462,0.2208739870211535
OII_3726,3727.092,17.244864943905327,17.244864943905327,543.9587264977449,85.4035813934146,0.26920938912883885,1.7461427618395084e-05,5.343902092573462,0.2208739870211535
OII_3729,3729.875,33.65936283098313,33.65936283098313,1061.7249946476372,90.5713940150501,0.26920938912883885,1.7461427618395084e-05,5.343902092573462,0.2208739870211535
OI_6300,6302.046,3.1149054542905787,3.1149054542905787,98.2541765092576,62.24512492915289,0.26920938912883885,1.7461427618395084e-05,5.343902092573462,0.2208739870211535
SII_6717,6718.29,6.480601640966256,6.480601640966256,204.4191025575453,62.79387234165001,0.26920938912883885,1.7461427618395084e-05,5.343902092573462,0.2208739870211535
SII_6731,6732.67,2.999077536520531,2.999077536520531,94.60058995766516,62.233036958708446,0.26920938912883885,1.7461427618395084e-05,5.343902092573462,0.2208739870211535
NII_6548,6549.85,0.0,0.0,0.0,10000000000.0,0.26920938912883885,1.7461427618395084e-05,5.343902092573462,0.2208739870211535
NII_6584,6585.28,6.169262780669328,6.169262780669328,194.59846954550017,62.727205700798415,0.26920938912883885,1.7461427618395084e-05,5.343902092573462,0.2208739870211535
NII_5755,5756.24,0.0,0.0,0.0,10000000000.0,0.26920938912883885,1.7461427618395084e-05,5.343902092573462,0.2208739870211535
HeI_5876,5877.594,2.619238376220096,2.619238376220096,82.61923628611785,62.19660652370883,0.26920938912883885,1.7461427618395084e-05,5.343902092573462,0.2208739870211535
HeII_4686,4687.02,0.0,0.0,0.0,10000000000.0,0.26920938912883885,1.7461427618395084e-05,5.343902092573462,0.2208739870211535
NeIII_3869,3870.16,5.0593003229545275,1.9708455404653298,159.5866693996118,62.51577950603095,0.26920938912883885,1.7461427618395084e-05,5.343902092573462,0.2208739870211535
