line,wl,amp,amp_err,flux,flux_err,z,zerr,FWHM,FWHMerr
HI_6563,6564.61,0.0,0.0,0.0,10000000000.0,0.2701824942361055,4.6259806522965335e-05,0.3754682145613514,1.7376796278436324
HI_4861,4862.683,36.998649550307164,36.998649550307164,81.99865112430884,2306.896161629585,0.2701824942361055,4.6259806522965335e-05,0.3754682145613514,1.7376796278436324
HI_4341,4341.684,0.7401195809852652,0.7401195809852652,1.6402979040886794,11.734217561077399,0.2701824942361055,4.6259806522965335e-05,0.3754682145613514,1.7376796278436324
HI_4102,4102.892,0.0,0.0,0.0,10000000000.0,0.2701824942361055,4.6259806522965335e-05,0.3754682145613514,1.7376796278436324
OIII_4363,4364.436,0.0,0.0,0.0,10000000000.0,0.2701824942361055,4.6259806522965335e-05,0.3754682145613514,1.7376796278436324
OIII_5007,5008.24,0.0,0.0,0.0,10000000000.0,0.2701824942361055,4.6259806522965335e-05,0.3754682145613514,1.7376796278436324
OIII_4959,4960.295,49992.68471701402,49992.68471701402,110796.81995701286,5902267.592447863,0.2701824942361055,4.6259806522965335e-05,0.3754682145613514,1.7376796278436324
OII_3726,3727.092,1072.327302288838,1072.327302288838,2376.556804644879,103621.07808417182,0.2701824942361055,4.6259806522965335e-05,0.3754682145613514,1.7376796278436324
OII_3729,3729.875,4.592369679839862,4.592369679839862,10.17788821451502,149.62121159209772,0.2701824942361055,4.6259806522965335e-05,0.3754682145613514,1.7376796278436324
OI_6300,6302.046,0.0,0.0,0.0,10000000000.0,0.2701824942361055,4.6259806522965335e-05,0.3754682145613514,1.7376796278436324
SII_6717,6718.29,2.6486281089177055,2.6486281089177055,5.870050255912049,38.59011685490827,0.2701824942361055,4.6259806522965335e-05,0.3754682145613514,1.7376796278436324
SII_6731,6732.67,1050.6334425626455,1050.6334425626455,2328.4775569737167,172113.2847455786,0.2701824942361055,4.6259806522965335e-05,0.3754682145613514,1.7376796278436324
NII_6548,6549.85,40.709332677412476,40.709332677412476,90.22249212582024,2129.1531982453785,0.2701824942361055,4.6259806522965335e-05,0.3754682145613514,1.7376796278436324
NII_6584,6585.28,37.10262632135914,37.10262632135914,82.22909075056951,1915.6405517068338,0.2701824942361055,4.6259806522965335e-05,0.3754682145613514,1.7376796278436324
NII_5755,5756.24,0.0,0.0,0.0,10000000000.0,0.2701824942361055,4.6259806522965335e-05,0.3754682145613514,1.7376796278436324
HeI_5876,5877.594,175.67739382362333,175.67739382362333,389.34689513421716,17229.984848809694,0.2701824942361055,4.6259806522965335e-05,0.3754682145613514,1.7376796278436324
HeII_4686,4687.02,0.0,0.0,0.0,10000000000.0,0.2701824942361055,4.6259806522965335e-05,0.3754682145613514,1.7376796278436324
NeIII_3869,3870.16,0.0,10000000000.0,0.0,10000000000.0,0.2701824942361055,4.6259806522965335e-05,0.3754682145613514,1.7376796278436324
