line,wl,amp,amp_err,flux,flux_err,z,zerr,FWHM,FWHMerr
HI_6563,6564.61,208.4343317288724,208.4343317288724,3859.009033720498,56.27747696470162,0.26988432539983304,2.147062485880724e-06,3.136598156051228,0.02768703095000402
HI_4861,4862.683,61.501394105087456,61.501394105087456,1138.6532797613083,42.93197357045864,0.26988432539983304,2.147062485880724e-06,3.136598156051228,0.02768703095000402
HI_4341,4341.684,25.11048670522814,25.11048670522814,464.90227513307025,41.68842400133479,0.26988432539983304,2.147062485880724e-06,3.136598156051228,0.02768703095000402
HI_4102,4102.892,6.7645626681182875,6.7645626681182875,125.24092470233349,41.45423231949055,0.26988432539983304,2.147062485880724e-06,3.136598156051228,0.02768703095000402
OIII_4363,4364.436,0.0,0.0,0.0,10000000000.0,0.26988432539983304,2.147062485880724e-06,3.136598156051228,0.02768703095000402
OIII_5007,5008.24,253.00852270663222,253.00852270663222,4684.267541890392,62.07644515962107,0.26988432539983304,2.147062485880724e-06,3.136598156051228,0.02768703095000402
OIII_4959,4960.295,86.43070485547946,86.43070485547946,1600.2012147499006,44.343737424599986,0.26988432539983304,2.147062485880724e-06,3.136598156051228,0.02768703095000402
OII_3726,3727.092,67.4438598314764,67.4438598314764,1248.6736815372449,44.29571140907924,0.26988432539983304,2.147062485880724e-06,3.136598156051228,0.02768703095000402
OII_3729,3729.875,64.34946919272033,64.34946919272033,1191.3833046124262,44.161960675498555,0.26988432539983304,2.147062485880724e-06,3.136598156051228,0.02768703095000402
OI_6300,6302.046,5.126976813259944,5.126976813259944,94.92222166059328,41.44674761763508,0.26988432539983304,2.147062485880724e-06,3.136598156051228,0.02768703095000402
SII_6717,6718.29,17.623148631606455,17.623148631606455,326.279693023085,41.560747913028884,0.26988432539983304,2.147062485880724e-06,3.136598156051228,0.02768703095000402
SII_6731,6732.67,13.03438826649517,13.03438826649517,241.32215481111058,41.50355445353552,0.26988432539983304,2.147062485880724e-06,3.136598156051228,0.02768703095000402
NII_6548,6549.85,5.535156159512667,5.535156159512667,102.47936338241065,41.44773785462142,0.26988432539983304,2.147062485880724e-06,3.136598156051228,0.02768703095000402
NII_6584,6585.28,8.157828722624686,8.157828722624686,151.03622553458854,41.46217663208922,0.26988432539983304,2.147062485880724e-06,3.136598156051228,0.02768703095000402
NII_5755,5756.24,0.0,0.0,0.0,10000000000.0,0.26988432539983304,2.147062485880724e-06,3.136598156051228,0.02768703095000402
HeI_5876,5877.594,8.63469209513346,8.63469209513346,159.8650017112287,41.465591981512866,0.26988432539983304,2.147062485880724e-06,3.136598156051228,0.02768703095000402
HeII_4686,4687.02,0.0,0.0,0.0,10000000000.0,0.26988432539983304,2.147062485880724e-06,3.136598156051228,0.02768703095000402
NeIII_3869,3870.16,22.611968711780833,2.240241508197533,418.64404393069685,41.640729895846505,0.26988432539983304,2.147062485880724e-06,3.136598156051228,0.02768703095000402
