line,wl,amp,amp_err,flux,flux_err,z,zerr,FWHM,FWHMerr
HI_6563,6564.61,0.0,0.0,0.0,10000000000.0,0.2701818182286528,1.2719004649768619e-05,1.5707395148612702,0.3930843373340106
HI_4861,4862.683,2.6411382791056894,2.6411382791056894,24.487416450724204,32.37377964271279,0.2701818182286528,1.2719004649768619e-05,1.5707395148612702,0.3930843373340106
HI_4341,4341.684,3.1314052848027814,3.1314052848027814,29.032946094336577,30.074267058732918,0.2701818182286528,1.2719004649768619e-05,1.5707395148612702,0.3930843373340106
HI_4102,4102.892,0.0,0.0,0.0,10000000000.0,0.2701818182286528,1.2719004649768619e-05,1.5707395148612702,0.3930843373340106
OIII_4363,4364.436,0.0,0.0,0.0,10000000000.0,0.2701818182286528,1.2719004649768619e-05,1.5707395148612702,0.3930843373340106
OIII_5007,5008.24,0.0,0.0,0.0,10000000000.0,0.2701818182286528,1.2719004649768619e-05,1.5707395148612702,0.3930843373340106
OIII_4959,4960.295,36.69465457453839,36.69465457453839,340.2159194733463,117.99559492664315,0.2701818182286528,1.2719004649768619e-05,1.5707395148612702,0.3930843373340106
OII_3726,3727.092,14.102019034828913,14.102019034828913,130.74741888138632,52.92196756456012,0.2701818182286528,1.2719004649768619e-05,1.5707395148612702,0.3930843373340106
OII_3729,3729.875,3.6237416004088345,3.6237416004088345,33.59766142538803,31.80642297186157,0.2701818182286528,1.2719004649768619e-05,1.5707395148612702,0.3930843373340106
OI_6300,6302.046,3.466169419258108,3.466169419258108,32.13672480900105,30.222389301326377,0.2701818182286528,1.2719004649768619e-05,1.5707395148612702,0.3930843373340106
SII_6717,6718.29,2.152024954029457,2.152024954029457,19.952583201934335,29.708892553856405,0.2701818182286528,1.2719004649768619e-05,1.5707395148612702,0.3930843373340106
SII_6731,6732.67,0.0,0.0,0.0,10000000000.0,0.2701818182286528,1.2719004649768619e-05,1.5707395148612702,0.3930843373340106
NII_6548,6549.85,0.23082015395868893,0.23082015395868893,2.140058049940713,30.77659255601181,0.2701818182286528,1.2719004649768619e-05,1.5707395148612702,0.3930843373340106
NII_6584,6585.28,0.0,0.0,0.0,10000000000.0,0.2701818182286528,1.2719004649768619e-05,1.5707395148612702,0.3930843373340106
NII_5755,5756.24,3.970180703468486,3.970180703468486,36.80968506631213,33.18421113780277,0.2701818182286528,1.2719004649768619e-05,1.5707395148612702,0.3930843373340106
HeI_5876,5877.594,0.0,0.0,0.0,10000000000.0,0.2701818182286528,1.2719004649768619e-05,1.5707395148612702,0.3930843373340106
HeII_4686,4687.02,0.0,0.0,0.0,10000000000.0,0.2701818182286528,1.2719004649768619e-05,1.5707395148612702,0.3930843373340106
NeIII_3869,3870.16,0.26372947016182025,3.263786220932021,2.4451780572307196,30.266507475497153,0.2701818182286528,1.2719004649768619e-05,1.5707395148612702,0.3930843373340106
