line,wl,amp,amp_err,flux,flux_err,z,zerr,FWHM,FWHMerr
HI_6563,6564.61,0.5156609920995834,0.5156609920995834,17.192703838927414,58.88411402937382,0.2701198317271771,6.110336707124132e-05,5.64848843720913,0.6856319108049231
HI_4861,4862.683,2.976466173899439,2.976466173899439,99.2386513590618,60.35883523115006,0.2701198317271771,6.110336707124132e-05,5.64848843720913,0.6856319108049231
HI_4341,4341.684,1.154209219797508,1.154209219797508,38.48260308258067,59.06910473100096,0.2701198317271771,6.110336707124132e-05,5.64848843720913,0.6856319108049231
HI_4102,4102.892,0.35684592187783437,0.35684592187783437,11.897634967490092,58.860032690469204,0.2701198317271771,6.110336707124132e-05,5.64848843720913,0.6856319108049231
OIII_4363,4364.436,0.9971052775518956,0.9971052775518956,33.244585097238954,59.01053058393272,0.2701198317271771,6.110336707124132e-05,5.64848843720913,0.6856319108049231
OIII_5007,5008.24,11.272635725958025,11.272635725958025,375.8420560985176,77.85972842311641,0.2701198317271771,6.110336707124132e-05,5.64848843720913,0.6856319108049231
OIII_4959,4960.295,12.925329545850332,12.925329545850332,430.94468324535984,82.94914960339112,0.2701198317271771,6.110336707124132e-05,5.64848843720913,0.6856319108049231
OII_3726,3727.092,10.43305711926871,10.43305711926871,347.8495832230027,84.05528102125511,0.2701198317271771,6.110336707124132e-05,5.64848843720913,0.6856319108049231
OII_3729,3729.875,0.0,0.0,0.0,10000000000.0,0.2701198317271771,6.110336707124132e-05,5.64848843720913,0.6856319108049231
OI_6300,6302.046,0.33366523076381327,0.33366523076381327,11.124765265862445,58.85725006062498,0.2701198317271771,6.110336707124132e-05,5.64848843720913,0.6856319108049231
SII_6717,6718.29,0.6020556463961384,0.6020556463961384,20.073196502410365,58.90089248760574,0.2701198317271771,6.110336707124132e-05,5.64848843720913,0.6856319108049231
SII_6731,6732.67,2.7959602912233095,2.7959602912233095,93.22038697687725,60.181986546893775,0.2701198317271771,6.110336707124132e-05,5.64848843720913,0.6856319108049231
NII_6548,6549.85,0.0,0.0,0.0,10000000000.0,0.2701198317271771,6.110336707124132e-05,5.64848843720913,0.6856319108049231
NII_6584,6585.28,0.0,0.0,0.0,10000000000.0,0.2701198317271771,6.110336707124132e-05,5.64848843720913,0.6856319108049231
NII_5755,5756.24,1.3660773776596216,1.3660773776596216,45.54652016537407,59.161501861742735,0.2701198317271771,6.110336707124132e-05,5.64848843720913,0.6856319108049231
HeI_5876,5877.594,0.0,0.0,0.0,10000000000.0,0.2701198317271771,6.110336707124132e-05,5.64848843720913,0.6856319108049231
HeII_4686,4687.02,0.0,0.0,0.0,10000000000.0,0.2701198317271771,6.110336707124132e-05,5.64848843720913,0.6856319108049231
NeIII_3869,3870.16,1.8215791928172393,1.7681772220816778,60.73345097084871,59.41211561054129,0.2701198317271771,6.110336707124132e-05,5.64848843720913,0.6856319108049231
