line,wl,amp,amp_err,flux,flux_err,z,zerr,FWHM,FWHMerr
HI_6563,6564.61,221.27789833274824,221.27789833274824,7143.321803219704,100.12923625702788,0.269270840512503,3.768784839934888e-06,5.469083060922561,0.04858414177096794
HI_4861,4862.683,75.97119203996635,75.97119203996635,2452.5118712923327,74.73714770739821,0.269270840512503,3.768784839934888e-06,5.469083060922561,0.04858414177096794
HI_4341,4341.684,35.429764350205005,35.429764350205005,1143.7482463123154,71.56366384047803,0.269270840512503,3.768784839934888e-06,5.469083060922561,0.04858414177096794
HI_4102,4102.892,9.863955622787898,9.863955622787898,318.42949430175594,70.72707525715154,0.269270840512503,3.768784839934888e-06,5.469083060922561,0.04858414177096794
OIII_4363,4364.436,0.9124677427892038,0.9124677427892038,29.456401976483086,70.65689908792494,0.269270840512503,3.768784839934888e-06,5.469083060922561,0.04858414177096794
OIII_5007,5008.24,206.24079969154718,206.24079969154718,6657.892235286395,96.77274783055486,0.269270840512503,3.768784839934888e-06,5.469083060922561,0.04858414177096794
OIII_4959,4960.295,67.26845074130438,67.26845074130438,2171.568848356398,73.8748190862007,0.269270840512503,3.768784839934888e-06,5.469083060922561,0.04858414177096794
OII_3726,3727.092,99.07063026018477,99.07063026018477,3198.2109308182985,96.51213061537698,0.269270840512503,3.768784839934888e-06,5.469083060922561,0.04858414177096794
OII_3729,3729.875,138.05923220194745,138.05923220194745,4456.846033673618,99.03146632257784,0.269270840512503,3.768784839934888e-06,5.469083060922561,0.04858414177096794
OI_6300,6302.046,8.010687461129805,8.010687461129805,258.6020512261819,70.70297356027085,0.269270840512503,3.768784839934888e-06,5.469083060922561,0.04858414177096794
SII_6717,6718.29,33.74670912435181,33.74670912435181,1089.4156392989348,71.47996995888916,0.269270840512503,3.768784839934888e-06,5.469083060922561,0.04858414177096794
SII_6731,6732.67,28.01928320443949,28.01928320443949,904.5221331769977,71.22512214547379,0.269270840512503,3.768784839934888e-06,5.469083060922561,0.04858414177096794
NII_6548,6549.85,12.072953483905053,12.072953483905053,389.74064965652707,70.76224540073486,0.269270840512503,3.768784839934888e-06,5.469083060922561,0.04858414177096794
NII_6584,6585.28,33.2885130855243,33.2885130855243,1074.624095367224,71.4578681546421,0.269270840512503,3.768784839934888e-06,5.469083060922561,0.04858414177096794
NII_5755,5756.24,0.0,0.0,0.0,10000000000.0,0.269270840512503,3.768784839934888e-06,5.469083060922561,0.04858414177096794
HeI_5876,5877.594,3.7939112889073385,3.7939112889073385,122.47553611874802,70.66677132804537,0.269270840512503,3.768784839934888e-06,5.469083060922561,0.04858414177096794
HeII_4686,4687.02,0.0,0.0,0.0,10000000000.0,0.269270840512503,3.768784839934888e-06,5.469083060922561,0.04858414177096794
NeIII_3869,3870.16,14.604462997882251,2.1896739048937057,471.4631680033816,70.8113030997611,0.269270840512503,3.768784839934888e-06,5.469083060922561,0.04858414177096794
