line,wl,amp,amp_err,flux,flux_err,z,zerr,FWHM,FWHMerr
HI_6563,6564.61,17.713757956677227,17.713757956677227,446.86323853654693,63.10349330325979,0.2693312751142605,2.8524944710084896e-05,4.273820366506771,0.3636276311979637
HI_4861,4862.683,7.232950580434135,7.232950580434135,182.46493648905454,49.76113933402712,0.2693312751142605,2.8524944710084896e-05,4.273820366506771,0.3636276311979637
HI_4341,4341.684,3.1859230169719694,3.1859230169719694,80.3709681804456,47.2578008610062,0.2693312751142605,2.8524944710084896e-05,4.273820366506771,0.3636276311979637
HI_4102,4102.892,4.962148344855791,4.962148344855791,125.17963070874933,48.131713562020494,0.2693312751142605,2.8524944710084896e-05,4.273820366506771,0.3636276311979637
OIII_4363,4364.436,0.0,0.0,0.0,10000000000.0,0.2693312751142605,2.8524944710084896e-05,4.273820366506771,0.3636276311979637
OIII_5007,5008.24,17.311926019226007,17.311926019226007,436.72626357301704,62.45868119159416,0.2693312751142605,2.8524944710084896e-05,4.273820366506771,0.3636276311979637
OIII_4959,4960.295,5.402864115995271,5.402864115995271,136.2975243396309,48.40401803770548,0.2693312751142605,2.8524944710084896e-05,4.273820366506771,0.3636276311979637
OII_3726,3727.092,6.868338902286496,6.868338902286496,173.26691336466823,57.86253760770498,0.2693312751142605,2.8524944710084896e-05,4.273820366506771,0.3636276311979637
OII_3729,3729.875,16.113468680888786,16.113468680888786,406.49289757766724,64.29498106702712,0.2693312751142605,2.8524944710084896e-05,4.273820366506771,0.3636276311979637
OI_6300,6302.046,1.4149106521867907,1.4149106521867907,35.69381256210015,46.75866227637852,0.2693312751142605,2.8524944710084896e-05,4.273820366506771,0.3636276311979637
SII_6717,6718.29,6.205587155707349,6.205587155707349,156.54773990941206,48.955516649687645,0.2693312751142605,2.8524944710084896e-05,4.273820366506771,0.3636276311979637
SII_6731,6732.67,3.050739072220722,3.050739072220722,76.960696035064,47.20648497585933,0.2693312751142605,2.8524944710084896e-05,4.273820366506771,0.3636276311979637
NII_6548,6549.85,0.4715020408751798,0.4715020408751798,11.894535844815,46.648939696136964,0.2693312751142605,2.8524944710084896e-05,4.273820366506771,0.3636276311979637
NII_6584,6585.28,2.548920693268883,2.548920693268883,64.30137289629154,47.03471531640645,0.2693312751142605,2.8524944710084896e-05,4.273820366506771,0.3636276311979637
NII_5755,5756.24,1.978577935516455,1.978577935516455,49.91339195918928,46.87635164119989,0.2693312751142605,2.8524944710084896e-05,4.273820366506771,0.3636276311979637
HeI_5876,5877.594,1.3595646958369798,1.3595646958369798,34.29760553731939,46.74921829983736,0.2693312751142605,2.8524944710084896e-05,4.273820366506771,0.3636276311979637
HeII_4686,4687.02,0.0,0.0,0.0,10000000000.0,0.2693312751142605,2.8524944710084896e-05,4.273820366506771,0.3636276311979637
NeIII_3869,3870.16,1.4029766134243573,1.849593750337729,35.39275373408385,46.75659123852687,0.2693312751142605,2.8524944710084896e-05,4.273820366506771,0.3636276311979637
