line,wl,amp,amp_err,flux,flux_err,z,zerr,FWHM,FWHMerr
HI_6563,6564.61,4.486178912888477,4.486178912888477,67.83448071484936,39.544032081435795,0.2699336994374282,3.1045926582429346e-05,2.5616881358524357,0.3749139552368879
HI_4861,4862.683,0.0,0.0,0.0,10000000000.0,0.2699336994374282,3.1045926582429346e-05,2.5616881358524357,0.3749139552368879
HI_4341,4341.684,0.0,0.0,0.0,10000000000.0,0.2699336994374282,3.1045926582429346e-05,2.5616881358524357,0.3749139552368879
HI_4102,4102.892,2.251513486852218,2.251513486852218,34.044618185939214,38.35465784659066,0.2699336994374282,3.1045926582429346e-05,2.5616881358524357,0.3749139552368879
OIII_4363,4364.436,0.0,0.0,0.0,10000000000.0,0.2699336994374282,3.1045926582429346e-05,2.5616881358524357,0.3749139552368879
OIII_5007,5008.24,4.838450182972451,4.838450182972451,73.16109366117101,39.76834995091543,0.2699336994374282,3.1045926582429346e-05,2.5616881358524357,0.3749139552368879
OIII_4959,4960.295,19.826612501412114,19.826612501412114,299.7936527907855,62.1531006995574,0.2699336994374282,3.1045926582429346e-05,2.5616881358524357,0.3749139552368879
OII_3726,3727.092,4.029800291301399,4.029800291301399,60.93368442342697,39.81207766396463,0.2699336994374282,3.1045926582429346e-05,2.5616881358524357,0.3749139552368879
OII_3729,3729.875,7.545766446640187,7.545766446640187,114.09780092203286,42.73095800132248,0.2699336994374282,3.1045926582429346e-05,2.5616881358524357,0.3749139552368879
OI_6300,6302.046,0.7643040421281739,0.7643040421281739,11.556865834546777,37.9809045402819,0.2699336994374282,3.1045926582429346e-05,2.5616881358524357,0.3749139552368879
SII_6717,6718.29,2.203074289038341,2.203074289038341,33.31218020391665,38.33652622586925,0.2699336994374282,3.1045926582429346e-05,2.5616881358524357,0.3749139552368879
SII_6731,6732.67,0.0,0.0,0.0,10000000000.0,0.2699336994374282,3.1045926582429346e-05,2.5616881358524357,0.3749139552368879
NII_6548,6549.85,0.0,0.0,0.0,10000000000.0,0.2699336994374282,3.1045926582429346e-05,2.5616881358524357,0.3749139552368879
NII_6584,6585.28,3.602776157625158,3.602776157625158,54.476750599986225,38.98385147171488,0.2699336994374282,3.1045926582429346e-05,2.5616881358524357,0.3749139552368879
NII_5755,5756.24,0.0,0.0,0.0,10000000000.0,0.2699336994374282,3.1045926582429346e-05,2.5616881358524357,0.3749139552368879
HeI_5876,5877.594,4.659395223391016,4.659395223391016,70.45364475231672,39.669577505410984,0.2699336994374282,3.1045926582429346e-05,2.5616881358524357,0.3749139552368879
HeII_4686,4687.02,0.0,0.0,0.0,10000000000.0,0.2699336994374282,3.1045926582429346e-05,2.5616881358524357,0.3749139552368879
NeIII_3869,3870.16,0.0,10000000000.0,0.0,10000000000.0,0.2699336994374282,3.1045926582429346e-05,2.5616881358524357,0.3749139552368879
