line,wl,amp,amp_err,flux,flux_err,z,zerr,FWHM,FWHMerr
HI_6563,6564.61,0.0,0.0,0.0,10000000000.0,0.27019137581160096,8.155083413502753e-06,1.116325024982498,0.2867033114173118
HI_4861,4862.683,0.0,0.0,0.0,10000000000.0,0.27019137581160096,8.155083413502753e-06,1.116325024982498,0.2867033114173118
HI_4341,4341.684,0.0,0.0,0.0,10000000000.0,0.27019137581160096,8.155083413502753e-06,1.116325024982498,0.2867033114173118
HI_4102,4102.892,6.463702554309066,6.463702554309066,42.59118090194228,30.43997487450293,0.27019137581160096,8.155083413502753e-06,1.116325024982498,0.2867033114173118
OIII_4363,4364.436,0.0,0.0,0.0,10000000000.0,0.27019137581160096,8.155083413502753e-06,1.116325024982498,0.2867033114173118
OIII_5007,5008.24,0.0,0.0,0.0,10000000000.0,0.27019137581160096,8.155083413502753e-06,1.116325024982498,0.2867033114173118
OIII_4959,4960.295,65.93141004673726,65.93141004673726,434.44087793747366,222.9411557430289,0.27019137581160096,8.155083413502753e-06,1.116325024982498,0.2867033114173118
OII_3726,3727.092,24.394662972441665,24.394662972441665,160.74339667881563,81.39049603533986,0.27019137581160096,8.155083413502753e-06,1.116325024982498,0.2867033114173118
OII_3729,3729.875,0.8249016918222196,0.8249016918222196,5.43551267830176,25.61305325162822,0.27019137581160096,8.155083413502753e-06,1.116325024982498,0.2867033114173118
OI_6300,6302.046,4.792246580968595,4.792246580968595,31.577480452079026,22.118420197701376,0.27019137581160096,8.155083413502753e-06,1.116325024982498,0.2867033114173118
SII_6717,6718.29,5.427788909471246,5.427788909471246,35.76525024140089,22.699940366982194,0.27019137581160096,8.155083413502753e-06,1.116325024982498,0.2867033114173118
SII_6731,6732.67,9.903373054566032,9.903373054566032,65.25615152653482,47.43511141192388,0.27019137581160096,8.155083413502753e-06,1.116325024982498,0.2867033114173118
NII_6548,6549.85,0.0,0.0,0.0,10000000000.0,0.27019137581160096,8.155083413502753e-06,1.116325024982498,0.2867033114173118
NII_6584,6585.28,4.975792270535862,4.975792270535862,32.78691538545475,25.704601166850818,0.27019137581160096,8.155083413502753e-06,1.116325024982498,0.2867033114173118
NII_5755,5756.24,0.0,0.0,0.0,10000000000.0,0.27019137581160096,8.155083413502753e-06,1.116325024982498,0.2867033114173118
HeI_5876,5877.594,0.0,0.0,0.0,10000000000.0,0.27019137581160096,8.155083413502753e-06,1.116325024982498,0.2867033114173118
HeII_4686,4687.02,0.0,0.0,0.0,10000000000.0,0.27019137581160096,8.155083413502753e-06,1.116325024982498,0.2867033114173118
NeIII_3869,3870.16,6.204508611372717,3.568549935545553,40.88327803674464,25.752020072596512,0.27019137581160096,8.155083413502753e-06,1.116325024982498,0.2867033114173118
