line,wl,amp,amp_err,flux,flux_err,z,zerr,FWHM,FWHMerr
HI_6563,6564.61,3.672509838844121,3.672509838844121,30.56982729311776,33.387724150057174,0.2701438178144625,1.6307611465380477e-05,1.410205353347086,0.3249068447318164
HI_4861,4862.683,0.0,0.0,0.0,10000000000.0,0.2701438178144625,1.6307611465380477e-05,1.410205353347086,0.3249068447318164
HI_4341,4341.684,1.853792984923416,1.853792984923416,15.430899813229182,28.038458316903554,0.2701438178144625,1.6307611465380477e-05,1.410205353347086,0.3249068447318164
HI_4102,4102.892,1.2870608747193728,1.2870608747193728,10.713444043020928,26.91888372589894,0.2701438178144625,1.6307611465380477e-05,1.410205353347086,0.3249068447318164
OIII_4363,4364.436,0.0,0.0,0.0,10000000000.0,0.2701438178144625,1.6307611465380477e-05,1.410205353347086,0.3249068447318164
OIII_5007,5008.24,0.0,0.0,0.0,10000000000.0,0.2701438178144625,1.6307611465380477e-05,1.410205353347086,0.3249068447318164
OIII_4959,4960.295,34.60687165230115,34.60687165230115,288.06623698492496,97.27088199102728,0.2701438178144625,1.6307611465380477e-05,1.410205353347086,0.3249068447318164
OII_3726,3727.092,0.0,0.0,0.0,10000000000.0,0.2701438178144625,1.6307611465380477e-05,1.410205353347086,0.3249068447318164
OII_3729,3729.875,2.155375133990333,2.155375133990333,17.941257747236683,26.818771925667043,0.2701438178144625,1.6307611465380477e-05,1.410205353347086,0.3249068447318164
OI_6300,6302.046,3.279381733228547,3.279381733228547,27.297444421429898,29.43274120543163,0.2701438178144625,1.6307611465380477e-05,1.410205353347086,0.3249068447318164
SII_6717,6718.29,5.580559874052028,5.580559874052028,46.45236065653858,32.009994689988815,0.2701438178144625,1.6307611465380477e-05,1.410205353347086,0.3249068447318164
SII_6731,6732.67,0.0,0.0,0.0,10000000000.0,0.2701438178144625,1.6307611465380477e-05,1.410205353347086,0.3249068447318164
NII_6548,6549.85,1.1666595876090469,1.1666595876090469,9.711228469926594,31.965780745501196,0.2701438178144625,1.6307611465380477e-05,1.410205353347086,0.3249068447318164
NII_6584,6585.28,7.8071576927645765,7.8071576927645765,64.98647322700307,38.35365192382464,0.2701438178144625,1.6307611465380477e-05,1.410205353347086,0.3249068447318164
NII_5755,5756.24,0.9865706836757226,0.9865706836757226,8.21217552460315,26.768947772885635,0.2701438178144625,1.6307611465380477e-05,1.410205353347086,0.3249068447318164
HeI_5876,5877.594,0.0,0.0,0.0,10000000000.0,0.2701438178144625,1.6307611465380477e-05,1.410205353347086,0.3249068447318164
HeII_4686,4687.02,0.0,0.0,0.0,10000000000.0,0.2701438178144625,1.6307611465380477e-05,1.410205353347086,0.3249068447318164
NeIII_3869,3870.16,11.475750266678574,4.056000499587729,95.52369336108517,40.30185615196264,0.2701438178144625,1.6307611465380477e-05,1.410205353347086,0.3249068447318164
