line,wl,amp,amp_err,flux,flux_err,z,zerr,FWHM,FWHMerr
HI_6563,6564.61,0.6552423212467602,0.6552423212467602,3.19768931222418,19.189137480467576,0.27020251213761554,2.386409925256003e-05,0.8267737264711089,0.3901380183106851
HI_4861,4862.683,0.5957096491059701,0.5957096491059701,2.907160170164903,45.20621233575437,0.27020251213761554,2.386409925256003e-05,0.8267737264711089,0.3901380183106851
HI_4341,4341.684,0.0,0.0,0.0,10000000000.0,0.27020251213761554,2.386409925256003e-05,0.8267737264711089,0.3901380183106851
HI_4102,4102.892,13.286547884139964,13.286547884139964,64.84051897720613,53.910940176234256,0.27020251213761554,2.386409925256003e-05,0.8267737264711089,0.3901380183106851
OIII_4363,4364.436,7.376681715798213,7.376681715798213,35.9994089475247,24.57293448433499,0.27020251213761554,2.386409925256003e-05,0.8267737264711089,0.3901380183106851
OIII_5007,5008.24,0.0,0.0,0.0,10000000000.0,0.27020251213761554,2.386409925256003e-05,0.8267737264711089,0.3901380183106851
OIII_4959,4960.295,66.47640608590427,66.47640608590427,324.41569532856477,487.2764999167651,0.27020251213761554,2.386409925256003e-05,0.8267737264711089,0.3901380183106851
OII_3726,3727.092,9.201270492481513,9.201270492481513,44.90369953013368,81.8457539731076,0.27020251213761554,2.386409925256003e-05,0.8267737264711089,0.3901380183106851
OII_3729,3729.875,0.0,0.0,0.0,10000000000.0,0.27020251213761554,2.386409925256003e-05,0.8267737264711089,0.3901380183106851
OI_6300,6302.046,4.2868255896556775,4.2868255896556775,20.92040749951613,19.21995038193169,0.27020251213761554,2.386409925256003e-05,0.8267737264711089,0.3901380183106851
SII_6717,6718.29,0.0,0.0,0.0,10000000000.0,0.27020251213761554,2.386409925256003e-05,0.8267737264711089,0.3901380183106851
SII_6731,6732.67,0.0,0.0,0.0,10000000000.0,0.27020251213761554,2.386409925256003e-05,0.8267737264711089,0.3901380183106851
NII_6548,6549.85,0.0,0.0,0.0,10000000000.0,0.27020251213761554,2.386409925256003e-05,0.8267737264711089,0.3901380183106851
NII_6584,6585.28,0.0,0.0,0.0,10000000000.0,0.27020251213761554,2.386409925256003e-05,0.8267737264711089,0.3901380183106851
NII_5755,5756.24,4.500007591904591,4.500007591904591,21.96077041266377,48.710978933592145,0.27020251213761554,2.386409925256003e-05,0.8267737264711089,0.3901380183106851
HeI_5876,5877.594,2.497043224305571,2.497043224305571,12.185977876597986,28.949825187268804,0.27020251213761554,2.386409925256003e-05,0.8267737264711089,0.3901380183106851
HeII_4686,4687.02,0.0,0.0,0.0,10000000000.0,0.27020251213761554,2.386409925256003e-05,0.8267737264711089,0.3901380183106851
NeIII_3869,3870.16,0.0,10000000000.0,0.0,10000000000.0,0.27020251213761554,2.386409925256003e-05,0.8267737264711089,0.3901380183106851
