line,wl,amp,amp_err,flux,flux_err,z,zerr,FWHM,FWHMerr
HI_6563,6564.61,147.8814317856129,147.8814317856129,3252.7185560304324,69.90279259812888,0.2698094450283763,3.821497723925885e-06,3.7263631999257445,0.04996136191312823
HI_4861,4862.683,43.12014269749557,43.12014269749557,948.4469185702688,52.068739542580644,0.2698094450283763,3.821497723925885e-06,3.7263631999257445,0.04996136191312823
HI_4341,4341.684,14.304111679673952,14.304111679673952,314.62536524165324,50.311705288984236,0.2698094450283763,3.821497723925885e-06,3.7263631999257445,0.04996136191312823
HI_4102,4102.892,7.109263076604407,7.109263076604407,156.37143656072502,50.14496535947556,0.2698094450283763,3.821497723925885e-06,3.7263631999257445,0.04996136191312823
OIII_4363,4364.436,0.02407519273572234,0.02407519273572234,0.5295446845890744,50.090164613550144,0.2698094450283763,3.821497723925885e-06,3.7263631999257445,0.04996136191312823
OIII_5007,5008.24,157.58309917642987,157.58309917642987,3466.111090613775,72.17035917601385,0.2698094450283763,3.821497723925885e-06,3.7263631999257445,0.04996136191312823
OIII_4959,4960.295,64.59082942020268,64.59082942020268,1420.704322832567,54.42939359253342,0.2698094450283763,3.821497723925885e-06,3.7263631999257445,0.04996136191312823
OII_3726,3727.092,64.4010445368674,64.4010445368674,1416.529919026593,57.384556068470246,0.2698094450283763,3.821497723925885e-06,3.7263631999257445,0.04996136191312823
OII_3729,3729.875,50.83883607744883,50.83883607744883,1118.2230485558173,56.262693279767625,0.2698094450283763,3.821497723925885e-06,3.7263631999257445,0.04996136191312823
OI_6300,6302.046,4.312506643181905,4.312506643181905,94.85552183196396,50.1103324921565,0.2698094450283763,3.821497723925885e-06,3.7263631999257445,0.04996136191312823
SII_6717,6718.29,19.064871216083247,19.064871216083247,419.3404109231619,50.48303633625935,0.2698094450283763,3.821497723925885e-06,3.7263631999257445,0.04996136191312823
SII_6731,6732.67,12.90418122269773,12.90418122269773,283.83326565500505,50.2705385642012,0.2698094450283763,3.821497723925885e-06,3.7263631999257445,0.04996136191312823
NII_6548,6549.85,0.39789668293235536,0.39789668293235536,8.751916371984601,50.09033695595886,0.2698094450283763,3.821497723925885e-06,3.7263631999257445,0.04996136191312823
NII_6584,6585.28,9.408001854895247,9.408001854895247,206.9332291355571,50.18609960762514,0.2698094450283763,3.821497723925885e-06,3.7263631999257445,0.04996136191312823
NII_5755,5756.24,0.0,0.0,0.0,10000000000.0,0.2698094450283763,3.821497723925885e-06,3.7263631999257445,0.04996136191312823
HeI_5876,5877.594,6.643499870406686,6.643499870406686,146.12676550755398,50.138024021308475,0.2698094450283763,3.821497723925885e-06,3.7263631999257445,0.04996136191312823
HeII_4686,4687.02,0.0,0.0,0.0,10000000000.0,0.2698094450283763,3.821497723925885e-06,3.7263631999257445,0.04996136191312823
NeIII_3869,3870.16,17.654625946270244,2.2803696645300073,388.32143239227395,50.42724876475476,0.2698094450283763,3.821497723925885e-06,3.7263631999257445,0.04996136191312823
