line,wl,amp,amp_err,flux,flux_err,z,zerr,FWHM,FWHMerr
HI_6563,6564.61,17.854142998674433,17.854142998674433,494.93085710615577,79.87814112048144,0.26917387750504634,3.591670608623806e-05,4.696321977524035,0.4456117159790535
HI_4861,4862.683,9.455695526822865,9.455695526822865,262.1193014961704,66.31176532001979,0.26917387750504634,3.591670608623806e-05,4.696321977524035,0.4456117159790535
HI_4341,4341.684,5.665931520740628,5.665931520740628,157.06406877513768,62.46373881333317,0.26917387750504634,3.591670608623806e-05,4.696321977524035,0.4456117159790535
HI_4102,4102.892,0.13380157882158983,0.13380157882158983,3.709084781792268,60.201835130621575,0.26917387750504634,3.591670608623806e-05,4.696321977524035,0.4456117159790535
OIII_4363,4364.436,0.0,0.0,0.0,10000000000.0,0.26917387750504634,3.591670608623806e-05,4.696321977524035,0.4456117159790535
OIII_5007,5008.24,18.698399614986897,18.698399614986897,518.3343131421074,81.53124702986962,0.26917387750504634,3.591670608623806e-05,4.696321977524035,0.4456117159790535
OIII_4959,4960.295,5.91231142162826,5.91231142162826,163.8939130039589,62.66063666442281,0.26917387750504634,3.591670608623806e-05,4.696321977524035,0.4456117159790535
OII_3726,3727.092,8.963991740634924,8.963991740634924,248.48888661944363,79.53803096434186,0.26917387750504634,3.591670608623806e-05,4.696321977524035,0.4456117159790535
OII_3729,3729.875,16.974437004541983,16.974437004541983,470.5447164938777,85.7365508058726,0.26917387750504634,3.591670608623806e-05,4.696321977524035,0.4456117159790535
OI_6300,6302.046,0.0,0.0,0.0,10000000000.0,0.26917387750504634,3.591670608623806e-05,4.696321977524035,0.4456117159790535
SII_6717,6718.29,0.4578559665923194,0.4578559665923194,12.69212675139481,60.21564898894086,0.26917387750504634,3.591670608623806e-05,4.696321977524035,0.4456117159790535
SII_6731,6732.67,5.010758304722458,5.010758304722458,138.9021530012501,61.97754695698418,0.26917387750504634,3.591670608623806e-05,4.696321977524035,0.4456117159790535
NII_6548,6549.85,0.0,0.0,0.0,10000000000.0,0.26917387750504634,3.591670608623806e-05,4.696321977524035,0.4456117159790535
NII_6584,6585.28,1.5619108354720765,1.5619108354720765,43.29739425639082,60.375546538601625,0.26917387750504634,3.591670608623806e-05,4.696321977524035,0.4456117159790535
NII_5755,5756.24,0.0,0.0,0.0,10000000000.0,0.26917387750504634,3.591670608623806e-05,4.696321977524035,0.4456117159790535
HeI_5876,5877.594,0.0,0.0,0.0,10000000000.0,0.26917387750504634,3.591670608623806e-05,4.696321977524035,0.4456117159790535
HeII_4686,4687.02,0.0,0.0,0.0,10000000000.0,0.26917387750504634,3.591670608623806e-05,4.696321977524035,0.4456117159790535
NeIII_3869,3870.16,3.2059805600609934,2.176992794907137,88.87229740315551,60.934266846462016,0.26917387750504634,3.591670608623806e-05,4.696321977524035,0.4456117159790535
