line,wl,amp,amp_err,flux,flux_err,z,zerr,FWHM,FWHMerr
HI_6563,6564.61,4.769282374040927,4.769282374040927,13.135197653875,13.672196962970217,0.2702166425464272,5.101859108225713e-06,0.46659052748843854,0.28384568356657613
HI_4861,4862.683,348.7958349172752,348.7958349172752,960.6271705411607,5211.741004899963,0.2702166425464272,5.101859108225713e-06,0.46659052748843854,0.28384568356657613
HI_4341,4341.684,0.0,0.0,0.0,10000000000.0,0.2702166425464272,5.101859108225713e-06,0.46659052748843854,0.28384568356657613
HI_4102,4102.892,123.3741531409089,123.3741531409089,339.787783526062,1258.220339903626,0.2702166425464272,5.101859108225713e-06,0.46659052748843854,0.28384568356657613
OIII_4363,4364.436,0.0,0.0,0.0,10000000000.0,0.2702166425464272,5.101859108225713e-06,0.46659052748843854,0.28384568356657613
OIII_5007,5008.24,44.95515099266231,44.95515099266231,123.8120848248494,460.5917172315964,0.2702166425464272,5.101859108225713e-06,0.46659052748843854,0.28384568356657613
OIII_4959,4960.295,0.0,0.0,0.0,10000000000.0,0.2702166425464272,5.101859108225713e-06,0.46659052748843854,0.28384568356657613
OII_3726,3727.092,0.0,0.0,0.0,10000000000.0,0.2702166425464272,5.101859108225713e-06,0.46659052748843854,0.28384568356657613
OII_3729,3729.875,75.24888808277296,75.24888808277296,207.2448097393908,588.0420481994996,0.2702166425464272,5.101859108225713e-06,0.46659052748843854,0.28384568356657613
OI_6300,6302.046,0.0,0.0,0.0,10000000000.0,0.2702166425464272,5.101859108225713e-06,0.46659052748843854,0.28384568356657613
SII_6717,6718.29,0.9289076553882296,0.9289076553882296,2.5583273748129924,10.963162426444601,0.2702166425464272,5.101859108225713e-06,0.46659052748843854,0.28384568356657613
SII_6731,6732.67,3.262059678031733,3.262059678031733,8.984118630279065,63.38893299051873,0.2702166425464272,5.101859108225713e-06,0.46659052748843854,0.28384568356657613
NII_6548,6549.85,0.0,0.0,0.0,10000000000.0,0.2702166425464272,5.101859108225713e-06,0.46659052748843854,0.28384568356657613
NII_6584,6585.28,0.0,0.0,0.0,10000000000.0,0.2702166425464272,5.101859108225713e-06,0.46659052748843854,0.28384568356657613
NII_5755,5756.24,0.0,0.0,0.0,10000000000.0,0.2702166425464272,5.101859108225713e-06,0.46659052748843854,0.28384568356657613
HeI_5876,5877.594,3.9348514149205585,3.9348514149205585,10.837070867292647,26.379668466957103,0.2702166425464272,5.101859108225713e-06,0.46659052748843854,0.28384568356657613
HeII_4686,4687.02,0.0,0.0,0.0,10000000000.0,0.2702166425464272,5.101859108225713e-06,0.46659052748843854,0.28384568356657613
NeIII_3869,3870.16,0.0,10000000000.0,0.0,10000000000.0,0.2702166425464272,5.101859108225713e-06,0.46659052748843854,0.28384568356657613
