line,wl,amp,amp_err,flux,flux_err,z,zerr,FWHM,FWHMerr
HI_6563,6564.61,37.709179852025045,37.709179852025045,632.6924447719834,57.29125431692238,0.26988649003077936,1.2663966880646223e-05,2.842483178766109,0.1516590192099119
HI_4861,4862.683,9.80660438154166,9.80660438154166,164.53724332951896,44.21574169165676,0.26988649003077936,1.2663966880646223e-05,2.842483178766109,0.1516590192099119
HI_4341,4341.684,0.8749736388095926,0.8749736388095926,14.680489281968589,43.12069924723435,0.26988649003077936,1.2663966880646223e-05,2.842483178766109,0.1516590192099119
HI_4102,4102.892,7.6833149785935575,7.6833149785935575,128.91225311277896,43.79729610547658,0.26988649003077936,1.2663966880646223e-05,2.842483178766109,0.1516590192099119
OIII_4363,4364.436,7.040038020006705,7.040038020006705,118.11921881208877,43.68202573291046,0.26988649003077936,1.2663966880646223e-05,2.842483178766109,0.1516590192099119
OIII_5007,5008.24,39.81792964753117,39.81792964753117,668.0734864378775,58.68904106420178,0.26988649003077936,1.2663966880646223e-05,2.842483178766109,0.1516590192099119
OIII_4959,4960.295,0.0,0.0,0.0,10000000000.0,0.26988649003077936,1.2663966880646223e-05,2.842483178766109,0.1516590192099119
OII_3726,3727.092,16.520982768697877,16.520982768697877,277.1924772424332,48.04175879628222,0.26988649003077936,1.2663966880646223e-05,2.842483178766109,0.1516590192099119
OII_3729,3729.875,29.768617504308622,29.768617504308622,499.46404191741243,53.532614203685185,0.26988649003077936,1.2663966880646223e-05,2.842483178766109,0.1516590192099119
OI_6300,6302.046,0.36405021734128695,0.36405021734128695,6.108110092377454,43.120748762245256,0.26988649003077936,1.2663966880646223e-05,2.842483178766109,0.1516590192099119
SII_6717,6718.29,3.2212885014045014,3.2212885014045014,54.047446941756924,43.23717067752012,0.26988649003077936,1.2663966880646223e-05,2.842483178766109,0.1516590192099119
SII_6731,6732.67,5.458441314252582,5.458441314252582,91.58286107814685,43.4557461195574,0.26988649003077936,1.2663966880646223e-05,2.842483178766109,0.1516590192099119
NII_6548,6549.85,0.0,0.0,0.0,10000000000.0,0.26988649003077936,1.2663966880646223e-05,2.842483178766109,0.1516590192099119
NII_6584,6585.28,0.0,0.0,0.0,10000000000.0,0.26988649003077936,1.2663966880646223e-05,2.842483178766109,0.1516590192099119
NII_5755,5756.24,0.0,0.0,0.0,10000000000.0,0.26988649003077936,1.2663966880646223e-05,2.842483178766109,0.1516590192099119
HeI_5876,5877.594,1.3589204489992426,1.3589204489992426,22.800249289479062,43.13630376123712,0.26988649003077936,1.2663966880646223e-05,2.842483178766109,0.1516590192099119
HeII_4686,4687.02,2.1600499167107046e-12,2.1600499167107046e-12,3.624176574500131e-11,43.115939944407216,0.26988649003077936,1.2663966880646223e-05,2.842483178766109,0.1516590192099119
NeIII_3869,3870.16,0.0,10000000000.0,0.0,10000000000.0,0.26988649003077936,1.2663966880646223e-05,2.842483178766109,0.1516590192099119
