line,wl,amp,amp_err,flux,flux_err,z,zerr,FWHM,FWHMerr
HI_6563,6564.61,13.758515710692336,13.758515710692336,389.4323572052888,68.76887123626705,0.2691232630680203,3.8437302626011874e-05,4.795266971952767,0.4892164628698791
HI_4861,4862.683,5.346495005696738,5.346495005696738,151.33159685508056,55.258839556587105,0.2691232630680203,3.8437302626011874e-05,4.795266971952767,0.4892164628698791
HI_4341,4341.684,2.964734019719913,2.964734019719913,83.91627280615566,53.35871664160518,0.2691232630680203,3.8437302626011874e-05,4.795266971952767,0.4892164628698791
HI_4102,4102.892,0.0,0.0,0.0,10000000000.0,0.2691232630680203,3.8437302626011874e-05,4.795266971952767,0.4892164628698791
OIII_4363,4364.436,0.0,0.0,0.0,10000000000.0,0.2691232630680203,3.8437302626011874e-05,4.795266971952767,0.4892164628698791
OIII_5007,5008.24,16.517488921568884,16.517488921568884,467.5246066579612,74.83194321890598,0.2691232630680203,3.8437302626011874e-05,4.795266971952767,0.4892164628698791
OIII_4959,4960.295,1.1968762111218894,1.1968762111218894,33.87736976728558,52.635070273250946,0.2691232630680203,3.8437302626011874e-05,4.795266971952767,0.4892164628698791
OII_3726,3727.092,6.859733450535941,6.859733450535941,194.16354377283002,67.91372237241882,0.2691232630680203,3.8437302626011874e-05,4.795266971952767,0.4892164628698791
OII_3729,3729.875,11.358169913462802,11.358169913462802,321.490993356247,71.44322227464224,0.2691232630680203,3.8437302626011874e-05,4.795266971952767,0.4892164628698791
OI_6300,6302.046,0.51781389775158,0.51781389775158,14.656630921193234,52.51969987303403,0.2691232630680203,3.8437302626011874e-05,4.795266971952767,0.4892164628698791
SII_6717,6718.29,4.948383257115552,4.948383257115552,140.06311412473744,54.870932561988255,0.2691232630680203,3.8437302626011874e-05,4.795266971952767,0.4892164628698791
SII_6731,6732.67,0.46773298959658405,0.46773298959658405,13.23909966099887,52.51481101572839,0.2691232630680203,3.8437302626011874e-05,4.795266971952767,0.4892164628698791
NII_6548,6549.85,0.2085435005852787,0.2085435005852787,5.902786951767843,52.4973668508471,0.2691232630680203,3.8437302626011874e-05,4.795266971952767,0.4892164628698791
NII_6584,6585.28,1.6672962033125032,1.6672962033125032,47.1925245621385,52.76834869894478,0.2691232630680203,3.8437302626011874e-05,4.795266971952767,0.4892164628698791
NII_5755,5756.24,7.139024134714873,7.139024134714873,202.0688172610707,57.33091368439582,0.2691232630680203,3.8437302626011874e-05,4.795266971952767,0.4892164628698791
HeI_5876,5877.594,0.3252463319039407,0.3252463319039407,9.206039980554827,52.50356117114361,0.2691232630680203,3.8437302626011874e-05,4.795266971952767,0.4892164628698791
HeII_4686,4687.02,0.0,0.0,0.0,10000000000.0,0.2691232630680203,3.8437302626011874e-05,4.795266971952767,0.4892164628698791
NeIII_3869,3870.16,0.0,10000000000.0,0.0,10000000000.0,0.2691232630680203,3.8437302626011874e-05,4.795266971952767,0.4892164628698791
