line,wl,amp,amp_err,flux,flux_err,z,zerr,FWHM,FWHMerr
HI_6563,6564.61,31.191728085349723,31.191728085349723,869.6129659252875,75.41784170146614,0.26920064988215886,1.9809538132855334e-05,4.72322801801996,0.24785373175313802
HI_4861,4862.683,12.347143687812832,12.347143687812832,344.2334523334,59.10058319945175,0.26920064988215886,1.9809538132855334e-05,4.72322801801996,0.24785373175313802
HI_4341,4341.684,5.028275303058535,5.028275303058535,140.18631439132656,56.14866006906036,0.26920064988215886,1.9809538132855334e-05,4.72322801801996,0.24785373175313802
HI_4102,4102.892,6.834118784359248,6.834118784359248,190.53251199454124,56.6567118052883,0.26920064988215886,1.9809538132855334e-05,4.72322801801996,0.24785373175313802
OIII_4363,4364.436,0.0,0.0,0.0,10000000000.0,0.26920064988215886,1.9809538132855334e-05,4.72322801801996,0.24785373175313802
OIII_5007,5008.24,33.508370605321716,33.508370605321716,934.2000374485127,78.03093411392167,0.26920064988215886,1.9809538132855334e-05,4.72322801801996,0.24785373175313802
OIII_4959,4960.295,7.082642119402976,7.082642119402976,197.4612436729419,56.73822638850892,0.26920064988215886,1.9809538132855334e-05,4.72322801801996,0.24785373175313802
OII_3726,3727.092,19.058110217965236,19.058110217965236,531.3325284904604,75.62920644013498,0.26920064988215886,1.9809538132855334e-05,4.72322801801996,0.24785373175313802
OII_3729,3729.875,26.327557866061852,26.327557866061852,734.0018359620482,78.84668134078896,0.26920064988215886,1.9809538132855334e-05,4.72322801801996,0.24785373175313802
OI_6300,6302.046,0.9481311844751872,0.9481311844751872,26.433520103843872,55.56470836606975,0.26920064988215886,1.9809538132855334e-05,4.72322801801996,0.24785373175313802
SII_6717,6718.29,6.26696963238453,6.26696963238453,174.72061934078368,56.48100585936187,0.26920064988215886,1.9809538132855334e-05,4.72322801801996,0.24785373175313802
SII_6731,6732.67,0.15730205256591034,0.15730205256591034,4.3855186254405005,55.5436571905263,0.26920064988215886,1.9809538132855334e-05,4.72322801801996,0.24785373175313802
NII_6548,6549.85,0.0,0.0,0.0,10000000000.0,0.26920064988215886,1.9809538132855334e-05,4.72322801801996,0.24785373175313802
NII_6584,6585.28,4.77907673533673,4.77907673533673,133.2387574945775,56.0904486045467,0.26920064988215886,1.9809538132855334e-05,4.72322801801996,0.24785373175313802
NII_5755,5756.24,0.39389563353654466,0.39389563353654466,10.98165350786124,55.54679844482826,0.26920064988215886,1.9809538132855334e-05,4.72322801801996,0.24785373175313802
HeI_5876,5877.594,0.9243007530017167,0.9243007530017167,25.76913715794812,55.56364618564499,0.26920064988215886,1.9809538132855334e-05,4.72322801801996,0.24785373175313802
HeII_4686,4687.02,0.0,0.0,0.0,10000000000.0,0.26920064988215886,1.9809538132855334e-05,4.72322801801996,0.24785373175313802
NeIII_3869,3870.16,0.5160596480211552,1.9922934347771966,14.387537615167211,55.54947903662243,0.26920064988215886,1.9809538132855334e-05,4.72322801801996,0.24785373175313802
