line,wl,amp,amp_err,flux,flux_err,z,zerr,FWHM,FWHMerr
HI_6563,6564.61,790.7256201886287,790.7256201886287,22140.253263596922,154.04328852713303,0.2692524352571894,1.556869267224709e-06,4.743611527255517,0.020012217557950893
HI_4861,4862.683,340.7358448776163,340.7358448776163,9540.576034170326,121.85588929039449,0.2692524352571894,1.556869267224709e-06,4.743611527255517,0.020012217557950893
HI_4341,4341.684,153.103271755655,153.103271755655,4286.879197548801,115.03340348908674,0.2692524352571894,1.556869267224709e-06,4.743611527255517,0.020012217557950893
HI_4102,4102.892,69.94640328024957,69.94640328024957,1958.4936215080318,113.61849523320818,0.2692524352571894,1.556869267224709e-06,4.743611527255517,0.020012217557950893
OIII_4363,4364.436,5.3719467038347375,5.3719467038347375,150.41407222023915,113.24452423926358,0.2692524352571894,1.556869267224709e-06,4.743611527255517,0.020012217557950893
OIII_5007,5008.24,886.7646437102949,886.7646437102949,24829.338136616458,162.90893038937398,0.2692524352571894,1.556869267224709e-06,4.743611527255517,0.020012217557950893
OIII_4959,4960.295,311.65519897604895,311.65519897604895,8726.320306404617,120.49042963284974,0.2692524352571894,1.556869267224709e-06,4.743611527255517,0.020012217557950893
OII_3726,3727.092,391.685023269245,391.685023269245,10967.148898843341,143.16520239201034,0.2692524352571894,1.556869267224709e-06,4.743611527255517,0.020012217557950893
OII_3729,3729.875,434.81495547578356,434.81495547578356,12174.78350421598,144.44885093333045,0.2692524352571894,1.556869267224709e-06,4.743611527255517,0.020012217557950893
OI_6300,6302.046,16.19540507391116,16.19540507391116,453.4700291580261,113.26248774307577,0.2692524352571894,1.556869267224709e-06,4.743611527255517,0.020012217557950893
SII_6717,6718.29,104.57616569484435,104.57616569484435,2928.1241617887654,114.08140533760994,0.2692524352571894,1.556869267224709e-06,4.743611527255517,0.020012217557950893
SII_6731,6732.67,74.87373925540669,74.87373925540669,2096.458629368517,113.6731957036577,0.2692524352571894,1.556869267224709e-06,4.743611527255517,0.020012217557950893
NII_6548,6549.85,29.009026233733948,29.009026233733948,812.2503828723585,113.30709050883387,0.2692524352571894,1.556869267224709e-06,4.743611527255517,0.020012217557950893
NII_6584,6585.28,133.56836445315662,133.56836445315662,3739.9033767134683,114.60798016704891,0.2692524352571894,1.556869267224709e-06,4.743611527255517,0.020012217557950893
NII_5755,5756.24,0.0,0.0,0.0,10000000000.0,0.2692524352571894,1.556869267224709e-06,4.743611527255517,0.020012217557950893
HeI_5876,5877.594,43.343723558574766,43.343723558574766,1213.6207458982474,113.38689343681139,0.2692524352571894,1.556869267224709e-06,4.743611527255517,0.020012217557950893
HeII_4686,4687.02,0.0,0.0,0.0,10000000000.0,0.2692524352571894,1.556869267224709e-06,4.743611527255517,0.020012217557950893
NeIII_3869,3870.16,76.47117742165551,4.047595718947014,2141.1867685241036,113.6917778324165,0.2692524352571894,1.556869267224709e-06,4.743611527255517,0.020012217557950893
