line,wl,amp,amp_err,flux,flux_err,z,zerr,FWHM,FWHMerr
HI_6563,6564.61,222.4671011277885,222.4671011277885,6556.8665739582,93.0385199539022,0.26918456283688424,3.451288121892007e-06,4.993245190125294,0.04431280357913876
HI_4861,4862.683,88.46004803982783,88.46004803982783,2607.220254962152,71.36441548012574,0.26918456283688424,3.451288121892007e-06,4.993245190125294,0.04431280357913876
HI_4341,4341.684,37.16843366991543,37.16843366991543,1095.4809007767,67.39302748070543,0.26918456283688424,3.451288121892007e-06,4.993245190125294,0.04431280357913876
HI_4102,4102.892,20.065224077008452,20.065224077008452,591.3908006287412,66.76905774250221,0.26918456283688424,3.451288121892007e-06,4.993245190125294,0.04431280357913876
OIII_4363,4364.436,2.668614340485874,2.668614340485874,78.65319446881432,66.51529686589429,0.26918456283688424,3.451288121892007e-06,4.993245190125294,0.04431280357913876
OIII_5007,5008.24,217.15511959084256,217.15511959084256,6400.304304730458,91.95907603176201,0.26918456283688424,3.451288121892007e-06,4.993245190125294,0.04431280357913876
OIII_4959,4960.295,72.85917042279084,72.85917042279084,2147.4090179163477,69.8401954265746,0.26918456283688424,3.451288121892007e-06,4.993245190125294,0.04431280357913876
OII_3726,3727.092,101.72143332381779,101.72143332381779,2998.0786490895057,87.46361799414055,0.26918456283688424,3.451288121892007e-06,4.993245190125294,0.04431280357913876
OII_3729,3729.875,148.62188910911027,148.62188910911027,4380.395536768752,90.61241452656746,0.26918456283688424,3.451288121892007e-06,4.993245190125294,0.04431280357913876
OI_6300,6302.046,9.659283877663484,9.659283877663484,284.6921421853052,66.57067555091422,0.26918456283688424,3.451288121892007e-06,4.993245190125294,0.04431280357913876
SII_6717,6718.29,30.413696801929063,30.413696801929063,896.395695993355,67.10276067040239,0.26918456283688424,3.451288121892007e-06,4.993245190125294,0.04431280357913876
SII_6731,6732.67,22.05610556724298,22.05610556724298,650.068889343227,66.82273980725299,0.26918456283688424,3.451288121892007e-06,4.993245190125294,0.04431280357913876
NII_6548,6549.85,7.358221235347287,7.358221235347287,216.8719537282247,66.54551815996649,0.26918456283688424,3.451288121892007e-06,4.993245190125294,0.04431280357913876
NII_6584,6585.28,32.419181758273,32.419181758273,955.5041988154159,67.18300767284401,0.26918456283688424,3.451288121892007e-06,4.993245190125294,0.04431280357913876
NII_5755,5756.24,0.0,0.0,0.0,10000000000.0,0.26918456283688424,3.451288121892007e-06,4.993245190125294,0.04431280357913876
HeI_5876,5877.594,9.509563071547404,9.509563071547404,280.2793578047298,66.56883202888329,0.26918456283688424,3.451288121892007e-06,4.993245190125294,0.04431280357913876
HeII_4686,4687.02,0.0,0.0,0.0,10000000000.0,0.26918456283688424,3.451288121892007e-06,4.993245190125294,0.04431280357913876
NeIII_3869,3870.16,22.481544696456922,2.258837710264444,662.608035992126,66.83486386950659,0.26918456283688424,3.451288121892007e-06,4.993245190125294,0.04431280357913876
