line,wl,amp,amp_err,flux,flux_err,z,zerr,FWHM,FWHMerr
HI_6563,6564.61,26.931274383875007,26.931274383875007,913.5033753351383,94.3578168608028,0.26920001235967983,2.9532803942994568e-05,5.746528878449901,0.3811136736966377
HI_4861,4862.683,9.922167089103596,9.922167089103596,336.55789909304673,70.26527443802671,0.26920001235967983,2.9532803942994568e-05,5.746528878449901,0.3811136736966377
HI_4341,4341.684,4.137421187532823,4.137421187532823,140.34048913249123,66.50278619502129,0.26920001235967983,2.9532803942994568e-05,5.746528878449901,0.3811136736966377
HI_4102,4102.892,2.70333547245059,2.70333547245059,91.6965919824957,66.03441365578408,0.26920001235967983,2.9532803942994568e-05,5.746528878449901,0.3811136736966377
OIII_4363,4364.436,3.1574975241163656,3.1574975241163656,107.10167683782748,66.16184283782047,0.26920001235967983,2.9532803942994568e-05,5.746528878449901,0.3811136736966377
OIII_5007,5008.24,20.64775617117175,20.64775617117175,700.3677095487078,83.73671587169626,0.26920001235967983,2.9532803942994568e-05,5.746528878449901,0.3811136736966377
OIII_4959,4960.295,7.930025075501476,7.930025075501476,268.9848452660028,68.64550605845726,0.26920001235967983,2.9532803942994568e-05,5.746528878449901,0.3811136736966377
OII_3726,3727.092,14.7940390530365,14.7940390530365,501.81080988430284,94.59265719283964,0.26920001235967983,2.9532803942994568e-05,5.746528878449901,0.3811136736966377
OII_3729,3729.875,15.682773200712859,15.682773200712859,531.9564922647864,95.0375800104294,0.26920001235967983,2.9532803942994568e-05,5.746528878449901,0.3811136736966377
OI_6300,6302.046,0.0,0.0,0.0,10000000000.0,0.26920001235967983,2.9532803942994568e-05,5.746528878449901,0.3811136736966377
SII_6717,6718.29,3.661768839609863,3.661768839609863,124.20645777845073,66.32605575617578,0.26920001235967983,2.9532803942994568e-05,5.746528878449901,0.3811136736966377
SII_6731,6732.67,3.582572817113487,3.582572817113487,121.52014472722453,66.29869526238028,0.26920001235967983,2.9532803942994568e-05,5.746528878449901,0.3811136736966377
NII_6548,6549.85,5.280971544503359,5.280971544503359,179.12948574914444,67.01303602642152,0.26920001235967983,2.9532803942994568e-05,5.746528878449901,0.3811136736966377
NII_6584,6585.28,5.8095801414362995,5.8095801414362995,197.05978234953625,67.28915267492987,0.26920001235967983,2.9532803942994568e-05,5.746528878449901,0.3811136736966377
NII_5755,5756.24,0.0,0.0,0.0,10000000000.0,0.26920001235967983,2.9532803942994568e-05,5.746528878449901,0.3811136736966377
HeI_5876,5877.594,0.16145012792389934,0.16145012792389934,5.476355656421448,65.68463975674923,0.26920001235967983,2.9532803942994568e-05,5.746528878449901,0.3811136736966377
HeII_4686,4687.02,0.0,0.0,0.0,10000000000.0,0.26920001235967983,2.9532803942994568e-05,5.746528878449901,0.3811136736966377
NeIII_3869,3870.16,0.224141798360165,1.936446573383845,7.6028444267863735,65.68581109891251,0.26920001235967983,2.9532803942994568e-05,5.746528878449901,0.3811136736966377
