line,wl,amp,amp_err,flux,flux_err,z,zerr,FWHM,FWHMerr
HI_6563,6564.61,66.37559409097662,66.37559409097662,2367.2973495143374,87.3774515651849,0.26960246348517825,1.1143361795236895e-05,6.0422227593967754,0.13879344660558302
HI_4861,4862.683,24.09238244842004,24.09238244842004,859.2590980874388,66.5257213914555,0.26960246348517825,1.1143361795236895e-05,6.0422227593967754,0.13879344660558302
HI_4341,4341.684,7.356115616469651,7.356115616469651,262.35716968079055,63.11979958545491,0.26960246348517825,1.1143361795236895e-05,6.0422227593967754,0.13879344660558302
HI_4102,4102.892,0.6841557649463539,0.6841557649463539,24.400536841788256,62.762285168206354,0.26960246348517825,1.1143361795236895e-05,6.0422227593967754,0.13879344660558302
OIII_4363,4364.436,0.663565325994341,0.663565325994341,23.666175180337405,62.76208902770958,0.26960246348517825,1.1143361795236895e-05,6.0422227593967754,0.13879344660558302
OIII_5007,5008.24,60.644448816113936,60.644448816113936,2162.8950356116065,83.80956158637828,0.26960246348517825,1.1143361795236895e-05,6.0422227593967754,0.13879344660558302
OIII_4959,4960.295,26.834155838387687,26.834155838387687,957.0449328950809,67.40006368477651,0.26960246348517825,1.1143361795236895e-05,6.0422227593967754,0.13879344660558302
OII_3726,3727.092,44.09603486856713,44.09603486856713,1572.6929136840945,93.79248100504226,0.26960246348517825,1.1143361795236895e-05,6.0422227593967754,0.13879344660558302
OII_3729,3729.875,35.01033399587959,35.01033399587959,1248.6497787192613,92.30163342581734,0.26960246348517825,1.1143361795236895e-05,6.0422227593967754,0.13879344660558302
OI_6300,6302.046,5.825425671569633,5.825425671569633,207.7648409925767,62.985579478104675,0.26960246348517825,1.1143361795236895e-05,6.0422227593967754,0.13879344660558302
SII_6717,6718.29,9.149003235072882,9.149003235072882,326.30082495985476,63.316162591445455,0.26960246348517825,1.1143361795236895e-05,6.0422227593967754,0.13879344660558302
SII_6731,6732.67,6.42284662341433,6.42284662341433,229.07196532366493,63.034289038025186,0.26960246348517825,1.1143361795236895e-05,6.0422227593967754,0.13879344660558302
NII_6548,6549.85,1.0534174178357034,1.0534174178357034,37.57031926157493,62.76660520698143,0.26960246348517825,1.1143361795236895e-05,6.0422227593967754,0.13879344660558302
NII_6584,6585.28,4.578592228092134,4.578592228092134,163.2963048317625,62.89914836102987,0.26960246348517825,1.1143361795236895e-05,6.0422227593967754,0.13879344660558302
NII_5755,5756.24,0.0,0.0,0.0,10000000000.0,0.26960246348517825,1.1143361795236895e-05,6.0422227593967754,0.13879344660558302
HeI_5876,5877.594,4.15004098530585,4.15004098530585,148.01194866029795,62.874154055917465,0.26960246348517825,1.1143361795236895e-05,6.0422227593967754,0.13879344660558302
HeII_4686,4687.02,0.0,0.0,0.0,10000000000.0,0.26960246348517825,1.1143361795236895e-05,6.0422227593967754,0.13879344660558302
NeIII_3869,3870.16,11.929120619440255,1.7650010794097883,425.45420513647474,63.703191119740644,0.26960246348517825,1.1143361795236895e-05,6.0422227593967754,0.13879344660558302
