line,wl,amp,amp_err,flux,flux_err,z,zerr,FWHM,FWHMerr
HI_6563,6564.61,4.161582331192676,4.161582331192676,29.189956931984497,32.27654966545514,0.27018008402274873,7.086917514174671e-06,1.1883033050629228,0.623700101063672
HI_4861,4862.683,0.0,0.0,0.0,10000000000.0,0.27018008402274873,7.086917514174671e-06,1.1883033050629228,0.623700101063672
HI_4341,4341.684,0.0,0.0,0.0,10000000000.0,0.27018008402274873,7.086917514174671e-06,1.1883033050629228,0.623700101063672
HI_4102,4102.892,0.0,0.0,0.0,10000000000.0,0.27018008402274873,7.086917514174671e-06,1.1883033050629228,0.623700101063672
OIII_4363,4364.436,0.0,0.0,0.0,10000000000.0,0.27018008402274873,7.086917514174671e-06,1.1883033050629228,0.623700101063672
OIII_5007,5008.24,3.5389368785564557,3.5389368785564557,24.822629194619164,28.75534019598568,0.27018008402274873,7.086917514174671e-06,1.1883033050629228,0.623700101063672
OIII_4959,4960.295,58.01806264994252,58.01806264994252,406.94731360598706,392.36816562616247,0.27018008402274873,7.086917514174671e-06,1.1883033050629228,0.623700101063672
OII_3726,3727.092,1.1244864496435412,1.1244864496435412,7.887315069959968,31.800949141998732,0.27018008402274873,7.086917514174671e-06,1.1883033050629228,0.623700101063672
OII_3729,3729.875,6.1689651594863335,6.1689651594863335,43.27003841077723,35.02441244349087,0.27018008402274873,7.086917514174671e-06,1.1883033050629228,0.623700101063672
OI_6300,6302.046,3.396035094829017,3.396035094829017,23.82029484663758,25.348892363799347,0.27018008402274873,7.086917514174671e-06,1.1883033050629228,0.623700101063672
SII_6717,6718.29,0.0,0.0,0.0,10000000000.0,0.27018008402274873,7.086917514174671e-06,1.1883033050629228,0.623700101063672
SII_6731,6732.67,0.0,0.0,0.0,10000000000.0,0.27018008402274873,7.086917514174671e-06,1.1883033050629228,0.623700101063672
NII_6548,6549.85,0.0,0.0,0.0,10000000000.0,0.27018008402274873,7.086917514174671e-06,1.1883033050629228,0.623700101063672
NII_6584,6585.28,2.135412160795454,2.135412160795454,14.978098243653212,28.001246622375614,0.27018008402274873,7.086917514174671e-06,1.1883033050629228,0.623700101063672
NII_5755,5756.24,0.0,0.0,0.0,10000000000.0,0.27018008402274873,7.086917514174671e-06,1.1883033050629228,0.623700101063672
HeI_5876,5877.594,0.2246821346965362,0.2246821346965362,1.575953883218893,30.561951271993703,0.27018008402274873,7.086917514174671e-06,1.1883033050629228,0.623700101063672
HeII_4686,4687.02,0.0,0.0,0.0,10000000000.0,0.27018008402274873,7.086917514174671e-06,1.1883033050629228,0.623700101063672
NeIII_3869,3870.16,0.0,10000000000.0,0.0,10000000000.0,0.27018008402274873,7.086917514174671e-06,1.1883033050629228,0.623700101063672
