line,wl,amp,amp_err,flux,flux_err,z,zerr,FWHM,FWHMerr
HI_6563,6564.61,0.0,0.0,0.0,10000000000.0,0.27019056451336276,1.6741153902456444e-05,1.8419667267720885,0.3377512710653954
HI_4861,4862.683,0.0,0.0,0.0,10000000000.0,0.27019056451336276,1.6741153902456444e-05,1.8419667267720885,0.3377512710653954
HI_4341,4341.684,0.0,0.0,0.0,10000000000.0,0.27019056451336276,1.6741153902456444e-05,1.8419667267720885,0.3377512710653954
HI_4102,4102.892,0.0,0.0,0.0,10000000000.0,0.27019056451336276,1.6741153902456444e-05,1.8419667267720885,0.3377512710653954
OIII_4363,4364.436,2.2350856078494417,2.2350856078494417,24.300969542099576,30.652556028221763,0.27019056451336276,1.6741153902456444e-05,1.8419667267720885,0.3377512710653954
OIII_5007,5008.24,6.391044196899429,6.391044196899429,69.48663166441321,34.107338251104444,0.27019056451336276,1.6741153902456444e-05,1.8419667267720885,0.3377512710653954
OIII_4959,4960.295,32.469606182023426,32.469606182023426,353.0258116746239,83.86126183244886,0.27019056451336276,1.6741153902456444e-05,1.8419667267720885,0.3377512710653954
OII_3726,3727.092,0.5273087809013077,0.5273087809013077,5.733165020150545,31.492695924834738,0.27019056451336276,1.6741153902456444e-05,1.8419667267720885,0.3377512710653954
OII_3729,3729.875,0.0,0.0,0.0,10000000000.0,0.27019056451336276,1.6741153902456444e-05,1.8419667267720885,0.3377512710653954
OI_6300,6302.046,4.449894464794738,4.449894464794738,48.381480098465495,31.66278365659553,0.27019056451336276,1.6741153902456444e-05,1.8419667267720885,0.3377512710653954
SII_6717,6718.29,0.0,0.0,0.0,10000000000.0,0.27019056451336276,1.6741153902456444e-05,1.8419667267720885,0.3377512710653954
SII_6731,6732.67,2.81506114268268,2.81506114268268,30.606753874318684,32.2061219717906,0.27019056451336276,1.6741153902456444e-05,1.8419667267720885,0.3377512710653954
NII_6548,6549.85,1.7677204823605734,1.7677204823605734,19.219541949501703,30.98095708889561,0.27019056451336276,1.6741153902456444e-05,1.8419667267720885,0.3377512710653954
NII_6584,6585.28,1.0236743616617332,1.0236743616617332,11.129900079176611,30.80700483232734,0.27019056451336276,1.6741153902456444e-05,1.8419667267720885,0.3377512710653954
NII_5755,5756.24,2.5858669216345334,2.5858669216345334,28.11483957566448,31.832374447141408,0.27019056451336276,1.6741153902456444e-05,1.8419667267720885,0.3377512710653954
HeI_5876,5877.594,0.0,0.0,0.0,10000000000.0,0.27019056451336276,1.6741153902456444e-05,1.8419667267720885,0.3377512710653954
HeII_4686,4687.02,0.0,0.0,0.0,10000000000.0,0.27019056451336276,1.6741153902456444e-05,1.8419667267720885,0.3377512710653954
NeIII_3869,3870.16,4.576332801982062,2.842485771124496,49.75618099142112,32.223487297262245,0.27019056451336276,1.6741153902456444e-05,1.8419667267720885,0.3377512710653954
