line,wl,amp,amp_err,flux,flux_err,z,zerr,FWHM,FWHMerr
HI_6563,6564.61,12.366613912178877,12.366613912178877,338.7110669646456,60.74968289150776,0.2696482219122699,3.55557564120055e-05,4.640138316065335,0.4261811419362556
HI_4861,4862.683,6.168703030590677,6.168703030590677,168.95554434845923,52.7448853307327,0.2696482219122699,3.55557564120055e-05,4.640138316065335,0.4261811419362556
HI_4341,4341.684,3.53768497951296,3.53768497951296,96.8941912883342,50.79417634723874,0.2696482219122699,3.55557564120055e-05,4.640138316065335,0.4261811419362556
HI_4102,4102.892,4.723759631359485,4.723759631359485,129.3797700958863,51.55143714718312,0.2696482219122699,3.55557564120055e-05,4.640138316065335,0.4261811419362556
OIII_4363,4364.436,1.6325730930677764,1.6325730930677764,44.71479243854959,50.02133554818537,0.2696482219122699,3.55557564120055e-05,4.640138316065335,0.4261811419362556
OIII_5007,5008.24,17.106881294127447,17.106881294127447,468.5429703489909,69.2504959414994,0.2696482219122699,3.55557564120055e-05,4.640138316065335,0.4261811419362556
OIII_4959,4960.295,10.298516673709514,10.298516673709514,282.0676375503302,57.62001298269166,0.2696482219122699,3.55557564120055e-05,4.640138316065335,0.4261811419362556
OII_3726,3727.092,8.770470169029295,8.770470169029295,240.21573971901475,66.57265049766745,0.2696482219122699,3.55557564120055e-05,4.640138316065335,0.4261811419362556
OII_3729,3729.875,14.35877084083063,14.35877084083063,393.27455569781654,70.77354695584751,0.2696482219122699,3.55557564120055e-05,4.640138316065335,0.4261811419362556
OI_6300,6302.046,0.10587681692209117,0.10587681692209117,2.8998762216700813,49.81102871144923,0.2696482219122699,3.55557564120055e-05,4.640138316065335,0.4261811419362556
SII_6717,6718.29,1.8133818351994933,1.8133818351994933,49.666990542159596,50.070567645690744,0.2696482219122699,3.55557564120055e-05,4.640138316065335,0.4261811419362556
SII_6731,6732.67,0.0,0.0,0.0,10000000000.0,0.2696482219122699,3.55557564120055e-05,4.640138316065335,0.4261811419362556
NII_6548,6549.85,0.0,0.0,0.0,10000000000.0,0.2696482219122699,3.55557564120055e-05,4.640138316065335,0.4261811419362556
NII_6584,6585.28,4.910351500579168,4.910351500579168,134.4903631457821,51.68914222608931,0.2696482219122699,3.55557564120055e-05,4.640138316065335,0.4261811419362556
NII_5755,5756.24,0.8504345347538447,0.8504345347538447,23.292680655808137,49.86757959878852,0.2696482219122699,3.55557564120055e-05,4.640138316065335,0.4261811419362556
HeI_5876,5877.594,0.0,0.0,0.0,10000000000.0,0.2696482219122699,3.55557564120055e-05,4.640138316065335,0.4261811419362556
HeII_4686,4687.02,0.0,0.0,0.0,10000000000.0,0.2696482219122699,3.55557564120055e-05,4.640138316065335,0.4261811419362556
NeIII_3869,3870.16,1.4703014163592343,1.8198656737501873,40.27030883564811,49.98161884906293,0.2696482219122699,3.55557564120055e-05,4.640138316065335,0.4261811419362556
