line,wl,amp,amp_err,flux,flux_err,z,zerr,FWHM,FWHMerr
HI_6563,6564.61,0.06019941816316532,0.06019941816316532,0.6054045949956414,31.550136270628343,0.270278217511543,2.8842031606889583e-05,1.7037495767681188,0.2706640947803479
HI_4861,4862.683,0.0,0.0,0.0,10000000000.0,0.270278217511543,2.8842031606889583e-05,1.7037495767681188,0.2706640947803479
HI_4341,4341.684,0.0,0.0,0.0,10000000000.0,0.270278217511543,2.8842031606889583e-05,1.7037495767681188,0.2706640947803479
HI_4102,4102.892,2.938400267619272,2.938400267619272,29.550468729307614,33.18526426324903,0.270278217511543,2.8842031606889583e-05,1.7037495767681188,0.2706640947803479
OIII_4363,4364.436,0.0,0.0,0.0,10000000000.0,0.270278217511543,2.8842031606889583e-05,1.7037495767681188,0.2706640947803479
OIII_5007,5008.24,3.380805609157278,3.380805609157278,33.9995852621582,33.17486062329448,0.270278217511543,2.8842031606889583e-05,1.7037495767681188,0.2706640947803479
OIII_4959,4960.295,20.94979239371594,20.94979239371594,210.68477015814202,46.943696350514344,0.270278217511543,2.8842031606889583e-05,1.7037495767681188,0.2706640947803479
OII_3726,3727.092,12.306483123047315,12.306483123047315,123.7620172795605,39.58228823147836,0.270278217511543,2.8842031606889583e-05,1.7037495767681188,0.2706640947803479
OII_3729,3729.875,0.0,0.0,0.0,10000000000.0,0.270278217511543,2.8842031606889583e-05,1.7037495767681188,0.2706640947803479
OI_6300,6302.046,1.4147710959795177,1.4147710959795177,14.227860476184771,32.79541810902392,0.270278217511543,2.8842031606889583e-05,1.7037495767681188,0.2706640947803479
SII_6717,6718.29,0.0,0.0,0.0,10000000000.0,0.270278217511543,2.8842031606889583e-05,1.7037495767681188,0.2706640947803479
SII_6731,6732.67,0.0,0.0,0.0,10000000000.0,0.270278217511543,2.8842031606889583e-05,1.7037495767681188,0.2706640947803479
NII_6548,6549.85,0.31988273265869793,0.31988273265869793,3.216949301510581,31.559099895003886,0.270278217511543,2.8842031606889583e-05,1.7037495767681188,0.2706640947803479
NII_6584,6585.28,0.0,0.0,0.0,10000000000.0,0.270278217511543,2.8842031606889583e-05,1.7037495767681188,0.2706640947803479
NII_5755,5756.24,0.0,0.0,0.0,10000000000.0,0.270278217511543,2.8842031606889583e-05,1.7037495767681188,0.2706640947803479
HeI_5876,5877.594,0.0,0.0,0.0,10000000000.0,0.270278217511543,2.8842031606889583e-05,1.7037495767681188,0.2706640947803479
HeII_4686,4687.02,0.0,0.0,0.0,10000000000.0,0.270278217511543,2.8842031606889583e-05,1.7037495767681188,0.2706640947803479
NeIII_3869,3870.16,3.116022799746929,3.0509162152146985,31.336756710254278,31.08325114944388,0.270278217511543,2.8842031606889583e-05,1.7037495767681188,0.2706640947803479
