line,wl,amp,amp_err,flux,flux_err,z,zerr,FWHM,FWHMerr
HI_6563,6564.61,803.4556581641348,803.4556581641348,22090.89713957733,132.8120068526459,0.26923680183883086,1.3404635684230204e-06,4.658046093482942,0.017617744124892327
HI_4861,4862.683,289.1097432382785,289.1097432382785,7949.030584363264,100.21300087625207,0.26923680183883086,1.3404635684230204e-06,4.658046093482942,0.017617744124892327
HI_4341,4341.684,105.13952812063212,105.13952812063212,2890.7961222448725,95.19560108549328,0.26923680183883086,1.3404635684230204e-06,4.658046093482942,0.017617744124892327
HI_4102,4102.892,51.223302146021524,51.223302146021524,1408.3772854905808,94.59511932726433,0.26923680183883086,1.3404635684230204e-06,4.658046093482942,0.017617744124892327
OIII_4363,4364.436,3.95431168351638,3.95431168351638,108.72322793517992,94.4085309415604,0.26923680183883086,1.3404635684230204e-06,4.658046093482942,0.017617744124892327
OIII_5007,5008.24,829.058888198025,829.058888198025,22794.854247069703,134.92236358817914,0.26923680183883086,1.3404635684230204e-06,4.658046093482942,0.017617744124892327
OIII_4959,4960.295,274.8392817367453,274.8392817367453,7556.666308922107,99.6687294586838,0.26923680183883086,1.3404635684230204e-06,4.658046093482942,0.017617744124892327
OII_3726,3727.092,294.55528124750936,294.55528124750936,8098.754864489003,115.0324779380332,0.26923680183883086,1.3404635684230204e-06,4.658046093482942,0.017617744124892327
OII_3729,3729.875,393.83294330654917,393.83294330654917,10828.379827010509,117.475439049776,0.26923680183883086,1.3404635684230204e-06,4.658046093482942,0.017617744124892327
OI_6300,6302.046,26.087368969501085,26.087368969501085,717.2684375193251,94.45613499067076,0.26923680183883086,1.3404635684230204e-06,4.658046093482942,0.017617744124892327
SII_6717,6718.29,96.67939118017057,96.67939118017057,2658.1858804232943,95.074241952223,0.26923680183883086,1.3404635684230204e-06,4.658046093482942,0.017617744124892327
SII_6731,6732.67,71.698687600124,71.698687600124,1971.3450477605097,94.77475469580226,0.26923680183883086,1.3404635684230204e-06,4.658046093482942,0.017617744124892327
NII_6548,6549.85,41.409158637321525,41.409158637321525,1138.538828867935,94.53011823889591,0.26923680183883086,1.3404635684230204e-06,4.658046093482942,0.017617744124892327
NII_6584,6585.28,138.78703617559495,138.78703617559495,3815.9294907044386,95.77650523921308,0.26923680183883086,1.3404635684230204e-06,4.658046093482942,0.017617744124892327
NII_5755,5756.24,3.7585039177630506,3.7585039177630506,103.33952173007208,94.40843775339223,0.26923680183883086,1.3404635684230204e-06,4.658046093482942,0.017617744124892327
HeI_5876,5877.594,30.2291273911178,30.2291273911178,831.1454864133188,94.47283316245482,0.26923680183883086,1.3404635684230204e-06,4.658046093482942,0.017617744124892327
HeII_4686,4687.02,0.0,0.0,0.0,10000000000.0,0.26923680183883086,1.3404635684230204e-06,4.658046093482942,0.017617744124892327
NeIII_3869,3870.16,65.7203962704632,3.4358894075625663,1806.9727921269764,94.71617527095867,0.26923680183883086,1.3404635684230204e-06,4.658046093482942,0.017617744124892327
