line,wl,amp,amp_err,flux,flux_err,z,zerr,FWHM,FWHMerr
HI_6563,6564.61,0.0,0.0,0.0,10000000000.0,0.27013092661228366,1.821518970457452e-05,1.5661390991422248,0.2661099624586064
HI_4861,4862.683,0.0,0.0,0.0,10000000000.0,0.27013092661228366,1.821518970457452e-05,1.5661390991422248,0.2661099624586064
HI_4341,4341.684,0.26040055866144485,0.26040055866144485,2.4072428299464095,30.973018262069804,0.27013092661228366,1.821518970457452e-05,1.5661390991422248,0.2661099624586064
HI_4102,4102.892,2.2654853132380595,2.2654853132380595,20.94301680716277,29.702462403417407,0.27013092661228366,1.821518970457452e-05,1.5661390991422248,0.2661099624586064
OIII_4363,4364.436,0.0,0.0,0.0,10000000000.0,0.27013092661228366,1.821518970457452e-05,1.5661390991422248,0.2661099624586064
OIII_5007,5008.24,0.0,0.0,0.0,10000000000.0,0.27013092661228366,1.821518970457452e-05,1.5661390991422248,0.2661099624586064
OIII_4959,4960.295,36.29902057944901,36.29902057944901,335.5620950781525,78.2053822011869,0.27013092661228366,1.821518970457452e-05,1.5661390991422248,0.2661099624586064
OII_3726,3727.092,12.896427943412618,12.896427943412618,119.21953569639969,38.81844892134967,0.27013092661228366,1.821518970457452e-05,1.5661390991422248,0.2661099624586064
OII_3729,3729.875,0.0,0.0,0.0,10000000000.0,0.27013092661228366,1.821518970457452e-05,1.5661390991422248,0.2661099624586064
OI_6300,6302.046,2.199215385609591,2.199215385609591,20.33039213022379,32.01579843429434,0.27013092661228366,1.821518970457452e-05,1.5661390991422248,0.2661099624586064
SII_6717,6718.29,3.9197154006400297,3.9197154006400297,36.23535541599546,33.17103472005233,0.27013092661228366,1.821518970457452e-05,1.5661390991422248,0.2661099624586064
SII_6731,6732.67,2.2823242610539864,2.2823242610539864,21.09868251157638,30.976705212446078,0.27013092661228366,1.821518970457452e-05,1.5661390991422248,0.2661099624586064
NII_6548,6549.85,0.0,0.0,0.0,10000000000.0,0.27013092661228366,1.821518970457452e-05,1.5661390991422248,0.2661099624586064
NII_6584,6585.28,8.62476067996954,8.62476067996954,79.73060201400567,37.69364467107146,0.27013092661228366,1.821518970457452e-05,1.5661390991422248,0.2661099624586064
NII_5755,5756.24,1.4013595577112028,1.4013595577112028,12.95470626030049,29.416722182961024,0.27013092661228366,1.821518970457452e-05,1.5661390991422248,0.2661099624586064
HeI_5876,5877.594,1.0808731165445806,1.0808731165445806,9.992006442914805,32.501452265412084,0.27013092661228366,1.821518970457452e-05,1.5661390991422248,0.2661099624586064
HeII_4686,4687.02,0.0,0.0,0.0,10000000000.0,0.27013092661228366,1.821518970457452e-05,1.5661390991422248,0.2661099624586064
NeIII_3869,3870.16,0.0679764732926742,3.495804270865576,0.6284006408434086,32.31673442536448,0.27013092661228366,1.821518970457452e-05,1.5661390991422248,0.2661099624586064
