line,wl,amp,amp_err,flux,flux_err,z,zerr,FWHM,FWHMerr
HI_6563,6564.61,0.0,0.0,0.0,10000000000.0,0.2702235799295155,1.734538491177198e-05,1.6335460516624256,0.26423970162673416
HI_4861,4862.683,6.784237289323642,6.784237289323642,65.41541035864148,34.425085846474964,0.2702235799295155,1.734538491177198e-05,1.6335460516624256,0.26423970162673416
HI_4341,4341.684,1.8514752649541606,1.8514752649541606,17.852414215589075,28.968333379268085,0.2702235799295155,1.734538491177198e-05,1.6335460516624256,0.26423970162673416
HI_4102,4102.892,0.0,0.0,0.0,10000000000.0,0.2702235799295155,1.734538491177198e-05,1.6335460516624256,0.26423970162673416
OIII_4363,4364.436,4.818404143959583,4.818404143959583,46.4603272127468,30.541968988647255,0.2702235799295155,1.734538491177198e-05,1.6335460516624256,0.26423970162673416
OIII_5007,5008.24,7.005457040042074,7.005457040042074,67.54846970717811,34.07305890911109,0.2702235799295155,1.734538491177198e-05,1.6335460516624256,0.26423970162673416
OIII_4959,4960.295,35.99433490088177,35.99433490088177,347.0668975321607,75.0708190411402,0.2702235799295155,1.734538491177198e-05,1.6335460516624256,0.26423970162673416
OII_3726,3727.092,13.973849136027752,13.973849136027752,134.73954942017298,42.414084516849925,0.2702235799295155,1.734538491177198e-05,1.6335460516624256,0.26423970162673416
OII_3729,3729.875,6.009538768693005,6.009538768693005,57.945562316764125,32.98566561291473,0.2702235799295155,1.734538491177198e-05,1.6335460516624256,0.26423970162673416
OI_6300,6302.046,0.0,0.0,0.0,10000000000.0,0.2702235799295155,1.734538491177198e-05,1.6335460516624256,0.26423970162673416
SII_6717,6718.29,0.9792773485928592,0.9792773485928592,9.442451211713259,29.107808321114355,0.2702235799295155,1.734538491177198e-05,1.6335460516624256,0.26423970162673416
SII_6731,6732.67,0.0,0.0,0.0,10000000000.0,0.2702235799295155,1.734538491177198e-05,1.6335460516624256,0.26423970162673416
NII_6548,6549.85,0.0,0.0,0.0,10000000000.0,0.2702235799295155,1.734538491177198e-05,1.6335460516624256,0.26423970162673416
NII_6584,6585.28,0.3890075968230349,0.3890075968230349,3.750914140172233,28.766172719912625,0.2702235799295155,1.734538491177198e-05,1.6335460516624256,0.26423970162673416
NII_5755,5756.24,0.0,0.0,0.0,10000000000.0,0.2702235799295155,1.734538491177198e-05,1.6335460516624256,0.26423970162673416
HeI_5876,5877.594,3.4693268750146444,3.4693268750146444,33.45216735778001,30.03929767574121,0.2702235799295155,1.734538491177198e-05,1.6335460516624256,0.26423970162673416
HeII_4686,4687.02,0.0,0.0,0.0,10000000000.0,0.2702235799295155,1.734538491177198e-05,1.6335460516624256,0.26423970162673416
NeIII_3869,3870.16,6.7899759334085275,3.0166785850311917,65.47074388276597,30.95555875851553,0.2702235799295155,1.734538491177198e-05,1.6335460516624256,0.26423970162673416
