line,wl,amp,amp_err,flux,flux_err,z,zerr,FWHM,FWHMerr
HI_6563,6564.61,6.705338236623788,6.705338236623788,131.18928745729283,46.52036529787279,0.27000044847462557,2.6533183591168823e-05,3.3145915986390233,0.3133794047818792
HI_4861,4862.683,0.0,0.0,0.0,10000000000.0,0.27000044847462557,2.6533183591168823e-05,3.3145915986390233,0.3133794047818792
HI_4341,4341.684,4.749245460213615,4.749245460213615,92.9185234060496,45.47899966178938,0.27000044847462557,2.6533183591168823e-05,3.3145915986390233,0.3133794047818792
HI_4102,4102.892,0.7626018467286713,0.7626018467286713,14.92023062155383,44.43392567163921,0.27000044847462557,2.6533183591168823e-05,3.3145915986390233,0.3133794047818792
OIII_4363,4364.436,0.0,0.0,0.0,10000000000.0,0.27000044847462557,2.6533183591168823e-05,3.3145915986390233,0.3133794047818792
OIII_5007,5008.24,6.926031793465199,6.926031793465199,135.5071353341239,46.65910470829063,0.27000044847462557,2.6533183591168823e-05,3.3145915986390233,0.3133794047818792
OIII_4959,4960.295,29.69364869771698,29.69364869771698,580.9533355653783,75.7762603219173,0.27000044847462557,2.6533183591168823e-05,3.3145915986390233,0.3133794047818792
OII_3726,3727.092,7.770314607844853,7.770314607844853,152.0254461071646,48.216857688698184,0.27000044847462557,2.6533183591168823e-05,3.3145915986390233,0.3133794047818792
OII_3729,3729.875,2.1206981082245875,2.1206981082245875,41.491251285497526,46.13549815605163,0.27000044847462557,2.6533183591168823e-05,3.3145915986390233,0.3133794047818792
OI_6300,6302.046,0.0,0.0,0.0,10000000000.0,0.27000044847462557,2.6533183591168823e-05,3.3145915986390233,0.3133794047818792
SII_6717,6718.29,0.10369925330974183,0.10369925330974183,2.0288657591131787,44.406228304224854,0.27000044847462557,2.6533183591168823e-05,3.3145915986390233,0.3133794047818792
SII_6731,6732.67,5.589609081308367,5.589609081308367,109.36015554539438,45.88576171226444,0.27000044847462557,2.6533183591168823e-05,3.3145915986390233,0.3133794047818792
NII_6548,6549.85,0.0,0.0,0.0,10000000000.0,0.27000044847462557,2.6533183591168823e-05,3.3145915986390233,0.3133794047818792
NII_6584,6585.28,0.0,0.0,0.0,10000000000.0,0.27000044847462557,2.6533183591168823e-05,3.3145915986390233,0.3133794047818792
NII_5755,5756.24,0.6071293631025583,0.6071293631025583,11.878426669782538,44.42375872619904,0.27000044847462557,2.6533183591168823e-05,3.3145915986390233,0.3133794047818792
HeI_5876,5877.594,3.135880264033176,3.135880264033176,61.3531909759471,44.87678563145633,0.27000044847462557,2.6533183591168823e-05,3.3145915986390233,0.3133794047818792
HeII_4686,4687.02,0.0,0.0,0.0,10000000000.0,0.27000044847462557,2.6533183591168823e-05,3.3145915986390233,0.3133794047818792
NeIII_3869,3870.16,5.731910471571268,2.2857675064225424,112.14426834239056,45.96051935641507,0.27000044847462557,2.6533183591168823e-05,3.3145915986390233,0.3133794047818792
