line,wl,amp,amp_err,flux,flux_err,z,zerr,FWHM,FWHMerr
HI_6563,6564.61,56.95169724649759,56.95169724649759,1706.2231124679547,89.6185541595519,0.2691879676306508,1.3195796981299813e-05,5.075531075892254,0.17257543959238977
HI_4861,4862.683,18.45617105342467,18.45617105342467,552.9307666234969,65.31574404737398,0.2691879676306508,1.3195796981299813e-05,5.075531075892254,0.17257543959238977
HI_4341,4341.684,8.547582622341338,8.547582622341338,256.0781105933613,62.602400696209244,0.2691879676306508,1.3195796981299813e-05,5.075531075892254,0.17257543959238977
HI_4102,4102.892,0.6566726909383078,0.6566726909383078,19.673340335337784,61.84537141926378,0.2691879676306508,1.3195796981299813e-05,5.075531075892254,0.17257543959238977
OIII_4363,4364.436,1.0540700738081341,1.0540700738081341,31.57901887116883,61.85256022070694,0.2691879676306508,1.3195796981299813e-05,5.075531075892254,0.17257543959238977
OIII_5007,5008.24,49.374360992020684,49.374360992020684,1479.2127357205798,83.58503737250987,0.2691879676306508,1.3195796981299813e-05,5.075531075892254,0.17257543959238977
OIII_4959,4960.295,13.698108924247663,13.698108924247663,410.38338054257457,63.77833050025055,0.2691879676306508,1.3195796981299813e-05,5.075531075892254,0.17257543959238977
OII_3726,3727.092,32.663553991817935,32.663553991817935,978.5715518708627,84.39823799535655,0.2691879676306508,1.3195796981299813e-05,5.075531075892254,0.17257543959238977
OII_3729,3729.875,29.78103802642181,29.78103802642181,892.2138909054696,83.63320172003505,0.2691879676306508,1.3195796981299813e-05,5.075531075892254,0.17257543959238977
OI_6300,6302.046,0.0,0.0,0.0,10000000000.0,0.2691879676306508,1.3195796981299813e-05,5.075531075892254,0.17257543959238977
SII_6717,6718.29,6.105463994316892,6.105463994316892,182.91436924796898,62.23056755360365,0.2691879676306508,1.3195796981299813e-05,5.075531075892254,0.17257543959238977
SII_6731,6732.67,7.43640289852226,7.43640289852226,222.78813648284498,62.41812569687455,0.2691879676306508,1.3195796981299813e-05,5.075531075892254,0.17257543959238977
NII_6548,6549.85,0.15142542992350627,0.15142542992350627,4.536573637702641,61.84110129589488,0.2691879676306508,1.3195796981299813e-05,5.075531075892254,0.17257543959238977
NII_6584,6585.28,9.529816577404858,9.529816577404858,285.5049820828366,62.786090674571845,0.2691879676306508,1.3195796981299813e-05,5.075531075892254,0.17257543959238977
NII_5755,5756.24,1.6739669621259736,1.6739669621259736,50.15058827702898,61.87023496031411,0.2691879676306508,1.3195796981299813e-05,5.075531075892254,0.17257543959238977
HeI_5876,5877.594,3.980839968803366,3.980839968803366,119.26248891952417,62.006832287547866,0.2691879676306508,1.3195796981299813e-05,5.075531075892254,0.17257543959238977
HeII_4686,4687.02,2.1600499167107046e-12,2.1600499167107046e-12,6.471320909058486e-11,61.84085992327692,0.2691879676306508,1.3195796981299813e-05,5.075531075892254,0.17257543959238977
NeIII_3869,3870.16,3.831923756480819,2.065201732368449,114.80108924979722,61.99464847023176,0.2691879676306508,1.3195796981299813e-05,5.075531075892254,0.17257543959238977
