line,wl,amp,amp_err,flux,flux_err,z,zerr,FWHM,FWHMerr
HI_6563,6564.61,61.97946619833738,61.97946619833738,2093.4178689835053,93.06611729465033,0.2692242806997205,1.2330361769174724e-05,5.722165797520162,0.15160612081247565
HI_4861,4862.683,27.530627254014007,27.530627254014007,929.8742079102199,74.66327241008977,0.2692242806997205,1.2330361769174724e-05,5.722165797520162,0.15160612081247565
HI_4341,4341.684,10.846252374505639,10.846252374505639,366.3429184697297,70.23994786269084,0.2692242806997205,1.2330361769174724e-05,5.722165797520162,0.15160612081247565
HI_4102,4102.892,4.369215004523767,4.369215004523767,147.5745650120856,69.53415559151117,0.2692242806997205,1.2330361769174724e-05,5.722165797520162,0.15160612081247565
OIII_4363,4364.436,0.6548133544512211,0.6548133544512211,22.116969718173987,69.39971517494199,0.2692242806997205,1.2330361769174724e-05,5.722165797520162,0.15160612081247565
OIII_5007,5008.24,66.20815596279772,66.20815596279772,2236.246054805254,95.93710786751355,0.2692242806997205,1.2330361769174724e-05,5.722165797520162,0.15160612081247565
OIII_4959,4960.295,23.54621396161076,23.54621396161076,795.2967019174996,73.28621158040853,0.2692242806997205,1.2330361769174724e-05,5.722165797520162,0.15160612081247565
OII_3726,3727.092,33.57568537922111,33.57568537922111,1134.052034448067,99.65642974169728,0.2692242806997205,1.2330361769174724e-05,5.722165797520162,0.15160612081247565
OII_3729,3729.875,49.11960821931825,49.11960821931825,1659.0634265021838,102.65336291773016,0.2692242806997205,1.2330361769174724e-05,5.722165797520162,0.15160612081247565
OI_6300,6302.046,5.538062428833541,5.538062428833541,187.05354465245986,69.61746271674703,0.2692242806997205,1.2330361769174724e-05,5.722165797520162,0.15160612081247565
SII_6717,6718.29,6.941027857218614,6.941027857218614,234.44009180259002,69.74322383548996,0.2692242806997205,1.2330361769174724e-05,5.722165797520162,0.15160612081247565
SII_6731,6732.67,9.508947862755008,9.508947862755008,321.1741338239831,70.0457127482212,0.2692242806997205,1.2330361769174724e-05,5.722165797520162,0.15160612081247565
NII_6548,6549.85,4.325307359064709,4.325307359064709,146.09154079088879,69.53140677053933,0.2692242806997205,1.2330361769174724e-05,5.722165797520162,0.15160612081247565
NII_6584,6585.28,9.663008967288988,9.663008967288988,326.3777002457188,70.06681360993119,0.2692242806997205,1.2330361769174724e-05,5.722165797520162,0.15160612081247565
NII_5755,5756.24,1.3327071590026662,1.3327071590026662,45.01350450245187,69.40942123674374,0.2692242806997205,1.2330361769174724e-05,5.722165797520162,0.15160612081247565
HeI_5876,5877.594,1.3153977002129977,1.3153977002129977,44.428860384724736,69.40908125389362,0.2692242806997205,1.2330361769174724e-05,5.722165797520162,0.15160612081247565
HeII_4686,4687.02,0.0,0.0,0.0,10000000000.0,0.2692242806997205,1.2330361769174724e-05,5.722165797520162,0.15160612081247565
NeIII_3869,3870.16,9.615515805632981,2.0585584202476634,324.7735716630839,70.06026915001647,0.2692242806997205,1.2330361769174724e-05,5.722165797520162,0.15160612081247565
