line,wl,amp,amp_err,flux,flux_err,z,zerr,FWHM,FWHMerr
HI_6563,6564.61,0.0,0.0,0.0,10000000000.0,0.27007102886498646,1.9818985453947284e-05,2.396313174721138,0.21404980706739768
HI_4861,4862.683,0.9510414891702794,0.9510414891702794,13.452118894676202,36.15074760680204,0.27007102886498646,1.9818985453947284e-05,2.396313174721138,0.21404980706739768
HI_4341,4341.684,2.736879115542706,2.736879115542706,38.712110546046695,36.42737579271587,0.27007102886498646,1.9818985453947284e-05,2.396313174721138,0.21404980706739768
HI_4102,4102.892,0.0,0.0,0.0,10000000000.0,0.27007102886498646,1.9818985453947284e-05,2.396313174721138,0.21404980706739768
OIII_4363,4364.436,0.8288248332929697,0.8288248332929697,11.72341094187633,36.21706938511277,0.27007102886498646,1.9818985453947284e-05,2.396313174721138,0.21404980706739768
OIII_5007,5008.24,2.025682168709409,2.025682168709409,28.65250116488406,36.26656225676643,0.27007102886498646,1.9818985453947284e-05,2.396313174721138,0.21404980706739768
OIII_4959,4960.295,36.46068582210114,36.46068582210114,515.7224855544894,62.63207352615348,0.27007102886498646,1.9818985453947284e-05,2.396313174721138,0.21404980706739768
OII_3726,3727.092,5.71821632758747,5.71821632758747,80.88198756848644,36.97569776215151,0.27007102886498646,1.9818985453947284e-05,2.396313174721138,0.21404980706739768
OII_3729,3729.875,0.0,0.0,0.0,10000000000.0,0.27007102886498646,1.9818985453947284e-05,2.396313174721138,0.21404980706739768
OI_6300,6302.046,0.07263405856133431,0.07263405856133431,1.027381037206255,36.204184710157925,0.27007102886498646,1.9818985453947284e-05,2.396313174721138,0.21404980706739768
SII_6717,6718.29,0.0,0.0,0.0,10000000000.0,0.27007102886498646,1.9818985453947284e-05,2.396313174721138,0.21404980706739768
SII_6731,6732.67,3.014366588792427,3.014366588792427,42.6370649507122,36.37061474243567,0.27007102886498646,1.9818985453947284e-05,2.396313174721138,0.21404980706739768
NII_6548,6549.85,0.0,0.0,0.0,10000000000.0,0.27007102886498646,1.9818985453947284e-05,2.396313174721138,0.21404980706739768
NII_6584,6585.28,1.5920714313791677,1.5920714313791677,22.519242775007182,36.20785748679159,0.27007102886498646,1.9818985453947284e-05,2.396313174721138,0.21404980706739768
NII_5755,5756.24,0.0,0.0,0.0,10000000000.0,0.27007102886498646,1.9818985453947284e-05,2.396313174721138,0.21404980706739768
HeI_5876,5877.594,1.8859488675303737,1.8859488675303737,26.676026949604665,36.22383627833002,0.27007102886498646,1.9818985453947284e-05,2.396313174721138,0.21404980706739768
HeII_4686,4687.02,0.0,0.0,0.0,10000000000.0,0.27007102886498646,1.9818985453947284e-05,2.396313174721138,0.21404980706739768
NeIII_3869,3870.16,4.019719670224049,2.56713256758654,56.85740058964018,36.6645688736623,0.27007102886498646,1.9818985453947284e-05,2.396313174721138,0.21404980706739768
