line,wl,amp,amp_err,flux,flux_err,z,zerr,FWHM,FWHMerr
HI_6563,6564.61,106.28511700331683,106.28511700331683,3262.0169868008575,86.29332008677275,0.26919227444665256,6.702118313665377e-06,5.199554145827823,0.0851914462131264
HI_4861,4862.683,45.27531626485529,45.27531626485529,1389.5534473949933,67.2595496886297,0.26919227444665256,6.702118313665377e-06,5.199554145827823,0.0851914462131264
HI_4341,4341.684,20.928176635673367,20.928176635673367,642.3106979898691,63.35904058741395,0.26919227444665256,6.702118313665377e-06,5.199554145827823,0.0851914462131264
HI_4102,4102.892,5.974169770949629,5.974169770949629,183.3543945222521,62.34749104211755,0.26919227444665256,6.702118313665377e-06,5.199554145827823,0.0851914462131264
OIII_4363,4364.436,2.1288544584772353,2.1288544584772353,65.33708200897752,62.26845915846834,0.26919227444665256,6.702118313665377e-06,5.199554145827823,0.0851914462131264
OIII_5007,5008.24,104.91372919259925,104.91372919259925,3219.927459497493,85.76123164670382,0.26919227444665256,6.702118313665377e-06,5.199554145827823,0.0851914462131264
OIII_4959,4960.295,35.57846812888715,35.57846812888715,1091.945614522502,65.39137253250942,0.26919227444665256,6.702118313665377e-06,5.199554145827823,0.0851914462131264
OII_3726,3727.092,59.10433912734857,59.10433912734857,1813.9826502804992,84.60770727396724,0.26919227444665256,6.702118313665377e-06,5.199554145827823,0.0851914462131264
OII_3729,3729.875,67.16378999262679,67.16378999262679,2061.336808304374,85.64327279680218,0.26919227444665256,6.702118313665377e-06,5.199554145827823,0.0851914462131264
OI_6300,6302.046,2.115556481724525,2.115556481724525,64.92895124447857,62.2683166940913,0.26919227444665256,6.702118313665377e-06,5.199554145827823,0.0851914462131264
SII_6717,6718.29,16.764897334335842,16.764897334335842,514.534691483374,62.966393004664425,0.26919227444665256,6.702118313665377e-06,5.199554145827823,0.0851914462131264
SII_6731,6732.67,10.2236653502016,10.2236653502016,313.77648141163746,62.5217271434461,0.26919227444665256,6.702118313665377e-06,5.199554145827823,0.0851914462131264
NII_6548,6549.85,5.025227896723891,5.025227896723891,154.2302367804452,62.321028675560385,0.26919227444665256,6.702118313665377e-06,5.199554145827823,0.0851914462131264
NII_6584,6585.28,16.002309975648814,16.002309975648814,491.1299760529055,62.90364403754085,0.26919227444665256,6.702118313665377e-06,5.199554145827823,0.0851914462131264
NII_5755,5756.24,0.0,0.0,0.0,10000000000.0,0.26919227444665256,6.702118313665377e-06,5.199554145827823,0.0851914462131264
HeI_5876,5877.594,5.911358774253927,5.911358774253927,181.42665013097593,62.345598329737335,0.26919227444665256,6.702118313665377e-06,5.199554145827823,0.0851914462131264
HeII_4686,4687.02,7.201492735475767e-09,7.201492735475767e-09,2.210223998973613e-07,62.25695658516554,0.26919227444665256,6.702118313665377e-06,5.199554145827823,0.0851914462131264
NeIII_3869,3870.16,12.450196523852469,2.0310583798797026,382.11137828966537,62.64920836709688,0.26919227444665256,6.702118313665377e-06,5.199554145827823,0.0851914462131264
