line,wl,amp,amp_err,flux,flux_err,z,zerr,FWHM,FWHMerr
HI_6563,6564.61,0.4260635261966854,0.4260635261966854,5.5445859678856415,37.51253999062489,0.2701358203043051,3.4402897527175784e-05,2.20468783602876,0.43018051803772606
HI_4861,4862.683,0.0,0.0,0.0,10000000000.0,0.2701358203043051,3.4402897527175784e-05,2.20468783602876,0.43018051803772606
HI_4341,4341.684,0.0,0.0,0.0,10000000000.0,0.2701358203043051,3.4402897527175784e-05,2.20468783602876,0.43018051803772606
HI_4102,4102.892,0.3711701359641211,0.3711701359641211,4.8302297686351015,37.24996085473165,0.2701358203043051,3.4402897527175784e-05,2.20468783602876,0.43018051803772606
OIII_4363,4364.436,3.5437291242595848,3.5437291242595848,46.116387740937355,38.5401696958958,0.2701358203043051,3.4402897527175784e-05,2.20468783602876,0.43018051803772606
OIII_5007,5008.24,3.581743755049729,3.581743755049729,46.611091876573894,38.52643445536666,0.2701358203043051,3.4402897527175784e-05,2.20468783602876,0.43018051803772606
OIII_4959,4960.295,17.554780593179544,17.554780593179544,228.44947798071266,62.72073914254225,0.2701358203043051,3.4402897527175784e-05,2.20468783602876,0.43018051803772606
OII_3726,3727.092,6.268754829970931,6.268754829970931,81.5785626538866,41.1483965370926,0.2701358203043051,3.4402897527175784e-05,2.20468783602876,0.43018051803772606
OII_3729,3729.875,0.0,0.0,0.0,10000000000.0,0.2701358203043051,3.4402897527175784e-05,2.20468783602876,0.43018051803772606
OI_6300,6302.046,0.0,0.0,0.0,10000000000.0,0.2701358203043051,3.4402897527175784e-05,2.20468783602876,0.43018051803772606
SII_6717,6718.29,0.0,0.0,0.0,10000000000.0,0.2701358203043051,3.4402897527175784e-05,2.20468783602876,0.43018051803772606
SII_6731,6732.67,3.686083360813882,3.686083360813882,47.968917361376306,38.7980108754334,0.2701358203043051,3.4402897527175784e-05,2.20468783602876,0.43018051803772606
NII_6548,6549.85,0.0,0.0,0.0,10000000000.0,0.2701358203043051,3.4402897527175784e-05,2.20468783602876,0.43018051803772606
NII_6584,6585.28,0.0,0.0,0.0,10000000000.0,0.2701358203043051,3.4402897527175784e-05,2.20468783602876,0.43018051803772606
NII_5755,5756.24,2.5653344236349085,2.5653344236349085,33.384029314102705,37.91196644108873,0.2701358203043051,3.4402897527175784e-05,2.20468783602876,0.43018051803772606
HeI_5876,5877.594,0.0,0.0,0.0,10000000000.0,0.2701358203043051,3.4402897527175784e-05,2.20468783602876,0.43018051803772606
HeII_4686,4687.02,0.0,0.0,0.0,10000000000.0,0.2701358203043051,3.4402897527175784e-05,2.20468783602876,0.43018051803772606
NeIII_3869,3870.16,8.552028301890232,3.008631082318825,111.29198629814638,44.77170827601417,0.2701358203043051,3.4402897527175784e-05,2.20468783602876,0.43018051803772606
