line,wl,amp,amp_err,flux,flux_err,z,zerr,FWHM,FWHMerr
HI_6563,6564.61,1.2495179393908984,1.2495179393908984,18.40041038620539,37.167541941546524,0.26936273251070614,5.033422276747636e-05,2.4948093058591647,0.4162078553969403
HI_4861,4862.683,0.4054632189346421,0.4054632189346421,5.9708543508756,36.9768551985894,0.26936273251070614,5.033422276747636e-05,2.4948093058591647,0.4162078553969403
HI_4341,4341.684,2.2360906481306984,2.2360906481306984,32.92868736756014,37.454623936847355,0.26936273251070614,5.033422276747636e-05,2.4948093058591647,0.4162078553969403
HI_4102,4102.892,1.8088196263681766,1.8088196263681766,26.63669115148647,37.340840851672,0.26936273251070614,5.033422276747636e-05,2.4948093058591647,0.4162078553969403
OIII_4363,4364.436,0.0,0.0,0.0,10000000000.0,0.26936273251070614,5.033422276747636e-05,2.4948093058591647,0.4162078553969403
OIII_5007,5008.24,0.4851104438026823,0.4851104438026823,7.143739971396366,36.973522829020595,0.26936273251070614,5.033422276747636e-05,2.4948093058591647,0.4162078553969403
OIII_4959,4960.295,0.0,0.0,0.0,10000000000.0,0.26936273251070614,5.033422276747636e-05,2.4948093058591647,0.4162078553969403
OII_3726,3727.092,16.867164559302523,16.867164559302523,248.38598963542526,59.72438006314823,0.26936273251070614,5.033422276747636e-05,2.4948093058591647,0.4162078553969403
OII_3729,3729.875,4.888127205924661,4.888127205924661,71.98259726693799,41.3759252374762,0.26936273251070614,5.033422276747636e-05,2.4948093058591647,0.4162078553969403
OI_6300,6302.046,0.6746581670141722,0.6746581670141722,9.935021140646692,37.01555220134897,0.26936273251070614,5.033422276747636e-05,2.4948093058591647,0.4162078553969403
SII_6717,6718.29,1.318120815845191,1.318120815845191,19.41065685057266,37.18833178261034,0.26936273251070614,5.033422276747636e-05,2.4948093058591647,0.4162078553969403
SII_6731,6732.67,2.8522049575622077,2.8522049575622077,42.00159122989254,37.76890537846952,0.26936273251070614,5.033422276747636e-05,2.4948093058591647,0.4162078553969403
NII_6548,6549.85,1.1319044411917503,1.1319044411917503,16.668433144744974,37.13974043682352,0.26936273251070614,5.033422276747636e-05,2.4948093058591647,0.4162078553969403
NII_6584,6585.28,0.15278404134585344,0.15278404134585344,2.249898919096026,37.00901278954805,0.26936273251070614,5.033422276747636e-05,2.4948093058591647,0.4162078553969403
NII_5755,5756.24,0.0,0.0,0.0,10000000000.0,0.26936273251070614,5.033422276747636e-05,2.4948093058591647,0.4162078553969403
HeI_5876,5877.594,3.6363486874561204,3.6363486874561204,53.548897576571534,38.29773876884858,0.26936273251070614,5.033422276747636e-05,2.4948093058591647,0.4162078553969403
HeII_4686,4687.02,0.0,0.0,0.0,10000000000.0,0.26936273251070614,5.033422276747636e-05,2.4948093058591647,0.4162078553969403
NeIII_3869,3870.16,0.0,10000000000.0,0.0,10000000000.0,0.26936273251070614,5.033422276747636e-05,2.4948093058591647,0.4162078553969403
