line,wl,amp,amp_err,flux,flux_err,z,zerr,FWHM,FWHMerr
HI_6563,6564.61,0.0,0.0,0.0,10000000000.0,0.2701502717967727,3.332602100356717e-05,1.682342456726273,0.6364238717685632
HI_4861,4862.683,0.0,0.0,0.0,10000000000.0,0.2701502717967727,3.332602100356717e-05,1.682342456726273,0.6364238717685632
HI_4341,4341.684,1.2070210440735991,1.2070210440735991,11.986072640644196,38.39211286854855,0.2701502717967727,3.332602100356717e-05,1.682342456726273,0.6364238717685632
HI_4102,4102.892,2.198060875825263,2.198060875825263,21.82738855760424,38.90475717305537,0.2701502717967727,3.332602100356717e-05,1.682342456726273,0.6364238717685632
OIII_4363,4364.436,0.0,0.0,0.0,10000000000.0,0.2701502717967727,3.332602100356717e-05,1.682342456726273,0.6364238717685632
OIII_5007,5008.24,4.82955801664059,4.82955801664059,47.958926229069036,42.04892695503221,0.2701502717967727,3.332602100356717e-05,1.682342456726273,0.6364238717685632
OIII_4959,4960.295,10.491065132762174,10.491065132762174,104.17935078797969,62.816539706890474,0.2701502717967727,3.332602100356717e-05,1.682342456726273,0.6364238717685632
OII_3726,3727.092,0.0,0.0,0.0,10000000000.0,0.2701502717967727,3.332602100356717e-05,1.682342456726273,0.6364238717685632
OII_3729,3729.875,1.170210148209776,1.170210148209776,11.62052965864125,37.94050779268769,0.2701502717967727,3.332602100356717e-05,1.682342456726273,0.6364238717685632
OI_6300,6302.046,2.0742118869613932,2.0742118869613932,20.59753180880827,39.36552314604888,0.2701502717967727,3.332602100356717e-05,1.682342456726273,0.6364238717685632
SII_6717,6718.29,0.0,0.0,0.0,10000000000.0,0.2701502717967727,3.332602100356717e-05,1.682342456726273,0.6364238717685632
SII_6731,6732.67,0.0,0.0,0.0,10000000000.0,0.2701502717967727,3.332602100356717e-05,1.682342456726273,0.6364238717685632
NII_6548,6549.85,1.21450847325832,1.21450847325832,12.060425006363406,40.50603328393226,0.2701502717967727,3.332602100356717e-05,1.682342456726273,0.6364238717685632
NII_6584,6585.28,10.76834045568512,10.76834045568512,106.93277598991003,64.57747604671897,0.2701502717967727,3.332602100356717e-05,1.682342456726273,0.6364238717685632
NII_5755,5756.24,0.0,0.0,0.0,10000000000.0,0.2701502717967727,3.332602100356717e-05,1.682342456726273,0.6364238717685632
HeI_5876,5877.594,0.0,0.0,0.0,10000000000.0,0.2701502717967727,3.332602100356717e-05,1.682342456726273,0.6364238717685632
HeII_4686,4687.02,0.0,0.0,0.0,10000000000.0,0.2701502717967727,3.332602100356717e-05,1.682342456726273,0.6364238717685632
NeIII_3869,3870.16,0.0,10000000000.0,0.0,10000000000.0,0.2701502717967727,3.332602100356717e-05,1.682342456726273,0.6364238717685632
