line,wl,amp,amp_err,flux,flux_err,z,zerr,FWHM,FWHMerr
HI_6563,6564.61,18.04982478636589,18.04982478636589,544.4966443696651,64.49212897028171,0.2692232114444893,2.7690679912922873e-05,5.110631399973914,0.3438477610377007
HI_4861,4862.683,8.447569138882727,8.447569138882727,254.83200549829127,53.37453630742622,0.2692232114444893,2.7690679912922873e-05,5.110631399973914,0.3438477610377007
HI_4341,4341.684,5.744370019041071,5.744370019041071,173.28645770280158,51.490207526418644,0.2692232114444893,2.7690679912922873e-05,5.110631399973914,0.3438477610377007
HI_4102,4102.892,0.0,0.0,0.0,10000000000.0,0.2692232114444893,2.7690679912922873e-05,5.110631399973914,0.3438477610377007
OIII_4363,4364.436,0.5748255462189036,0.5748255462189036,17.340366719269948,49.82977005671553,0.2692232114444893,2.7690679912922873e-05,5.110631399973914,0.3438477610377007
OIII_5007,5008.24,22.365261366586765,22.365261366586765,674.6774502628764,71.11613681042039,0.2692232114444893,2.7690679912922873e-05,5.110631399973914,0.3438477610377007
OIII_4959,4960.295,7.172268349739625,7.172268349739625,216.36088411793725,52.40461299862512,0.2692232114444893,2.7690679912922873e-05,5.110631399973914,0.3438477610377007
OII_3726,3727.092,13.815212371586881,13.815212371586881,416.75400546078487,69.10286640588436,0.2692232114444893,2.7690679912922873e-05,5.110631399973914,0.3438477610377007
OII_3729,3729.875,12.349389263137141,12.349389263137141,372.53552837100864,68.34005702877347,0.2692232114444893,2.7690679912922873e-05,5.110631399973914,0.3438477610377007
OI_6300,6302.046,0.3576088259990229,0.3576088259990229,10.787739385732134,49.819299437371555,0.2692232114444893,2.7690679912922873e-05,5.110631399973914,0.3438477610377007
SII_6717,6718.29,0.5806034242789337,0.5806034242789337,17.514663990988613,49.83011191656344,0.2692232114444893,2.7690679912922873e-05,5.110631399973914,0.3438477610377007
SII_6731,6732.67,4.305251563710499,4.305251563710499,129.87356150838266,50.76182237310066,0.2692232114444893,2.7690679912922873e-05,5.110631399973914,0.3438477610377007
NII_6548,6549.85,0.0,0.0,0.0,10000000000.0,0.2692232114444893,2.7690679912922873e-05,5.110631399973914,0.3438477610377007
NII_6584,6585.28,6.378300205421965,6.378300205421965,192.4097934323408,51.87324386810274,0.2692232114444893,2.7690679912922873e-05,5.110631399973914,0.3438477610377007
NII_5755,5756.24,0.5979296366056133,0.5979296366056133,18.03733191619969,49.83117838065278,0.2692232114444893,2.7690679912922873e-05,5.110631399973914,0.3438477610377007
HeI_5876,5877.594,1.5633779490183315,1.5633779490183315,47.16134683839225,49.93888165673093,0.2692232114444893,2.7690679912922873e-05,5.110631399973914,0.3438477610377007
HeII_4686,4687.02,0.0,0.0,0.0,10000000000.0,0.2692232114444893,2.7690679912922873e-05,5.110631399973914,0.3438477610377007
NeIII_3869,3870.16,1.8548222125563143,1.6524482391491577,55.953145395743796,49.990218633834985,0.2692232114444893,2.7690679912922873e-05,5.110631399973914,0.3438477610377007
