line,wl,amp,amp_err,flux,flux_err,z,zerr,FWHM,FWHMerr
HI_6563,6564.61,47.77457453862348,47.77457453862348,1645.1022147643357,80.75267245363897,0.26922316017776454,1.3630057281686125e-05,5.833757883180374,0.17234068089044144
HI_4861,4862.683,23.327954717414286,23.327954717414286,803.2906696116047,65.36549102327717,0.26922316017776454,1.3630057281686125e-05,5.833757883180374,0.17234068089044144
HI_4341,4341.684,13.739928859229963,13.739928859229963,473.13006165548774,61.74900140448431,0.26922316017776454,1.3630057281686125e-05,5.833757883180374,0.17234068089044144
HI_4102,4102.892,8.116589700002123,8.116589700002123,279.4921738342626,60.44803983314306,0.26922316017776454,1.3630057281686125e-05,5.833757883180374,0.17234068089044144
OIII_4363,4364.436,0.0,0.0,0.0,10000000000.0,0.26922316017776454,1.3630057281686125e-05,5.833757883180374,0.17234068089044144
OIII_5007,5008.24,47.96538030988859,47.96538030988859,1651.6725505533918,80.89856286618573,0.26922316017776454,1.3630057281686125e-05,5.833757883180374,0.17234068089044144
OIII_4959,4960.295,17.461472358997298,17.461472358997298,601.2802233876338,62.953532994409564,0.26922316017776454,1.3630057281686125e-05,5.833757883180374,0.17234068089044144
OII_3726,3727.092,26.40637057253616,26.40637057253616,909.2949363190432,83.3076606108619,0.26922316017776454,1.3630057281686125e-05,5.833757883180374,0.17234068089044144
OII_3729,3729.875,23.093918645249005,23.093918645249005,795.2317122190573,82.66819383072398,0.26922316017776454,1.3630057281686125e-05,5.833757883180374,0.17234068089044144
OI_6300,6302.046,2.5953284099591656,2.5953284099591656,89.36930483416177,59.81190032752466,0.26922316017776454,1.3630057281686125e-05,5.833757883180374,0.17234068089044144
SII_6717,6718.29,11.03575321855135,11.03575321855135,380.01263719793167,61.043299941627204,0.26922316017776454,1.3630057281686125e-05,5.833757883180374,0.17234068089044144
SII_6731,6732.67,6.305909977672286,6.305909977672286,217.14199593732477,60.1680045668246,0.26922316017776454,1.3630057281686125e-05,5.833757883180374,0.17234068089044144
NII_6548,6549.85,2.2714207855973427,2.2714207855973427,78.2156492472157,59.79488475998291,0.26922316017776454,1.3630057281686125e-05,5.833757883180374,0.17234068089044144
NII_6584,6585.28,10.815326141816627,10.815326141816627,372.4223012162443,60.99222825401368,0.26922316017776454,1.3630057281686125e-05,5.833757883180374,0.17234068089044144
NII_5755,5756.24,0.0,0.0,0.0,10000000000.0,0.26922316017776454,1.3630057281686125e-05,5.833757883180374,0.17234068089044144
HeI_5876,5877.594,0.1315992511689501,0.1315992511689501,4.531578180447061,59.73921987411773,0.26922316017776454,1.3630057281686125e-05,5.833757883180374,0.17234068089044144
HeII_4686,4687.02,0.0,0.0,0.0,10000000000.0,0.26922316017776454,1.3630057281686125e-05,5.833757883180374,0.17234068089044144
NeIII_3869,3870.16,14.382423720898373,1.7478067473617316,495.25416700049504,61.93798609676511,0.26922316017776454,1.3630057281686125e-05,5.833757883180374,0.17234068089044144
