line,wl,amp,amp_err,flux,flux_err,z,zerr,FWHM,FWHMerr
HI_6563,6564.61,60.15616014364673,60.15616014364673,1778.0918329721658,70.2272781065326,0.2692293634053292,9.454303482701908e-06,5.007563003830282,0.11830364692608741
HI_4861,4862.683,26.01583394423892,26.01583394423892,768.974312086254,56.022857638035134,0.2692293634053292,9.454303482701908e-06,5.007563003830282,0.11830364692608741
HI_4341,4341.684,6.3178676210731055,6.3178676210731055,186.74311644899436,52.44360455682243,0.2692293634053292,9.454303482701908e-06,5.007563003830282,0.11830364692608741
HI_4102,4102.892,5.6209410882053135,5.6209410882053135,166.14340773562657,52.395232329856654,0.2692293634053292,9.454303482701908e-06,5.007563003830282,0.11830364692608741
OIII_4363,4364.436,1.7143590084097013,1.7143590084097013,50.67291104280181,52.22824941091779,0.2692293634053292,9.454303482701908e-06,5.007563003830282,0.11830364692608741
OIII_5007,5008.24,68.53564729321374,68.53564729321374,2025.772164122988,74.76048748865664,0.2692293634053292,9.454303482701908e-06,5.007563003830282,0.11830364692608741
OIII_4959,4960.295,21.49805537381519,21.49805537381519,635.4381096413994,54.8426496161162,0.2692293634053292,9.454303482701908e-06,5.007563003830282,0.11830364692608741
OII_3726,3727.092,32.913620392446774,32.913620392446774,972.8586311627566,70.2327475461055,0.2692293634053292,9.454303482701908e-06,5.007563003830282,0.11830364692608741
OII_3729,3729.875,46.434849030966234,46.434849030966234,1372.5182197483814,72.71343225616414,0.2692293634053292,9.454303482701908e-06,5.007563003830282,0.11830364692608741
OI_6300,6302.046,1.2939236806672625,1.2939236806672625,38.24571122209052,52.22088668606483,0.2692293634053292,9.454303482701908e-06,5.007563003830282,0.11830364692608741
SII_6717,6718.29,7.030036365838328,7.030036365838328,207.7933534611521,52.49882513623382,0.2692293634053292,9.454303482701908e-06,5.007563003830282,0.11830364692608741
SII_6731,6732.67,6.587765620486607,6.587765620486607,194.72074379998742,52.4638519825268,0.2692293634053292,9.454303482701908e-06,5.007563003830282,0.11830364692608741
NII_6548,6549.85,1.9596804533316572,1.9596804533316572,57.92410620929931,52.2335503935343,0.2692293634053292,9.454303482701908e-06,5.007563003830282,0.11830364692608741
NII_6584,6585.28,5.568427666827006,5.568427666827006,164.5912194734232,52.39180457091929,0.2692293634053292,9.454303482701908e-06,5.007563003830282,0.11830364692608741
NII_5755,5756.24,4.384898492245043,4.384898492245043,129.60854181608386,52.32323981795778,0.2692293634053292,9.454303482701908e-06,5.007563003830282,0.11830364692608741
HeI_5876,5877.594,0.1465751076655124,0.1465751076655124,4.33245741142254,52.211266546353784,0.2692293634053292,9.454303482701908e-06,5.007563003830282,0.11830364692608741
HeII_4686,4687.02,0.0,0.0,0.0,10000000000.0,0.2692293634053292,9.454303482701908e-06,5.007563003830282,0.11830364692608741
NeIII_3869,3870.16,7.322009942097338,1.7685159251556832,216.42348926353927,52.5231394712815,0.2692293634053292,9.454303482701908e-06,5.007563003830282,0.11830364692608741
