line,wl,amp,amp_err,flux,flux_err,z,zerr,FWHM,FWHMerr
HI_6563,6564.61,0.43809834043122464,0.43809834043122464,6.342528531896571,37.64196635546808,0.27017052136088926,2.7920272791401715e-05,2.452692840469632,0.3332876006712019
HI_4861,4862.683,0.0,0.0,0.0,10000000000.0,0.27017052136088926,2.7920272791401715e-05,2.452692840469632,0.3332876006712019
HI_4341,4341.684,5.38574750865223,5.38574750865223,77.97166546121665,39.39062842700387,0.27017052136088926,2.7920272791401715e-05,2.452692840469632,0.3332876006712019
HI_4102,4102.892,0.0,0.0,0.0,10000000000.0,0.27017052136088926,2.7920272791401715e-05,2.452692840469632,0.3332876006712019
OIII_4363,4364.436,0.0,0.0,0.0,10000000000.0,0.27017052136088926,2.7920272791401715e-05,2.452692840469632,0.3332876006712019
OIII_5007,5008.24,1.4725927646828723,1.4725927646828723,21.319326653171416,37.73561626318069,0.27017052136088926,2.7920272791401715e-05,2.452692840469632,0.3332876006712019
OIII_4959,4960.295,23.198420232659146,23.198420232659146,335.8530006658762,63.65777554981459,0.27017052136088926,2.7920272791401715e-05,2.452692840469632,0.3332876006712019
OII_3726,3727.092,13.063315074376419,13.063315074376419,189.12294554421857,47.551140777130804,0.27017052136088926,2.7920272791401715e-05,2.452692840469632,0.3332876006712019
OII_3729,3729.875,1.577332726181794,1.577332726181794,22.83568983679536,38.251405653983625,0.27017052136088926,2.7920272791401715e-05,2.452692840469632,0.3332876006712019
OI_6300,6302.046,0.0,0.0,0.0,10000000000.0,0.27017052136088926,2.7920272791401715e-05,2.452692840469632,0.3332876006712019
SII_6717,6718.29,0.0,0.0,0.0,10000000000.0,0.27017052136088926,2.7920272791401715e-05,2.452692840469632,0.3332876006712019
SII_6731,6732.67,1.8378558157683074,1.8378558157683074,26.607388965565985,37.86816549114021,0.27017052136088926,2.7920272791401715e-05,2.452692840469632,0.3332876006712019
NII_6548,6549.85,1.6448903992993564,1.6448903992993564,23.8137498515284,37.80358317982346,0.27017052136088926,2.7920272791401715e-05,2.452692840469632,0.3332876006712019
NII_6584,6585.28,2.995860500619983,2.995860500619983,43.37229555369004,38.20442833446259,0.27017052136088926,2.7920272791401715e-05,2.452692840469632,0.3332876006712019
NII_5755,5756.24,0.0,0.0,0.0,10000000000.0,0.27017052136088926,2.7920272791401715e-05,2.452692840469632,0.3332876006712019
HeI_5876,5877.594,2.9494352639288763,2.9494352639288763,42.70017844860454,38.20836368078658,0.27017052136088926,2.7920272791401715e-05,2.452692840469632,0.3332876006712019
HeII_4686,4687.02,0.0,0.0,0.0,10000000000.0,0.27017052136088926,2.7920272791401715e-05,2.452692840469632,0.3332876006712019
NeIII_3869,3870.16,4.739881784755312,2.6179474610601354,68.62120369603832,39.03130479174605,0.27017052136088926,2.7920272791401715e-05,2.452692840469632,0.3332876006712019
