line,wl,amp,amp_err,flux,flux_err,z,zerr,FWHM,FWHMerr
HI_6563,6564.61,11.510980385233779,11.510980385233779,238.55934561481382,56.215704909380484,0.2691657478840789,3.748055512366533e-05,3.5110455417563546,0.44357741306378606
HI_4861,4862.683,7.65078605952408,7.65078605952408,158.55873737221532,50.26401682717658,0.2691657478840789,3.748055512366533e-05,3.5110455417563546,0.44357741306378606
HI_4341,4341.684,3.078770093672574,3.078770093672574,63.8059795312623,45.891967397652934,0.2691657478840789,3.748055512366533e-05,3.5110455417563546,0.44357741306378606
HI_4102,4102.892,1.9995622957674186,1.9995622957674186,41.43993446520346,45.37748013756251,0.2691657478840789,3.748055512366533e-05,3.5110455417563546,0.44357741306378606
OIII_4363,4364.436,5.227555778315491,5.227555778315491,108.33849454210106,47.52946825703355,0.2691657478840789,3.748055512366533e-05,3.5110455417563546,0.44357741306378606
OIII_5007,5008.24,12.8475961850786,12.8475961850786,266.26004354654134,58.64547170959294,0.2691657478840789,3.748055512366533e-05,3.5110455417563546,0.44357741306378606
OIII_4959,4960.295,1.5380889530219974,1.5380889530219974,31.876128865703897,45.223002520092706,0.2691657478840789,3.748055512366533e-05,3.5110455417563546,0.44357741306378606
OII_3726,3727.092,2.3701609435983073,2.3701609435983073,49.12040719241644,51.068882193932204,0.2691657478840789,3.748055512366533e-05,3.5110455417563546,0.44357741306378606
OII_3729,3729.875,15.424668605905254,15.424668605905254,319.66858823514434,64.38662583166816,0.2691657478840789,3.748055512366533e-05,3.5110455417563546,0.44357741306378606
OI_6300,6302.046,0.8314502475519703,0.8314502475519703,17.231393011642652,45.064098067646775,0.2691657478840789,3.748055512366533e-05,3.5110455417563546,0.44357741306378606
SII_6717,6718.29,1.2613192979777068,1.2613192979777068,26.140215365399307,45.14958356751811,0.2691657478840789,3.748055512366533e-05,3.5110455417563546,0.44357741306378606
SII_6731,6732.67,2.762496302941713,2.762496302941713,57.251362458970384,45.71908594754892,0.2691657478840789,3.748055512366533e-05,3.5110455417563546,0.44357741306378606
NII_6548,6549.85,1.1318090182683136,1.1318090182683136,23.456179206542032,45.120181360176,0.2691657478840789,3.748055512366533e-05,3.5110455417563546,0.44357741306378606
NII_6584,6585.28,1.355709673053184,1.355709673053184,28.096408961144483,45.17303777499669,0.2691657478840789,3.748055512366533e-05,3.5110455417563546,0.44357741306378606
NII_5755,5756.24,2.174518621211405,2.174518621211405,45.06581732767713,45.44638756776501,0.2691657478840789,3.748055512366533e-05,3.5110455417563546,0.44357741306378606
HeI_5876,5877.594,0.0,0.0,0.0,10000000000.0,0.2691657478840789,3.748055512366533e-05,3.5110455417563546,0.44357741306378606
HeII_4686,4687.02,0.0,0.0,0.0,10000000000.0,0.2691657478840789,3.748055512366533e-05,3.5110455417563546,0.44357741306378606
NeIII_3869,3870.16,1.2698190294775031,2.1727459203143704,26.316368074954276,45.15165459270087,0.2691657478840789,3.748055512366533e-05,3.5110455417563546,0.44357741306378606
