line,wl,amp,amp_err,flux,flux_err,z,zerr,FWHM,FWHMerr
HI_6563,6564.61,0.0,0.0,0.0,10000000000.0,0.2699247781029383,1.735979170708213e-05,1.797936741217883,0.4239397996052093
HI_4861,4862.683,1.4933586901864828,1.4933586901864828,15.84842829130427,38.717251049174685,0.2699247781029383,1.735979170708213e-05,1.797936741217883,0.4239397996052093
HI_4341,4341.684,0.0,0.0,0.0,10000000000.0,0.2699247781029383,1.735979170708213e-05,1.797936741217883,0.4239397996052093
HI_4102,4102.892,0.0,0.0,0.0,10000000000.0,0.2699247781029383,1.735979170708213e-05,1.797936741217883,0.4239397996052093
OIII_4363,4364.436,3.648502361316332,3.648502361316332,38.72012023900002,38.68308038527287,0.2699247781029383,1.735979170708213e-05,1.797936741217883,0.4239397996052093
OIII_5007,5008.24,0.0,0.0,0.0,10000000000.0,0.2699247781029383,1.735979170708213e-05,1.797936741217883,0.4239397996052093
OIII_4959,4960.295,37.80145877629229,37.80145877629229,401.17201089039844,121.50321610823497,0.2699247781029383,1.735979170708213e-05,1.797936741217883,0.4239397996052093
OII_3726,3727.092,4.1693078941621025,4.1693078941621025,44.24722447407833,40.555183478158284,0.2699247781029383,1.735979170708213e-05,1.797936741217883,0.4239397996052093
OII_3729,3729.875,0.5301793495964375,0.5301793495964375,5.626584864591518,39.01214564629557,0.2699247781029383,1.735979170708213e-05,1.797936741217883,0.4239397996052093
OI_6300,6302.046,0.0,0.0,0.0,10000000000.0,0.2699247781029383,1.735979170708213e-05,1.797936741217883,0.4239397996052093
SII_6717,6718.29,0.8861295387141581,0.8861295387141581,9.404144190813364,39.08525585809402,0.2699247781029383,1.735979170708213e-05,1.797936741217883,0.4239397996052093
SII_6731,6732.67,1.574481967015231,1.574481967015231,16.70935771437241,37.58922747748882,0.2699247781029383,1.735979170708213e-05,1.797936741217883,0.4239397996052093
NII_6548,6549.85,5.271676080978864,5.271676080978864,55.94622436887178,41.83185803331603,0.2699247781029383,1.735979170708213e-05,1.797936741217883,0.4239397996052093
NII_6584,6585.28,0.0,0.0,0.0,10000000000.0,0.2699247781029383,1.735979170708213e-05,1.797936741217883,0.4239397996052093
NII_5755,5756.24,0.0,0.0,0.0,10000000000.0,0.2699247781029383,1.735979170708213e-05,1.797936741217883,0.4239397996052093
HeI_5876,5877.594,0.0,0.0,0.0,10000000000.0,0.2699247781029383,1.735979170708213e-05,1.797936741217883,0.4239397996052093
HeII_4686,4687.02,0.0,0.0,0.0,10000000000.0,0.2699247781029383,1.735979170708213e-05,1.797936741217883,0.4239397996052093
NeIII_3869,3870.16,0.0,10000000000.0,0.0,10000000000.0,0.2699247781029383,1.735979170708213e-05,1.797936741217883,0.4239397996052093
