line,wl,amp,amp_err,flux,flux_err,z,zerr,FWHM,FWHMerr
HI_6563,6564.61,0.974086235577829,0.974086235577829,3.703751852883434,17.542471058209635,0.2701977273464989,1.539542622722066e-05,0.6441645443453764,0.24494648792035856
HI_4861,4862.683,0.0,0.0,0.0,10000000000.0,0.2701977273464989,1.539542622722066e-05,0.6441645443453764,0.24494648792035856
HI_4341,4341.684,0.6203863583549492,0.6203863583549492,2.358884706853205,12.423383963586675,0.2701977273464989,1.539542622722066e-05,0.6441645443453764,0.24494648792035856
HI_4102,4102.892,0.0,0.0,0.0,10000000000.0,0.2701977273464989,1.539542622722066e-05,0.6441645443453764,0.24494648792035856
OIII_4363,4364.436,0.0,0.0,0.0,10000000000.0,0.2701977273464989,1.539542622722066e-05,0.6441645443453764,0.24494648792035856
OIII_5007,5008.24,0.0,0.0,0.0,10000000000.0,0.2701977273464989,1.539542622722066e-05,0.6441645443453764,0.24494648792035856
OIII_4959,4960.295,181.49321614877067,181.49321614877067,690.0886297793027,1328.654600026464,0.2701977273464989,1.539542622722066e-05,0.6441645443453764,0.24494648792035856
OII_3726,3727.092,36.25888178087666,36.25888178087666,137.86654166172468,224.74988087282713,0.2701977273464989,1.539542622722066e-05,0.6441645443453764,0.24494648792035856
OII_3729,3729.875,21.951538979160432,21.951538979160432,83.46597066888982,53.766060875466046,0.2701977273464989,1.539542622722066e-05,0.6441645443453764,0.24494648792035856
OI_6300,6302.046,0.0,0.0,0.0,10000000000.0,0.2701977273464989,1.539542622722066e-05,0.6441645443453764,0.24494648792035856
SII_6717,6718.29,3.9987341869391457,3.9987341869391457,15.204320329276285,13.643105185878566,0.2701977273464989,1.539542622722066e-05,0.6441645443453764,0.24494648792035856
SII_6731,6732.67,0.9801284240728592,0.9801284240728592,3.7267259654584506,68.51646617657504,0.2701977273464989,1.539542622722066e-05,0.6441645443453764,0.24494648792035856
NII_6548,6549.85,0.5395272590199056,0.5395272590199056,2.0514355015916195,17.32118505874969,0.2701977273464989,1.539542622722066e-05,0.6441645443453764,0.24494648792035856
NII_6584,6585.28,7.26652838786697,7.26652838786697,27.62939973648975,24.93635671704775,0.2701977273464989,1.539542622722066e-05,0.6441645443453764,0.24494648792035856
NII_5755,5756.24,0.0,0.0,0.0,10000000000.0,0.2701977273464989,1.539542622722066e-05,0.6441645443453764,0.24494648792035856
HeI_5876,5877.594,8.604171941017626,8.604171941017626,32.715499516495804,49.851732417575036,0.2701977273464989,1.539542622722066e-05,0.6441645443453764,0.24494648792035856
HeII_4686,4687.02,0.0,0.0,0.0,10000000000.0,0.2701977273464989,1.539542622722066e-05,0.6441645443453764,0.24494648792035856
NeIII_3869,3870.16,0.0,10000000000.0,0.0,10000000000.0,0.2701977273464989,1.539542622722066e-05,0.6441645443453764,0.24494648792035856
