line,wl,amp,amp_err,flux,flux_err,z,zerr,FWHM,FWHMerr
HI_6563,6564.61,58.342037915276705,58.342037915276705,1241.853372738033,61.172447717579956,0.26934972465473983,8.623077993827908e-06,3.6061274169604696,0.1080344500833066
HI_4861,4862.683,22.90598460963963,22.90598460963963,487.5708024576559,47.73481323924475,0.26934972465473983,8.623077993827908e-06,3.6061274169604696,0.1080344500833066
HI_4341,4341.684,9.61070981481953,9.61070981481953,204.5710575841057,45.37478789925608,0.26934972465473983,8.623077993827908e-06,3.6061274169604696,0.1080344500833066
HI_4102,4102.892,0.2907545548800954,0.2907545548800954,6.188925473277744,44.854986249995804,0.26934972465473983,8.623077993827908e-06,3.6061274169604696,0.1080344500833066
OIII_4363,4364.436,0.0,0.0,0.0,10000000000.0,0.26934972465473983,8.623077993827908e-06,3.6061274169604696,0.1080344500833066
OIII_5007,5008.24,59.81292543030759,59.81292543030759,1273.1623000009436,61.889850140770314,0.26934972465473983,8.623077993827908e-06,3.6061274169604696,0.1080344500833066
OIII_4959,4960.295,15.614813773185006,15.614813773185006,332.37284540978516,46.21534243896394,0.26934972465473983,8.623077993827908e-06,3.6061274169604696,0.1080344500833066
OII_3726,3727.092,29.709217183710052,29.709217183710052,632.3826331636649,54.16717878207332,0.26934972465473983,8.623077993827908e-06,3.6061274169604696,0.1080344500833066
OII_3729,3729.875,45.596363314772134,45.596363314772134,970.5522739755316,58.26373250157192,0.26934972465473983,8.623077993827908e-06,3.6061274169604696,0.1080344500833066
OI_6300,6302.046,2.336624432766598,2.336624432766598,49.73677705374565,44.88539285725606,0.26934972465473983,8.623077993827908e-06,3.6061274169604696,0.1080344500833066
SII_6717,6718.29,9.210299126225664,9.210299126225664,196.0480203046615,45.33259568622826,0.26934972465473983,8.623077993827908e-06,3.6061274169604696,0.1080344500833066
SII_6731,6732.67,6.843561180522784,6.843561180522784,145.67025488401617,45.11904148964806,0.26934972465473983,8.623077993827908e-06,3.6061274169604696,0.1080344500833066
NII_6548,6549.85,4.201419581162099,4.201419581162099,89.43031926191193,44.954374512000705,0.26934972465473983,8.623077993827908e-06,3.6061274169604696,0.1080344500833066
NII_6584,6585.28,6.007663281111832,6.007663281111832,127.87755063951268,45.05852498525058,0.26934972465473983,8.623077993827908e-06,3.6061274169604696,0.1080344500833066
NII_5755,5756.24,0.0,0.0,0.0,10000000000.0,0.26934972465473983,8.623077993827908e-06,3.6061274169604696,0.1080344500833066
HeI_5876,5877.594,0.3691189476552381,0.3691189476552381,7.8569694591889165,44.85524789125271,0.26934972465473983,8.623077993827908e-06,3.6061274169604696,0.1080344500833066
HeII_4686,4687.02,0.0,0.0,0.0,10000000000.0,0.26934972465473983,8.623077993827908e-06,3.6061274169604696,0.1080344500833066
NeIII_3869,3870.16,6.967056689932633,2.1098370567926352,148.29894802465233,45.128666296516975,0.26934972465473983,8.623077993827908e-06,3.6061274169604696,0.1080344500833066
