line,wl,amp,amp_err,flux,flux_err,z,zerr,FWHM,FWHMerr
HI_6563,6564.61,0.0,0.0,0.0,10000000000.0,0.2703691013035078,5.106543412599362e-05,3.0029148560821577,0.5563061268545246
HI_4861,4862.683,2.44245539517226,2.44245539517226,43.29296376766696,40.18456265043181,0.2703691013035078,5.106543412599362e-05,3.0029148560821577,0.5563061268545246
HI_4341,4341.684,0.0,0.0,0.0,10000000000.0,0.2703691013035078,5.106543412599362e-05,3.0029148560821577,0.5563061268545246
HI_4102,4102.892,4.866800609698657,4.866800609698657,86.264921306898,43.05265871398457,0.2703691013035078,5.106543412599362e-05,3.0029148560821577,0.5563061268545246
OIII_4363,4364.436,0.7123025402537451,0.7123025402537451,12.625691395542404,39.26106609386772,0.2703691013035078,5.106543412599362e-05,3.0029148560821577,0.5563061268545246
OIII_5007,5008.24,5.106552641464532,5.106552641464532,90.51456944580802,43.424183715747404,0.2703691013035078,5.106543412599362e-05,3.0029148560821577,0.5563061268545246
OIII_4959,4960.295,10.936143175254415,10.936143175254415,193.8451163448641,56.09100098904882,0.2703691013035078,5.106543412599362e-05,3.0029148560821577,0.5563061268545246
OII_3726,3727.092,8.634364182506033,8.634364182506033,153.0456672612895,50.765947099018305,0.2703691013035078,5.106543412599362e-05,3.0029148560821577,0.5563061268545246
OII_3729,3729.875,1.3984222410081202,1.3984222410081202,24.78728722396764,41.47778921738831,0.2703691013035078,5.106543412599362e-05,3.0029148560821577,0.5563061268545246
OI_6300,6302.046,0.0,0.0,0.0,10000000000.0,0.2703691013035078,5.106543412599362e-05,3.0029148560821577,0.5563061268545246
SII_6717,6718.29,0.0,0.0,0.0,10000000000.0,0.2703691013035078,5.106543412599362e-05,3.0029148560821577,0.5563061268545246
SII_6731,6732.67,0.0,0.0,0.0,10000000000.0,0.2703691013035078,5.106543412599362e-05,3.0029148560821577,0.5563061268545246
NII_6548,6549.85,2.740895958327087,2.740895958327087,48.58287674335625,40.445517107076526,0.2703691013035078,5.106543412599362e-05,3.0029148560821577,0.5563061268545246
NII_6584,6585.28,1.812801531021364,1.812801531021364,32.132235108819266,39.73479274065959,0.2703691013035078,5.106543412599362e-05,3.0029148560821577,0.5563061268545246
NII_5755,5756.24,0.41902354428520994,0.41902354428520994,7.4272681320592,39.20297820456408,0.2703691013035078,5.106543412599362e-05,3.0029148560821577,0.5563061268545246
HeI_5876,5877.594,0.7926720444884268,0.7926720444884268,14.050255398526799,39.28278583074547,0.2703691013035078,5.106543412599362e-05,3.0029148560821577,0.5563061268545246
HeII_4686,4687.02,0.0,0.0,0.0,10000000000.0,0.2703691013035078,5.106543412599362e-05,3.0029148560821577,0.5563061268545246
NeIII_3869,3870.16,4.397227871407836,2.2473122292053604,77.94165956574554,42.3702343915565,0.2703691013035078,5.106543412599362e-05,3.0029148560821577,0.5563061268545246
