line,wl,amp,amp_err,flux,flux_err,z,zerr,FWHM,FWHMerr
HI_6563,6564.61,302.54757955387663,302.54757955387663,8567.27765181565,103.76395330516739,0.2692678728567737,2.6986800687125514e-06,4.797351065642897,0.03364560010135126
HI_4861,4862.683,133.2618524559366,133.2618524559366,3773.592543919168,84.43744437841798,0.2692678728567737,2.6986800687125514e-06,4.797351065642897,0.03364560010135126
HI_4341,4341.684,60.39852244398617,60.39852244398617,1710.3125144813882,80.21223405074406,0.2692678728567737,2.6986800687125514e-06,4.797351065642897,0.03364560010135126
HI_4102,4102.892,36.760210026355026,36.760210026355026,1040.9434651542417,79.50329049496726,0.2692678728567737,2.6986800687125514e-06,4.797351065642897,0.03364560010135126
OIII_4363,4364.436,6.119750181692211,6.119750181692211,173.2937313318349,79.09484112932688,0.2692678728567737,2.6986800687125514e-06,4.797351065642897,0.03364560010135126
OIII_5007,5008.24,359.84517268491163,359.84517268491163,10189.780763088853,112.41937316496482,0.2692678728567737,2.6986800687125514e-06,4.797351065642897,0.03364560010135126
OIII_4959,4960.295,125.92280290384133,125.92280290384133,3565.7717598099466,83.88027278260353,0.2692678728567737,2.6986800687125514e-06,4.797351065642897,0.03364560010135126
OII_3726,3727.092,204.32790798584142,204.32790798584142,5785.978927052082,107.28388970892381,0.2692678728567737,2.6986800687125514e-06,4.797351065642897,0.03364560010135126
OII_3729,3729.875,247.331842349746,247.331842349746,7003.726715215824,109.74677968510065,0.2692678728567737,2.6986800687125514e-06,4.797351065642897,0.03364560010135126
OI_6300,6302.046,16.931406523724604,16.931406523724604,479.4487562531645,79.17247125659266,0.2692678728567737,2.6986800687125514e-06,4.797351065642897,0.03364560010135126
SII_6717,6718.29,54.20358461486899,54.20358461486899,1534.8896851332138,79.99373364768954,0.2692678728567737,2.6986800687125514e-06,4.797351065642897,0.03364560010135126
SII_6731,6732.67,42.8846777664412,42.8846777664412,1214.370784177174,79.65436741893883,0.2692678728567737,2.6986800687125514e-06,4.797351065642897,0.03364560010135126
NII_6548,6549.85,25.40191220744373,25.40191220744373,719.3091251601364,79.28404652604812,0.2692678728567737,2.6986800687125514e-06,4.797351065642897,0.03364560010135126
NII_6584,6585.28,85.69182568150995,85.69182568150995,2426.5461458558734,81.33985642503211,0.2692678728567737,2.6986800687125514e-06,4.797351065642897,0.03364560010135126
NII_5755,5756.24,6.42728999268104,6.42728999268104,182.00237462560483,79.09605291568538,0.2692678728567737,2.6986800687125514e-06,4.797351065642897,0.03364560010135126
HeI_5876,5877.594,15.706211908980094,15.706211908980094,444.7547671044054,79.16002164692293,0.2692678728567737,2.6986800687125514e-06,4.797351065642897,0.03364560010135126
HeII_4686,4687.02,0.0,0.0,0.0,10000000000.0,0.2692678728567737,2.6986800687125514e-06,4.797351065642897,0.03364560010135126
NeIII_3869,3870.16,30.55258918920572,2.794822907612308,865.1614894812753,79.3736115710564,0.2692678728567737,2.6986800687125514e-06,4.797351065642897,0.03364560010135126
