line,wl,amp,amp_err,flux,flux_err,z,zerr,FWHM,FWHMerr
HI_6563,6564.61,0.35020115930740303,0.35020115930740303,4.103300594421403,31.9559144521417,0.2701904500874858,1.342141202131971e-05,1.9850346657678053,0.22343711632285726
HI_4861,4862.683,3.335524174715488,3.335524174715488,39.082275900757395,32.64815339403518,0.2701904500874858,1.342141202131971e-05,1.9850346657678053,0.22343711632285726
HI_4341,4341.684,3.4161641441909296,3.4161641441909296,40.02713295187941,32.05553310872429,0.2701904500874858,1.342141202131971e-05,1.9850346657678053,0.22343711632285726
HI_4102,4102.892,0.5023421567771038,0.5023421567771038,5.885933886064224,32.13771675176012,0.2701904500874858,1.342141202131971e-05,1.9850346657678053,0.22343711632285726
OIII_4363,4364.436,0.0,0.0,0.0,10000000000.0,0.2701904500874858,1.342141202131971e-05,1.9850346657678053,0.22343711632285726
OIII_5007,5008.24,0.30317010529131494,0.30317010529131494,3.5522385925646884,32.0692283594466,0.2701904500874858,1.342141202131971e-05,1.9850346657678053,0.22343711632285726
OIII_4959,4960.295,42.27161799490568,42.27161799490568,495.29577682921234,72.58030891539738,0.2701904500874858,1.342141202131971e-05,1.9850346657678053,0.22343711632285726
OII_3726,3727.092,18.387740960709266,18.387740960709266,215.44882536472554,42.99590494125621,0.2701904500874858,1.342141202131971e-05,1.9850346657678053,0.22343711632285726
OII_3729,3729.875,4.322520081586049,4.322520081586049,50.64688893448658,32.815325555737914,0.2701904500874858,1.342141202131971e-05,1.9850346657678053,0.22343711632285726
OI_6300,6302.046,0.0,0.0,0.0,10000000000.0,0.2701904500874858,1.342141202131971e-05,1.9850346657678053,0.22343711632285726
SII_6717,6718.29,2.4507763467127006,2.4507763467127006,28.715701741674827,31.880623944001353,0.2701904500874858,1.342141202131971e-05,1.9850346657678053,0.22343711632285726
SII_6731,6732.67,0.0,0.0,0.0,10000000000.0,0.2701904500874858,1.342141202131971e-05,1.9850346657678053,0.22343711632285726
NII_6548,6549.85,0.0,0.0,0.0,10000000000.0,0.2701904500874858,1.342141202131971e-05,1.9850346657678053,0.22343711632285726
NII_6584,6585.28,1.4824254039669995,1.4824254039669995,17.369551412431857,32.01708090421091,0.2701904500874858,1.342141202131971e-05,1.9850346657678053,0.22343711632285726
NII_5755,5756.24,4.985452192229104,4.985452192229104,58.414452380143,33.10590177696389,0.2701904500874858,1.342141202131971e-05,1.9850346657678053,0.22343711632285726
HeI_5876,5877.594,0.0,0.0,0.0,10000000000.0,0.2701904500874858,1.342141202131971e-05,1.9850346657678053,0.22343711632285726
HeII_4686,4687.02,0.0,0.0,0.0,10000000000.0,0.2701904500874858,1.342141202131971e-05,1.9850346657678053,0.22343711632285726
NeIII_3869,3870.16,2.146934054369467,2.724139396634397,25.155587145686408,32.044039308551916,0.2701904500874858,1.342141202131971e-05,1.9850346657678053,0.22343711632285726
