line,wl,amp,amp_err,flux,flux_err,z,zerr,FWHM,FWHMerr
HI_6563,6564.61,268.1931679776401,268.1931679776401,8261.54880043673,112.07663893855985,0.2692852561880859,3.273853289036902e-06,5.218745327972382,0.04001129065882251
HI_4861,4862.683,132.05740400277864,132.05740400277864,4067.9585384475713,93.60634916043496,0.2692852561880859,3.273853289036902e-06,5.218745327972382,0.04001129065882251
HI_4341,4341.684,87.04994568962798,87.04994568962798,2681.527571389094,89.85871955660595,0.2692852561880859,3.273853289036902e-06,5.218745327972382,0.04001129065882251
HI_4102,4102.892,20.206075216246973,20.206075216246973,622.4374681991794,87.03289231201704,0.2692852561880859,3.273853289036902e-06,5.218745327972382,0.04001129065882251
OIII_4363,4364.436,5.98155051373044,5.98155051373044,184.2585023477609,86.88354149749206,0.2692852561880859,3.273853289036902e-06,5.218745327972382,0.04001129065882251
OIII_5007,5008.24,340.5506782305174,340.5506782305174,10490.483663095447,125.02884128458882,0.2692852561880859,3.273853289036902e-06,5.218745327972382,0.04001129065882251
OIII_4959,4960.295,103.65390916809406,103.65390916809406,3193.0038912088944,91.07885407381337,0.2692852561880859,3.273853289036902e-06,5.218745327972382,0.04001129065882251
OII_3726,3727.092,199.9322542843131,199.9322542843131,6158.807429758572,121.80854359982453,0.2692852561880859,3.273853289036902e-06,5.218745327972382,0.04001129065882251
OII_3729,3729.875,202.07567504364124,202.07567504364124,6224.834373459595,121.93229893189772,0.2692852561880859,3.273853289036902e-06,5.218745327972382,0.04001129065882251
OI_6300,6302.046,15.345331490449325,15.345331490449325,472.7048266113746,86.96362665132946,0.2692852561880859,3.273853289036902e-06,5.218745327972382,0.04001129065882251
SII_6717,6718.29,29.57391973637459,29.57391973637459,911.0089677699314,87.21945199744262,0.2692852561880859,3.273853289036902e-06,5.218745327972382,0.04001129065882251
SII_6731,6732.67,32.60640359144418,32.60640359144418,1004.4230302686548,87.29479839765465,0.2692852561880859,3.273853289036902e-06,5.218745327972382,0.04001129065882251
NII_6548,6549.85,23.796093660706447,23.796093660706447,733.0260890690544,87.09612193405796,0.2692852561880859,3.273853289036902e-06,5.218745327972382,0.04001129065882251
NII_6584,6585.28,64.74954605572793,64.74954605572793,1994.5755463469545,88.53566751192739,0.2692852561880859,3.273853289036902e-06,5.218745327972382,0.04001129065882251
NII_5755,5756.24,2.746714384742404,2.746714384742404,84.61108499342093,86.87220670741686,0.2692852561880859,3.273853289036902e-06,5.218745327972382,0.04001129065882251
HeI_5876,5877.594,13.600279048475386,13.600279048475386,418.94940839024025,86.94338838823808,0.2692852561880859,3.273853289036902e-06,5.218745327972382,0.04001129065882251
HeII_4686,4687.02,0.0,0.0,0.0,10000000000.0,0.2692852561880859,3.273853289036902e-06,5.218745327972382,0.04001129065882251
NeIII_3869,3870.16,43.96840985316112,2.8250513466638014,1354.4236283818334,87.64156750512198,0.2692852561880859,3.273853289036902e-06,5.218745327972382,0.04001129065882251
