line,wl,amp,amp_err,flux,flux_err,z,zerr,FWHM,FWHMerr
HI_6563,6564.61,4.650280004816068,4.650280004816068,38.32521517582234,35.22008919317905,0.27012642308635626,2.808176157143992e-05,1.3962328125672585,0.41179501069032914
HI_4861,4862.683,4.887158526720668,4.887158526720668,40.27744607656864,28.198111694941467,0.27012642308635626,2.808176157143992e-05,1.3962328125672585,0.41179501069032914
HI_4341,4341.684,0.0,0.0,0.0,10000000000.0,0.27012642308635626,2.808176157143992e-05,1.3962328125672585,0.41179501069032914
HI_4102,4102.892,0.0,0.0,0.0,10000000000.0,0.27012642308635626,2.808176157143992e-05,1.3962328125672585,0.41179501069032914
OIII_4363,4364.436,0.0,0.0,0.0,10000000000.0,0.27012642308635626,2.808176157143992e-05,1.3962328125672585,0.41179501069032914
OIII_5007,5008.24,3.5175067699367446,3.5175067699367446,28.989480999127416,26.220524875656793,0.27012642308635626,2.808176157143992e-05,1.3962328125672585,0.41179501069032914
OIII_4959,4960.295,20.648080311309513,20.648080311309513,170.17085424513004,71.70870178535068,0.27012642308635626,2.808176157143992e-05,1.3962328125672585,0.41179501069032914
OII_3726,3727.092,4.0144860757689,4.0144860757689,33.085328736085685,29.428085837115674,0.27012642308635626,2.808176157143992e-05,1.3962328125672585,0.41179501069032914
OII_3729,3729.875,0.0,0.0,0.0,10000000000.0,0.27012642308635626,2.808176157143992e-05,1.3962328125672585,0.41179501069032914
OI_6300,6302.046,0.0,0.0,0.0,10000000000.0,0.27012642308635626,2.808176157143992e-05,1.3962328125672585,0.41179501069032914
SII_6717,6718.29,0.0,0.0,0.0,10000000000.0,0.27012642308635626,2.808176157143992e-05,1.3962328125672585,0.41179501069032914
SII_6731,6732.67,0.0,0.0,0.0,10000000000.0,0.27012642308635626,2.808176157143992e-05,1.3962328125672585,0.41179501069032914
NII_6548,6549.85,0.0,0.0,0.0,10000000000.0,0.27012642308635626,2.808176157143992e-05,1.3962328125672585,0.41179501069032914
NII_6584,6585.28,2.755482816359745,2.755482816359745,22.70927164405128,32.34006308461779,0.27012642308635626,2.808176157143992e-05,1.3962328125672585,0.41179501069032914
NII_5755,5756.24,0.11749405052580641,0.11749405052580641,0.9683255123598904,24.90830541820262,0.27012642308635626,2.808176157143992e-05,1.3962328125672585,0.41179501069032914
HeI_5876,5877.594,4.484151432215185,4.484151432215185,36.95606895555449,33.59389509712062,0.27012642308635626,2.808176157143992e-05,1.3962328125672585,0.41179501069032914
HeII_4686,4687.02,0.0,0.0,0.0,10000000000.0,0.27012642308635626,2.808176157143992e-05,1.3962328125672585,0.41179501069032914
NeIII_3869,3870.16,5.888869317032686,3.924038837075568,48.533031018312286,35.366085184382115,0.27012642308635626,2.808176157143992e-05,1.3962328125672585,0.41179501069032914
