line,wl,amp,amp_err,flux,flux_err,z,zerr,FWHM,FWHMerr
HI_6563,6564.61,0.0,0.0,0.0,10000000000.0,0.2701988816395379,1.5739164749711397e-05,1.4073432258180107,0.41941236529989123
HI_4861,4862.683,0.0,0.0,0.0,10000000000.0,0.2701988816395379,1.5739164749711397e-05,1.4073432258180107,0.41941236529989123
HI_4341,4341.684,0.0,0.0,0.0,10000000000.0,0.2701988816395379,1.5739164749711397e-05,1.4073432258180107,0.41941236529989123
HI_4102,4102.892,0.0,0.0,0.0,10000000000.0,0.2701988816395379,1.5739164749711397e-05,1.4073432258180107,0.41941236529989123
OIII_4363,4364.436,0.42329558378776255,0.42329558378776255,3.51634454823078,27.565792472913,0.2701988816395379,1.5739164749711397e-05,1.4073432258180107,0.41941236529989123
OIII_5007,5008.24,0.0,0.0,0.0,10000000000.0,0.2701988816395379,1.5739164749711397e-05,1.4073432258180107,0.41941236529989123
OIII_4959,4960.295,47.12271975103749,47.12271975103749,391.45156491273076,173.00451645470002,0.2701988816395379,1.5739164749711397e-05,1.4073432258180107,0.41941236529989123
OII_3726,3727.092,1.0149226040936128,1.0149226040936128,8.431029527513669,33.514929122498344,0.2701988816395379,1.5739164749711397e-05,1.4073432258180107,0.41941236529989123
OII_3729,3729.875,0.0,0.0,0.0,10000000000.0,0.2701988816395379,1.5739164749711397e-05,1.4073432258180107,0.41941236529989123
OI_6300,6302.046,0.0,0.0,0.0,10000000000.0,0.2701988816395379,1.5739164749711397e-05,1.4073432258180107,0.41941236529989123
SII_6717,6718.29,0.18612291547742643,0.18612291547742643,1.5461354292512879,27.119618739083588,0.2701988816395379,1.5739164749711397e-05,1.4073432258180107,0.41941236529989123
SII_6731,6732.67,3.8854553190270735,3.8854553190270735,32.27673557611569,35.56848483137851,0.2701988816395379,1.5739164749711397e-05,1.4073432258180107,0.41941236529989123
NII_6548,6549.85,5.257636777828338,5.257636777828338,43.67553815435955,31.799393228003265,0.2701988816395379,1.5739164749711397e-05,1.4073432258180107,0.41941236529989123
NII_6584,6585.28,0.0,0.0,0.0,10000000000.0,0.2701988816395379,1.5739164749711397e-05,1.4073432258180107,0.41941236529989123
NII_5755,5756.24,0.0,0.0,0.0,10000000000.0,0.2701988816395379,1.5739164749711397e-05,1.4073432258180107,0.41941236529989123
HeI_5876,5877.594,0.0,0.0,0.0,10000000000.0,0.2701988816395379,1.5739164749711397e-05,1.4073432258180107,0.41941236529989123
HeII_4686,4687.02,0.0,0.0,0.0,10000000000.0,0.2701988816395379,1.5739164749711397e-05,1.4073432258180107,0.41941236529989123
NeIII_3869,3870.16,3.613276780010324,3.433869145922495,30.01573036256535,29.895047854917728,0.2701988816395379,1.5739164749711397e-05,1.4073432258180107,0.41941236529989123
