line,wl,amp,amp_err,flux,flux_err,z,zerr,FWHM,FWHMerr
HI_6563,6564.61,0.0,0.0,0.0,10000000000.0,0.27043739332427325,2.9440194677317045e-05,3.013871481933188,0.34950108766817206
HI_4861,4862.683,5.9892779356758865,5.9892779356758865,106.54838088234071,43.41794442340226,0.27043739332427325,2.9440194677317045e-05,3.013871481933188,0.34950108766817206
HI_4341,4341.684,3.397195660654347,3.397195660654347,60.43561528963957,41.89966910097076,0.27043739332427325,2.9440194677317045e-05,3.013871481933188,0.34950108766817206
HI_4102,4102.892,3.2059636634558046,3.2059636634558046,57.03362595248892,41.81890889569301,0.27043739332427325,2.9440194677317045e-05,3.013871481933188,0.34950108766817206
OIII_4363,4364.436,4.133725209257591,4.133725209257591,73.53836852942905,42.24900022251491,0.27043739332427325,2.9440194677317045e-05,3.013871481933188,0.34950108766817206
OIII_5007,5008.24,3.3473490752750195,3.3473490752750195,59.54885180634142,41.87918407244929,0.27043739332427325,2.9440194677317045e-05,3.013871481933188,0.34950108766817206
OIII_4959,4960.295,0.0,0.0,0.0,10000000000.0,0.27043739332427325,2.9440194677317045e-05,3.013871481933188,0.34950108766817206
OII_3726,3727.092,0.0,0.0,0.0,10000000000.0,0.27043739332427325,2.9440194677317045e-05,3.013871481933188,0.34950108766817206
OII_3729,3729.875,0.23363938058287204,0.23363938058287204,4.156410502036378,41.63636987045407,0.27043739332427325,2.9440194677317045e-05,3.013871481933188,0.34950108766817206
OI_6300,6302.046,0.0,0.0,0.0,10000000000.0,0.27043739332427325,2.9440194677317045e-05,3.013871481933188,0.34950108766817206
SII_6717,6718.29,0.0,0.0,0.0,10000000000.0,0.27043739332427325,2.9440194677317045e-05,3.013871481933188,0.34950108766817206
SII_6731,6732.67,3.4884831346673764,3.4884831346673764,62.059606137182264,41.93886592774895,0.27043739332427325,2.9440194677317045e-05,3.013871481933188,0.34950108766817206
NII_6548,6549.85,0.0,0.0,0.0,10000000000.0,0.27043739332427325,2.9440194677317045e-05,3.013871481933188,0.34950108766817206
NII_6584,6585.28,0.0,0.0,0.0,10000000000.0,0.27043739332427325,2.9440194677317045e-05,3.013871481933188,0.34950108766817206
NII_5755,5756.24,0.0,0.0,0.0,10000000000.0,0.27043739332427325,2.9440194677317045e-05,3.013871481933188,0.34950108766817206
HeI_5876,5877.594,0.0,0.0,0.0,10000000000.0,0.27043739332427325,2.9440194677317045e-05,3.013871481933188,0.34950108766817206
HeII_4686,4687.02,0.0,0.0,0.0,10000000000.0,0.27043739332427325,2.9440194677317045e-05,3.013871481933188,0.34950108766817206
NeIII_3869,3870.16,1.5944331318167997,2.3156652382132923,28.36473285173539,41.32645696797485,0.27043739332427325,2.9440194677317045e-05,3.013871481933188,0.34950108766817206
