line,wl,amp,amp_err,flux,flux_err,z,zerr,FWHM,FWHMerr
HI_6563,6564.61,183.98029206435262,183.98029206435262,4208.228388403336,69.82979529155882,0.26975178575264785,3.0907516260278443e-06,3.8750770267358887,0.04062334691195153
HI_4861,4862.683,54.620116323437514,54.620116323437514,1249.3399239185026,51.554789215801534,0.26975178575264785,3.0907516260278443e-06,3.8750770267358887,0.04062334691195153
HI_4341,4341.684,21.484953540532388,21.484953540532388,491.43085054550465,49.766026778072344,0.26975178575264785,3.0907516260278443e-06,3.8750770267358887,0.04062334691195153
HI_4102,4102.892,15.594963295344996,15.594963295344996,356.7075936189067,49.60806351959659,0.26975178575264785,3.0907516260278443e-06,3.8750770267358887,0.04062334691195153
OIII_4363,4364.436,2.7081703141162734,2.7081703141162734,61.94467390294705,49.43690206660176,0.26975178575264785,3.0907516260278443e-06,3.8750770267358887,0.04062334691195153
OIII_5007,5008.24,188.2647483681078,188.2647483681078,4306.227855868197,70.64566431808173,0.26975178575264785,3.0907516260278443e-06,3.8750770267358887,0.04062334691195153
OIII_4959,4960.295,69.65720056269197,69.65720056269197,1593.2870068610011,52.84131460428224,0.26975178575264785,3.0907516260278443e-06,3.8750770267358887,0.04062334691195153
OII_3726,3727.092,66.84117097303988,66.84117097303988,1528.8752400962617,56.6435996636967,0.26975178575264785,3.0907516260278443e-06,3.8750770267358887,0.04062334691195153
OII_3729,3729.875,83.20495191108239,83.20495191108239,1903.168196762496,57.76095941172944,0.26975178575264785,3.0907516260278443e-06,3.8750770267358887,0.04062334691195153
OI_6300,6302.046,2.7767073095490105,2.7767073095490105,63.512338170677594,49.43718811539663,0.26975178575264785,3.0907516260278443e-06,3.8750770267358887,0.04062334691195153
SII_6717,6718.29,25.393593944056875,25.393593944056875,580.8341845744487,49.898149019316676,0.26975178575264785,3.0907516260278443e-06,3.8750770267358887,0.04062334691195153
SII_6731,6732.67,15.485930348022066,15.485930348022066,354.2136550614271,49.605594718433466,0.26975178575264785,3.0907516260278443e-06,3.8750770267358887,0.04062334691195153
NII_6548,6549.85,0.009459479895781442,0.009459479895781442,0.2163691088338645,49.4315654263187,0.26975178575264785,3.0907516260278443e-06,3.8750770267358887,0.04062334691195153
NII_6584,6585.28,15.397050846676734,15.397050846676734,352.1806914406403,49.60360626987329,0.26975178575264785,3.0907516260278443e-06,3.8750770267358887,0.04062334691195153
NII_5755,5756.24,1.5323437140502847,1.5323437140502847,35.04969062665839,49.433271856248126,0.26975178575264785,3.0907516260278443e-06,3.8750770267358887,0.04062334691195153
HeI_5876,5877.594,6.347209247019691,6.347209247019691,145.18134437519876,49.460844290345115,0.26975178575264785,3.0907516260278443e-06,3.8750770267358887,0.04062334691195153
HeII_4686,4687.02,0.0,0.0,0.0,10000000000.0,0.26975178575264785,3.0907516260278443e-06,3.8750770267358887,0.04062334691195153
NeIII_3869,3870.16,16.584370900555427,2.162856114716882,379.33856743262544,49.63113535489629,0.26975178575264785,3.0907516260278443e-06,3.8750770267358887,0.04062334691195153
