line,wl,amp,amp_err,flux,flux_err,z,zerr,FWHM,FWHMerr
HI_6563,6564.61,236.8682891539038,236.8682891539038,5557.343435904023,75.8593728921403,0.2695503639459477,2.6243464944448447e-06,3.9747759642536717,0.03483437018148007
HI_4861,4862.683,68.53662298964059,68.53662298964059,1607.9887825044927,55.11608553582002,0.2695503639459477,2.6243464944448447e-06,3.9747759642536717,0.03483437018148007
HI_4341,4341.684,26.854409758702104,26.854409758702104,630.0513181003844,53.17570163511968,0.2695503639459477,2.6243464944448447e-06,3.9747759642536717,0.03483437018148007
HI_4102,4102.892,9.6033737630205,9.6033737630205,225.31190787542914,52.862262516915756,0.2695503639459477,2.6243464944448447e-06,3.9747759642536717,0.03483437018148007
OIII_4363,4364.436,2.628194959707116,2.628194959707116,61.662040367566284,52.81961280474344,0.2695503639459477,2.6243464944448447e-06,3.9747759642536717,0.03483437018148007
OIII_5007,5008.24,226.230788419889,226.230788419889,5307.769104575143,74.12360539274283,0.2695503639459477,2.6243464944448447e-06,3.9747759642536717,0.03483437018148007
OIII_4959,4960.295,91.5317212644461,91.5317212644461,2147.493918088203,56.85337535515558,0.2695503639459477,2.6243464944448447e-06,3.9747759642536717,0.03483437018148007
OII_3726,3727.092,81.7532511944139,81.7532511944139,1918.073945279733,60.76884711124426,0.2695503639459477,2.6243464944448447e-06,3.9747759642536717,0.03483437018148007
OII_3729,3729.875,102.95439385951772,102.95439385951772,2415.4897515256475,61.96549885724543,0.2695503639459477,2.6243464944448447e-06,3.9747759642536717,0.03483437018148007
OI_6300,6302.046,7.199997167156539,7.199997167156539,168.9244986669652,52.84208345276626,0.2695503639459477,2.6243464944448447e-06,3.9747759642536717,0.03483437018148007
SII_6717,6718.29,31.24565391161559,31.24565391161559,733.077569338217,53.30234748997061,0.2695503639459477,2.6243464944448447e-06,3.9747759642536717,0.03483437018148007
SII_6731,6732.67,24.612614543550308,24.612614543550308,577.4548900683058,53.118358052213864,0.2695503639459477,2.6243464944448447e-06,3.9747759642536717,0.03483437018148007
NII_6548,6549.85,6.58264718297869,6.58264718297869,154.4403906655051,52.83782854421378,0.2695503639459477,2.6243464944448447e-06,3.9747759642536717,0.03483437018148007
NII_6584,6585.28,19.78884210723686,19.78884210723686,464.2807704721476,53.01171190207884,0.2695503639459477,2.6243464944448447e-06,3.9747759642536717,0.03483437018148007
NII_5755,5756.24,0.0,0.0,0.0,10000000000.0,0.2695503639459477,2.6243464944448447e-06,3.9747759642536717,0.03483437018148007
HeI_5876,5877.594,3.778875963977953,3.778875963977953,88.65902484677213,52.82328750593617,0.2695503639459477,2.6243464944448447e-06,3.9747759642536717,0.03483437018148007
HeII_4686,4687.02,0.0,0.0,0.0,10000000000.0,0.2695503639459477,2.6243464944448447e-06,3.9747759642536717,0.03483437018148007
NeIII_3869,3870.16,21.264836587736,2.253087894409513,498.9101768267604,53.04189426654217,0.2695503639459477,2.6243464944448447e-06,3.9747759642536717,0.03483437018148007
