line,wl,amp,amp_err,flux,flux_err,z,zerr,FWHM,FWHMerr
HI_6563,6564.61,0.0,0.0,0.0,10000000000.0,0.27013994836922717,5.706744945808773e-05,0.45234928307835987,3.855261874572513
HI_4861,4862.683,0.0,0.0,0.0,10000000000.0,0.27013994836922717,5.706744945808773e-05,0.45234928307835987,3.855261874572513
HI_4341,4341.684,0.0,0.0,0.0,10000000000.0,0.27013994836922717,5.706744945808773e-05,0.45234928307835987,3.855261874572513
HI_4102,4102.892,3.836132240285565,3.836132240285565,10.242716076337137,104.05327717118554,0.27013994836922717,5.706744945808773e-05,0.45234928307835987,3.855261874572513
OIII_4363,4364.436,0.0,0.0,0.0,10000000000.0,0.27013994836922717,5.706744945808773e-05,0.45234928307835987,3.855261874572513
OIII_5007,5008.24,0.0,0.0,0.0,10000000000.0,0.27013994836922717,5.706744945808773e-05,0.45234928307835987,3.855261874572513
OIII_4959,4960.295,182.15530044600155,182.15530044600155,486.3661905798619,20430.19911215988,0.27013994836922717,5.706744945808773e-05,0.45234928307835987,3.855261874572513
OII_3726,3727.092,26.376127103468207,26.376127103468207,70.4259301275011,1930.137027032474,0.27013994836922717,5.706744945808773e-05,0.45234928307835987,3.855261874572513
OII_3729,3729.875,0.0,0.0,0.0,10000000000.0,0.27013994836922717,5.706744945808773e-05,0.45234928307835987,3.855261874572513
OI_6300,6302.046,0.7637462343240031,0.7637462343240031,2.0392508241504412,81.41755405235497,0.27013994836922717,5.706744945808773e-05,0.45234928307835987,3.855261874572513
SII_6717,6718.29,27.601907992211636,27.601907992211636,73.69884274593173,3260.2619495638,0.27013994836922717,5.706744945808773e-05,0.45234928307835987,3.855261874572513
SII_6731,6732.67,0.0,0.0,0.0,10000000000.0,0.27013994836922717,5.706744945808773e-05,0.45234928307835987,3.855261874572513
NII_6548,6549.85,327.0435500644278,327.0435500644278,873.2269948175513,79407.49816653278,0.27013994836922717,5.706744945808773e-05,0.45234928307835987,3.855261874572513
NII_6584,6585.28,0.0,0.0,0.0,10000000000.0,0.27013994836922717,5.706744945808773e-05,0.45234928307835987,3.855261874572513
NII_5755,5756.24,2.7144244301669005,2.7144244301669005,7.247685170207558,68.95677490611018,0.27013994836922717,5.706744945808773e-05,0.45234928307835987,3.855261874572513
HeI_5876,5877.594,1.9566260558766544,1.9566260558766544,5.224315509106655,548.1544561195445,0.27013994836922717,5.706744945808773e-05,0.45234928307835987,3.855261874572513
HeII_4686,4687.02,0.0,0.0,0.0,10000000000.0,0.27013994836922717,5.706744945808773e-05,0.45234928307835987,3.855261874572513
NeIII_3869,3870.16,0.0,10000000000.0,0.0,10000000000.0,0.27013994836922717,5.706744945808773e-05,0.45234928307835987,3.855261874572513
