line,wl,amp,amp_err,flux,flux_err,z,zerr,FWHM,FWHMerr
HI_6563,6564.61,134.3750620145222,134.3750620145222,3957.1063876596445,77.77268963718578,0.2692420664327617,4.629417703953683e-06,4.988975723309952,0.05722245272226978
HI_4861,4862.683,60.17402600867763,60.17402600867763,1772.017955715639,63.166460790534416,0.2692420664327617,4.629417703953683e-06,4.988975723309952,0.05722245272226978
HI_4341,4341.684,17.642124493409142,17.642124493409142,519.5291632104421,59.31303463212476,0.2692420664327617,4.629417703953683e-06,4.988975723309952,0.05722245272226978
HI_4102,4102.892,14.812082967220135,14.812082967220135,436.1894777603674,59.20251989305646,0.2692420664327617,4.629417703953683e-06,4.988975723309952,0.05722245272226978
OIII_4363,4364.436,0.0,0.0,0.0,10000000000.0,0.2692420664327617,4.629417703953683e-06,4.988975723309952,0.05722245272226978
OIII_5007,5008.24,161.0374197918386,161.0374197918386,4742.265364994913,84.68626060577799,0.2692420664327617,4.629417703953683e-06,4.988975723309952,0.05722245272226978
OIII_4959,4960.295,55.8817493164388,55.8817493164388,1645.6180474155015,62.60165132059234,0.2692420664327617,4.629417703953683e-06,4.988975723309952,0.05722245272226978
OII_3726,3727.092,77.20414782962598,77.20414782962598,2273.5247295916847,79.50865847882773,0.2692420664327617,4.629417703953683e-06,4.988975723309952,0.05722245272226978
OII_3729,3729.875,110.95618071670378,110.95618071670378,3267.4620192319294,82.52215441460523,0.2692420664327617,4.629417703953683e-06,4.988975723309952,0.05722245272226978
OI_6300,6302.046,7.513291658320782,7.513291658320782,221.2530656192591,59.00589089060487,0.2692420664327617,4.629417703953683e-06,4.988975723309952,0.05722245272226978
SII_6717,6718.29,21.818587143112495,21.818587143112495,642.518554107817,59.51080430008863,0.2692420664327617,4.629417703953683e-06,4.988975723309952,0.05722245272226978
SII_6731,6732.67,13.576452490682527,13.576452490682527,399.8023596583085,59.1602203783105,0.2692420664327617,4.629417703953683e-06,4.988975723309952,0.05722245272226978
NII_6548,6549.85,4.447546959332726,4.447546959332726,130.97234128375513,58.96159632733942,0.2692420664327617,4.629417703953683e-06,4.988975723309952,0.05722245272226978
NII_6584,6585.28,18.02522314705982,18.02522314705982,530.8107366418358,59.329428957899424,0.2692420664327617,4.629417703953683e-06,4.988975723309952,0.05722245272226978
NII_5755,5756.24,0.5854840216941284,0.5854840216941284,17.241462272725197,58.938085367781085,0.2692420664327617,4.629417703953683e-06,4.988975723309952,0.05722245272226978
HeI_5876,5877.594,3.2178825458908022,3.2178825458908022,94.76091312022491,58.9501855310731,0.2692420664327617,4.629417703953683e-06,4.988975723309952,0.05722245272226978
HeII_4686,4687.02,0.0,0.0,0.0,10000000000.0,0.2692420664327617,4.629417703953683e-06,4.988975723309952,0.05722245272226978
NeIII_3869,3870.16,20.44422479075638,2.004831142551787,602.046029206734,59.44117059403869,0.2692420664327617,4.629417703953683e-06,4.988975723309952,0.05722245272226978
