line,wl,amp,amp_err,flux,flux_err,z,zerr,FWHM,FWHMerr
HI_6563,6564.61,90.86397255849965,90.86397255849965,2836.39127872863,91.32148797807851,0.269288565173006,8.062844803121733e-06,5.288430033548913,0.09922262439596387
HI_4861,4862.683,39.96934802591454,39.96934802591454,1247.675035165173,74.05813485259958,0.269288565173006,8.062844803121733e-06,5.288430033548913,0.09922262439596387
HI_4341,4341.684,17.876262974267433,17.876262974267433,558.0217876103488,70.2613409581434,0.269288565173006,8.062844803121733e-06,5.288430033548913,0.09922262439596387
HI_4102,4102.892,8.818278225232007,8.818278225232007,275.26957876893914,69.51963528015378,0.269288565173006,8.062844803121733e-06,5.288430033548913,0.09922262439596387
OIII_4363,4364.436,0.0,0.0,0.0,10000000000.0,0.269288565173006,8.062844803121733e-06,5.288430033548913,0.09922262439596387
OIII_5007,5008.24,102.39196871867512,102.39196871867512,3196.2468611916065,96.40960183536298,0.269288565173006,8.062844803121733e-06,5.288430033548913,0.09922262439596387
OIII_4959,4960.295,44.345902746863885,44.345902746863885,1384.2926768095251,75.1187625085466,0.269288565173006,8.062844803121733e-06,5.288430033548913,0.09922262439596387
OII_3726,3727.092,63.16575198685791,63.16575198685791,1971.7692612934304,97.72726822848453,0.269288565173006,8.062844803121733e-06,5.288430033548913,0.09922262439596387
OII_3729,3729.875,67.56219975125236,67.56219975125236,2109.007880134204,98.35893487528644,0.269288565173006,8.062844803121733e-06,5.288430033548913,0.09922262439596387
OI_6300,6302.046,2.974621508041537,2.974621508041537,92.85517973028995,69.30678932293779,0.269288565173006,8.062844803121733e-06,5.288430033548913,0.09922262439596387
SII_6717,6718.29,16.315212751417675,16.315212751417675,509.2923614904664,70.09828620636937,0.269288565173006,8.062844803121733e-06,5.288430033548913,0.09922262439596387
SII_6731,6732.67,6.618823131963609,6.618823131963609,206.61183611427703,69.4148571937439,0.269288565173006,8.062844803121733e-06,5.288430033548913,0.09922262439596387
NII_6548,6549.85,9.999482299285432,9.999482299285432,312.1418047976531,69.58815075106479,0.269288565173006,8.062844803121733e-06,5.288430033548913,0.09922262439596387
NII_6584,6585.28,18.651415692271485,18.651415692271485,582.2187971304198,70.3476663732345,0.269288565173006,8.062844803121733e-06,5.288430033548913,0.09922262439596387
NII_5755,5756.24,0.5748747035597717,0.5748747035597717,17.945171772991284,69.28043860145718,0.269288565173006,8.062844803121733e-06,5.288430033548913,0.09922262439596387
HeI_5876,5877.594,3.165171062591412,3.165171062591412,98.80333585281615,69.3104169185342,0.269288565173006,8.062844803121733e-06,5.288430033548913,0.09922262439596387
HeII_4686,4687.02,0.0,0.0,0.0,10000000000.0,0.269288565173006,8.062844803121733e-06,5.288430033548913,0.09922262439596387
NeIII_3869,3870.16,21.277898928100058,2.2283281455449773,664.206563393169,70.66654620695166,0.269288565173006,8.062844803121733e-06,5.288430033548913,0.09922262439596387
