line,wl,amp,amp_err,flux,flux_err,z,zerr,FWHM,FWHMerr
HI_6563,6564.61,13.022386841669913,13.022386841669913,271.81617247056795,52.84829766163773,0.26930155979831133,3.137499938661539e-05,3.5362018110395743,0.369897414408011
HI_4861,4862.683,3.136681352026585,3.136681352026585,65.47192382885318,42.90769645540507,0.26930155979831133,3.137499938661539e-05,3.5362018110395743,0.369897414408011
HI_4341,4341.684,0.0,0.0,0.0,10000000000.0,0.26930155979831133,3.137499938661539e-05,3.5362018110395743,0.369897414408011
HI_4102,4102.892,0.0,0.0,0.0,10000000000.0,0.26930155979831133,3.137499938661539e-05,3.5362018110395743,0.369897414408011
OIII_4363,4364.436,0.6371697280087574,0.6371697280087574,13.299638444717253,42.24759129967577,0.26930155979831133,3.137499938661539e-05,3.5362018110395743,0.369897414408011
OIII_5007,5008.24,15.946128110394739,15.946128110394739,332.8433997078993,57.425327619264124,0.26930155979831133,3.137499938661539e-05,3.5362018110395743,0.369897414408011
OIII_4959,4960.295,5.951123614446146,5.951123614446146,124.21775381467093,44.64833588220098,0.26930155979831133,3.137499938661539e-05,3.5362018110395743,0.369897414408011
OII_3726,3727.092,7.7227862985926095,7.7227862985926095,161.1976543174478,51.936952567608195,0.26930155979831133,3.137499938661539e-05,3.5362018110395743,0.369897414408011
OII_3729,3729.875,16.418652559844304,16.418652559844304,342.7063986196774,60.387071008953754,0.26930155979831133,3.137499938661539e-05,3.5362018110395743,0.369897414408011
OI_6300,6302.046,0.0,0.0,0.0,10000000000.0,0.26930155979831133,3.137499938661539e-05,3.5362018110395743,0.369897414408011
SII_6717,6718.29,3.12774082368594,3.12774082368594,65.28530825499827,42.90376022052948,0.26930155979831133,3.137499938661539e-05,3.5362018110395743,0.369897414408011
SII_6731,6732.67,3.691124104770779,3.691124104770779,77.04480280544227,43.16986228397511,0.26930155979831133,3.137499938661539e-05,3.5362018110395743,0.369897414408011
NII_6548,6549.85,0.10730137849202492,0.10730137849202492,2.239700782746662,42.21978504822507,0.26930155979831133,3.137499938661539e-05,3.5362018110395743,0.369897414408011
NII_6584,6585.28,2.6220334012070907,2.6220334012070907,54.729681422572654,42.70137008617652,0.26930155979831133,3.137499938661539e-05,3.5362018110395743,0.369897414408011
NII_5755,5756.24,0.0,0.0,0.0,10000000000.0,0.26930155979831133,3.137499938661539e-05,3.5362018110395743,0.369897414408011
HeI_5876,5877.594,0.0,0.0,0.0,10000000000.0,0.26930155979831133,3.137499938661539e-05,3.5362018110395743,0.369897414408011
HeII_4686,4687.02,0.0,0.0,0.0,10000000000.0,0.26930155979831133,3.137499938661539e-05,3.5362018110395743,0.369897414408011
NeIII_3869,3870.16,3.1934826301477415,2.0295522428055652,66.65753643566997,42.93280790825528,0.26930155979831133,3.137499938661539e-05,3.5362018110395743,0.369897414408011
