line,wl,amp,amp_err,flux,flux_err,z,zerr,FWHM,FWHMerr
HI_6563,6564.61,0.0,0.0,0.0,10000000000.0,0.2702552515393843,2.1167667308636807e-05,2.527876243111092,0.24670706766290648
HI_4861,4862.683,2.813048042963601,2.813048042963601,41.974024918607995,36.55694002128313,0.2702552515393843,2.1167667308636807e-05,2.527876243111092,0.24670706766290648
HI_4341,4341.684,0.5944644692871179,0.5944644692871179,8.870117419252136,36.249467590356424,0.2702552515393843,2.1167667308636807e-05,2.527876243111092,0.24670706766290648
HI_4102,4102.892,0.16240650821521285,0.16240650821521285,2.4232984004026354,36.27426429565304,0.2702552515393843,2.1167667308636807e-05,2.527876243111092,0.24670706766290648
OIII_4363,4364.436,0.0,0.0,0.0,10000000000.0,0.2702552515393843,2.1167667308636807e-05,2.527876243111092,0.24670706766290648
OIII_5007,5008.24,4.925772212349784,4.925772212349784,73.49838411104305,37.15604307120945,0.2702552515393843,2.1167667308636807e-05,2.527876243111092,0.24670706766290648
OIII_4959,4960.295,32.686506781897606,32.686506781897606,487.7215849894292,64.32737324834368,0.2702552515393843,2.1167667308636807e-05,2.527876243111092,0.24670706766290648
OII_3726,3727.092,0.0,0.0,0.0,10000000000.0,0.2702552515393843,2.1167667308636807e-05,2.527876243111092,0.24670706766290648
OII_3729,3729.875,0.0,0.0,0.0,10000000000.0,0.2702552515393843,2.1167667308636807e-05,2.527876243111092,0.24670706766290648
OI_6300,6302.046,0.0,0.0,0.0,10000000000.0,0.2702552515393843,2.1167667308636807e-05,2.527876243111092,0.24670706766290648
SII_6717,6718.29,0.0,0.0,0.0,10000000000.0,0.2702552515393843,2.1167667308636807e-05,2.527876243111092,0.24670706766290648
SII_6731,6732.67,0.0,0.0,0.0,10000000000.0,0.2702552515393843,2.1167667308636807e-05,2.527876243111092,0.24670706766290648
NII_6548,6549.85,0.0,0.0,0.0,10000000000.0,0.2702552515393843,2.1167667308636807e-05,2.527876243111092,0.24670706766290648
NII_6584,6585.28,0.0,0.0,0.0,10000000000.0,0.2702552515393843,2.1167667308636807e-05,2.527876243111092,0.24670706766290648
NII_5755,5756.24,0.0,0.0,0.0,10000000000.0,0.2702552515393843,2.1167667308636807e-05,2.527876243111092,0.24670706766290648
HeI_5876,5877.594,1.752782958862781,1.752782958862781,26.153607925838678,36.334809775159556,0.2702552515393843,2.1167667308636807e-05,2.527876243111092,0.24670706766290648
HeII_4686,4687.02,0.0,0.0,0.0,10000000000.0,0.2702552515393843,2.1167667308636807e-05,2.527876243111092,0.24670706766290648
NeIII_3869,3870.16,0.0,10000000000.0,0.0,10000000000.0,0.2702552515393843,2.1167667308636807e-05,2.527876243111092,0.24670706766290648
