line,wl,amp,amp_err,flux,flux_err,z,zerr,FWHM,FWHMerr
HI_6563,6564.61,285.0634523351175,285.0634523351175,8234.806504308577,91.24859825216387,0.2692032495275902,2.6150636577886583e-06,4.894002650378015,0.03378039618466951
HI_4861,4862.683,107.09057781238039,107.09057781238039,3093.5926001584967,69.6977973337655,0.2692032495275902,2.6150636577886583e-06,4.894002650378015,0.03378039618466951
HI_4341,4341.684,50.30131523063915,50.30131523063915,1453.0856005686373,66.43476780644428,0.2692032495275902,2.6150636577886583e-06,4.894002650378015,0.03378039618466951
HI_4102,4102.892,26.648016477814508,26.648016477814508,769.797943653809,65.75046769037925,0.2692032495275902,2.6150636577886583e-06,4.894002650378015,0.03378039618466951
OIII_4363,4364.436,1.858765105374232,1.858765105374232,53.695311883486575,65.4828531238215,0.2692032495275902,2.6150636577886583e-06,4.894002650378015,0.03378039618466951
OIII_5007,5008.24,288.8611691527101,288.8611691527101,8344.513528814367,91.84021266429352,0.2692032495275902,2.6150636577886583e-06,4.894002650378015,0.03378039618466951
OIII_4959,4960.295,105.25802186453916,105.25802186453916,3040.654408625435,69.5589127219353,0.2692032495275902,2.6150636577886583e-06,4.894002650378015,0.03378039618466951
OII_3726,3727.092,133.68354687640863,133.68354687640863,3861.8003546899217,84.64409086365599,0.2692032495275902,2.6150636577886583e-06,4.894002650378015,0.03378039618466951
OII_3729,3729.875,171.28094240932433,171.28094240932433,4947.899869528974,86.55517299322472,0.2692032495275902,2.6150636577886583e-06,4.894002650378015,0.03378039618466951
OI_6300,6302.046,8.37201637791145,8.37201637791145,241.84768113295618,65.5081282684852,0.2692032495275902,2.6150636577886583e-06,4.894002650378015,0.03378039618466951
SII_6717,6718.29,35.190564575043936,35.190564575043936,1016.5718813795596,65.94979474552319,0.2692032495275902,2.6150636577886583e-06,4.894002650378015,0.03378039618466951
SII_6731,6732.67,24.801614469548667,24.801614469548667,716.4597723004312,65.71454123004469,0.2692032495275902,2.6150636577886583e-06,4.894002650378015,0.03378039618466951
NII_6548,6549.85,10.305835128497051,10.305835128497051,297.71111467741275,65.52183299280529,0.2692032495275902,2.6150636577886583e-06,4.894002650378015,0.03378039618466951
NII_6584,6585.28,47.08405806284077,47.08405806284077,1360.1466775520382,66.31746297132197,0.2692032495275902,2.6150636577886583e-06,4.894002650378015,0.03378039618466951
NII_5755,5756.24,1.126500624639334,1.126500624639334,32.541929156117476,65.48202043525319,0.2692032495275902,2.6150636577886583e-06,4.894002650378015,0.03378039618466951
HeI_5876,5877.594,12.893597953555059,12.893597953555059,372.4654403155662,65.5445936781923,0.2692032495275902,2.6150636577886583e-06,4.894002650378015,0.03378039618466951
HeII_4686,4687.02,0.0,0.0,0.0,10000000000.0,0.2692032495275902,2.6150636577886583e-06,4.894002650378015,0.03378039618466951
NeIII_3869,3870.16,21.70391361764871,2.268005179657985,626.9745474683123,65.66005792543275,0.2692032495275902,2.6150636577886583e-06,4.894002650378015,0.03378039618466951
