line,wl,amp,amp_err,flux,flux_err,z,zerr,FWHM,FWHMerr
HI_6563,6564.61,296.81482550493547,296.81482550493547,8480.6892449408,128.13691228921928,0.2692797451766532,3.3256723398188995e-06,4.840585572218485,0.040942171418859793
HI_4861,4862.683,156.67122117268605,156.67122117268605,4476.460830858486,108.53307542338705,0.2692797451766532,3.3256723398188995e-06,4.840585572218485,0.040942171418859793
HI_4341,4341.684,44.39320029082751,44.39320029082751,1268.4168845489944,100.65462274577504,0.2692797451766532,3.3256723398188995e-06,4.840585572218485,0.040942171418859793
HI_4102,4102.892,49.81227742150395,49.81227742150395,1423.2525099644376,100.83958426768842,0.2692797451766532,3.3256723398188995e-06,4.840585572218485,0.040942171418859793
OIII_4363,4364.436,0.0,0.0,0.0,10000000000.0,0.2692797451766532,3.3256723398188995e-06,4.840585572218485,0.040942171418859793
OIII_5007,5008.24,394.42202576192494,394.42202576192494,11269.553756812931,146.09801812453233,0.2692797451766532,3.3256723398188995e-06,4.840585572218485,0.040942171418859793
OIII_4959,4960.295,146.5095205941493,146.5095205941493,4186.117433556479,107.4919313881673,0.2692797451766532,3.3256723398188995e-06,4.840585572218485,0.040942171418859793
OII_3726,3727.092,220.8698862136448,220.8698862136448,6310.765863385787,134.99177028669925,0.2692797451766532,3.3256723398188995e-06,4.840585572218485,0.040942171418859793
OII_3729,3729.875,219.31703916565016,219.31703916565016,6266.397415022188,134.87895054150158,0.2692797451766532,3.3256723398188995e-06,4.840585572218485,0.040942171418859793
OI_6300,6302.046,10.42908972326802,10.42908972326802,297.9833264735998,99.97709893803622,0.2692797451766532,3.3256723398188995e-06,4.840585572218485,0.040942171418859793
SII_6717,6718.29,41.12473059774561,41.12473059774561,1175.0291107867513,100.55320654851708,0.2692797451766532,3.3256723398188995e-06,4.840585572218485,0.040942171418859793
SII_6731,6732.67,30.136647309184355,30.136647309184355,861.0740392727588,100.2685582093386,0.2692797451766532,3.3256723398188995e-06,4.840585572218485,0.040942171418859793
NII_6548,6549.85,9.937820419624131,9.937820419624131,283.9466209529282,99.9734453729814,0.2692797451766532,3.3256723398188995e-06,4.840585572218485,0.040942171418859793
NII_6584,6585.28,53.64687963846586,53.64687963846586,1532.816005402014,100.98309096979811,0.2692797451766532,3.3256723398188995e-06,4.840585572218485,0.040942171418859793
NII_5755,5756.24,2.732641683746124,2.732641683746124,78.07792248314537,99.94010537476328,0.2692797451766532,3.3256723398188995e-06,4.840585572218485,0.040942171418859793
HeI_5876,5877.594,11.387701816083904,11.387701816083904,325.373101400724,99.98473197230703,0.2692797451766532,3.3256723398188995e-06,4.840585572218485,0.040942171418859793
HeII_4686,4687.02,0.0,0.0,0.0,10000000000.0,0.2692797451766532,3.3256723398188995e-06,4.840585572218485,0.040942171418859793
NeIII_3869,3870.16,36.58165701476673,3.5011184399013513,1045.2229422148143,100.42497352142148,0.2692797451766532,3.3256723398188995e-06,4.840585572218485,0.040942171418859793
