line,wl,amp,amp_err,flux,flux_err,z,zerr,FWHM,FWHMerr
HI_6563,6564.61,1.3122231126292263,1.3122231126292263,4.983790201698467,15.600728064364866,0.27021252090719067,5.6346962534194205e-06,0.6434345999188035,0.15623516623561925
HI_4861,4862.683,0.0,0.0,0.0,10000000000.0,0.27021252090719067,5.6346962534194205e-06,0.6434345999188035,0.15623516623561925
HI_4341,4341.684,2.7509814169931133,2.7509814169931133,10.448157862114066,14.200431872255015,0.27021252090719067,5.6346962534194205e-06,0.6434345999188035,0.15623516623561925
HI_4102,4102.892,0.0,0.0,0.0,10000000000.0,0.27021252090719067,5.6346962534194205e-06,0.6434345999188035,0.15623516623561925
OIII_4363,4364.436,0.0,0.0,0.0,10000000000.0,0.27021252090719067,5.6346962534194205e-06,0.6434345999188035,0.15623516623561925
OIII_5007,5008.24,45.33496911944712,45.33496911944712,172.18106640348694,134.86161624332317,0.27021252090719067,5.6346962534194205e-06,0.6434345999188035,0.15623516623561925
OIII_4959,4960.295,162.94880438532846,162.94880438532846,618.8754388321331,452.59018531817105,0.27021252090719067,5.6346962534194205e-06,0.6434345999188035,0.15623516623561925
OII_3726,3727.092,178.56650029338493,178.56650029338493,678.1910529914691,879.5370671745144,0.27021252090719067,5.6346962534194205e-06,0.6434345999188035,0.15623516623561925
OII_3729,3729.875,47.639412795574344,47.639412795574344,180.9332852166713,114.91425422023062,0.27021252090719067,5.6346962534194205e-06,0.6434345999188035,0.15623516623561925
OI_6300,6302.046,0.0,0.0,0.0,10000000000.0,0.27021252090719067,5.6346962534194205e-06,0.6434345999188035,0.15623516623561925
SII_6717,6718.29,1.0385071822533973,1.0385071822533973,3.9442240191438995,14.459135256869315,0.27021252090719067,5.6346962534194205e-06,0.6434345999188035,0.15623516623561925
SII_6731,6732.67,0.0,0.0,0.0,10000000000.0,0.27021252090719067,5.6346962534194205e-06,0.6434345999188035,0.15623516623561925
NII_6548,6549.85,1.021784776442587,1.021784776442587,3.88071274470692,15.53525552264445,0.27021252090719067,5.6346962534194205e-06,0.6434345999188035,0.15623516623561925
NII_6584,6585.28,1.1899103874586672,1.1899103874586672,4.519249564225097,15.451474788525433,0.27021252090719067,5.6346962534194205e-06,0.6434345999188035,0.15623516623561925
NII_5755,5756.24,0.0,0.0,0.0,10000000000.0,0.27021252090719067,5.6346962534194205e-06,0.6434345999188035,0.15623516623561925
HeI_5876,5877.594,1.3856293393478154,1.3856293393478154,5.2625851946709234,24.11881846065549,0.27021252090719067,5.6346962534194205e-06,0.6434345999188035,0.15623516623561925
HeII_4686,4687.02,0.0,0.0,0.0,10000000000.0,0.27021252090719067,5.6346962534194205e-06,0.6434345999188035,0.15623516623561925
NeIII_3869,3870.16,0.0,10000000000.0,0.0,10000000000.0,0.27021252090719067,5.6346962534194205e-06,0.6434345999188035,0.15623516623561925
