line,wl,amp,amp_err,flux,flux_err,z,zerr,FWHM,FWHMerr
HI_6563,6564.61,0.0,0.0,0.0,10000000000.0,0.2703548486113957,1.9710418327367737e-05,1.131574843955962,0.21857151336032143
HI_4861,4862.683,1.901151007246881,1.901151007246881,12.698357691649749,21.347504467627214,0.2703548486113957,1.9710418327367737e-05,1.131574843955962,0.21857151336032143
HI_4341,4341.684,0.0,0.0,0.0,10000000000.0,0.2703548486113957,1.9710418327367737e-05,1.131574843955962,0.21857151336032143
HI_4102,4102.892,0.0,0.0,0.0,10000000000.0,0.2703548486113957,1.9710418327367737e-05,1.131574843955962,0.21857151336032143
OIII_4363,4364.436,0.0,0.0,0.0,10000000000.0,0.2703548486113957,1.9710418327367737e-05,1.131574843955962,0.21857151336032143
OIII_5007,5008.24,0.0,0.0,0.0,10000000000.0,0.2703548486113957,1.9710418327367737e-05,1.131574843955962,0.21857151336032143
OIII_4959,4960.295,29.598625323900478,29.598625323900478,197.69809452869137,51.909642350375655,0.2703548486113957,1.9710418327367737e-05,1.131574843955962,0.21857151336032143
OII_3726,3727.092,6.244504374679991,6.244504374679991,41.70891731088094,23.14694891691085,0.2703548486113957,1.9710418327367737e-05,1.131574843955962,0.21857151336032143
OII_3729,3729.875,0.0,0.0,0.0,10000000000.0,0.2703548486113957,1.9710418327367737e-05,1.131574843955962,0.21857151336032143
OI_6300,6302.046,2.8386700558626217,2.8386700558626217,18.960328559128495,24.38587574755135,0.2703548486113957,1.9710418327367737e-05,1.131574843955962,0.21857151336032143
SII_6717,6718.29,0.0,0.0,0.0,10000000000.0,0.2703548486113957,1.9710418327367737e-05,1.131574843955962,0.21857151336032143
SII_6731,6732.67,0.0,0.0,0.0,10000000000.0,0.2703548486113957,1.9710418327367737e-05,1.131574843955962,0.21857151336032143
NII_6548,6549.85,1.3474402609402887,1.3474402609402887,8.999957571138767,30.661353265631536,0.2703548486113957,1.9710418327367737e-05,1.131574843955962,0.21857151336032143
NII_6584,6585.28,12.68387409650984,12.68387409650984,84.71939871129717,39.864865557936746,0.2703548486113957,1.9710418327367737e-05,1.131574843955962,0.21857151336032143
NII_5755,5756.24,1.4356537749437166,1.4356537749437166,9.589162084500929,22.139527122376077,0.2703548486113957,1.9710418327367737e-05,1.131574843955962,0.21857151336032143
HeI_5876,5877.594,0.0,0.0,0.0,10000000000.0,0.2703548486113957,1.9710418327367737e-05,1.131574843955962,0.21857151336032143
HeII_4686,4687.02,0.0,0.0,0.0,10000000000.0,0.2703548486113957,1.9710418327367737e-05,1.131574843955962,0.21857151336032143
NeIII_3869,3870.16,0.0,10000000000.0,0.0,10000000000.0,0.2703548486113957,1.9710418327367737e-05,1.131574843955962,0.21857151336032143
