line,wl,amp,amp_err,flux,flux_err,z,zerr,FWHM,FWHMerr
HI_6563,6564.61,43.69742095833499,43.69742095833499,1346.0512909087165,76.4154209149672,0.26921192433031743,1.4353957178139539e-05,5.21864969080939,0.17533161204099718
HI_4861,4862.683,17.65893928278149,17.65893928278149,543.9643232109956,60.82936458929446,0.26921192433031743,1.4353957178139539e-05,5.21864969080939,0.17533161204099718
HI_4341,4341.684,12.995615664522802,12.995615664522802,400.31573620932033,59.23520837745398,0.26921192433031743,1.4353957178139539e-05,5.21864969080939,0.17533161204099718
HI_4102,4102.892,5.074964371133888,5.074964371133888,156.3287304665864,57.59484204482477,0.26921192433031743,1.4353957178139539e-05,5.21864969080939,0.17533161204099718
OIII_4363,4364.436,0.0,0.0,0.0,10000000000.0,0.26921192433031743,1.4353957178139539e-05,5.21864969080939,0.17533161204099718
OIII_5007,5008.24,48.892891699877055,48.892891699877055,1506.0920884010736,80.51985145653903,0.26921192433031743,1.4353957178139539e-05,5.21864969080939,0.17533161204099718
OIII_4959,4960.295,12.813302359869795,12.813302359869795,394.6997741297276,59.18196605165492,0.26921192433031743,1.4353957178139539e-05,5.21864969080939,0.17533161204099718
OII_3726,3727.092,24.867784212144215,24.867784212144215,766.0249119212908,80.4150704250682,0.26921192433031743,1.4353957178139539e-05,5.21864969080939,0.17533161204099718
OII_3729,3729.875,39.59465739255256,39.59465739255256,1219.6701436258975,84.28765583341134,0.26921192433031743,1.4353957178139539e-05,5.21864969080939,0.17533161204099718
OI_6300,6302.046,1.495442323349721,1.495442323349721,46.06546623755531,57.320840001257,0.26921192433031743,1.4353957178139539e-05,5.21864969080939,0.17533161204099718
SII_6717,6718.29,2.993141232707444,2.993141232707444,92.20044414061633,57.39926857110528,0.26921192433031743,1.4353957178139539e-05,5.21864969080939,0.17533161204099718
SII_6731,6732.67,6.03073161747875,6.03073161747875,185.77009582719762,57.718085890140685,0.26921192433031743,1.4353957178139539e-05,5.21864969080939,0.17533161204099718
NII_6548,6549.85,0.0,0.0,0.0,10000000000.0,0.26921192433031743,1.4353957178139539e-05,5.21864969080939,0.17533161204099718
NII_6584,6585.28,5.8579046093751685,5.8579046093751685,180.446348744194,57.694249084283676,0.26921192433031743,1.4353957178139539e-05,5.21864969080939,0.17533161204099718
NII_5755,5756.24,0.347750639903893,0.347750639903893,10.712078367354593,57.29610892977654,0.26921192433031743,1.4353957178139539e-05,5.21864969080939,0.17533161204099718
HeI_5876,5877.594,0.0,0.0,0.0,10000000000.0,0.26921192433031743,1.4353957178139539e-05,5.21864969080939,0.17533161204099718
HeII_4686,4687.02,0.0,0.0,0.0,10000000000.0,0.26921192433031743,1.4353957178139539e-05,5.21864969080939,0.17533161204099718
NeIII_3869,3870.16,4.234675937338352,1.8613411718984452,130.44456370707422,57.503828515995515,0.26921192433031743,1.4353957178139539e-05,5.21864969080939,0.17533161204099718
