line,wl,amp,amp_err,flux,flux_err,z,zerr,FWHM,FWHMerr
HI_6563,6564.61,0.0,0.0,0.0,10000000000.0,0.27023198239081936,3.292107633932029e-05,1.1330721648080928,0.381669652818669
HI_4861,4862.683,1.2495453704394777,1.2495453704394777,8.357131939900308,33.4547155062788,0.27023198239081936,3.292107633932029e-05,1.1330721648080928,0.381669652818669
HI_4341,4341.684,1.5732211936245903,1.5732211936245903,10.52192052949946,20.99995383516949,0.27023198239081936,3.292107633932029e-05,1.1330721648080928,0.381669652818669
HI_4102,4102.892,9.851760576510628,9.851760576510628,65.88993479224406,48.94003125550648,0.27023198239081936,3.292107633932029e-05,1.1330721648080928,0.381669652818669
OIII_4363,4364.436,0.9530091795776343,0.9530091795776343,6.373856957963253,23.34223831658572,0.27023198239081936,3.292107633932029e-05,1.1330721648080928,0.381669652818669
OIII_5007,5008.24,1.816162421835088,1.816162421835088,12.146745002325513,32.822402382872994,0.27023198239081936,3.292107633932029e-05,1.1330721648080928,0.381669652818669
OIII_4959,4960.295,24.971762551778056,24.971762551778056,167.01459535132494,92.08385382334798,0.27023198239081936,3.292107633932029e-05,1.1330721648080928,0.381669652818669
OII_3726,3727.092,1.4334495003424763,1.4334495003424763,9.587108149048582,33.05051765989249,0.27023198239081936,3.292107633932029e-05,1.1330721648080928,0.381669652818669
OII_3729,3729.875,0.0,0.0,0.0,10000000000.0,0.27023198239081936,3.292107633932029e-05,1.1330721648080928,0.381669652818669
OI_6300,6302.046,0.0,0.0,0.0,10000000000.0,0.27023198239081936,3.292107633932029e-05,1.1330721648080928,0.381669652818669
SII_6717,6718.29,0.0,0.0,0.0,10000000000.0,0.27023198239081936,3.292107633932029e-05,1.1330721648080928,0.381669652818669
SII_6731,6732.67,0.7894947016972083,0.7894947016972083,5.280249556376854,23.652231507113754,0.27023198239081936,3.292107633932029e-05,1.1330721648080928,0.381669652818669
NII_6548,6549.85,3.218091362107657,3.218091362107657,21.52303929414607,21.38854621356414,0.27023198239081936,3.292107633932029e-05,1.1330721648080928,0.381669652818669
NII_6584,6585.28,0.0,0.0,0.0,10000000000.0,0.27023198239081936,3.292107633932029e-05,1.1330721648080928,0.381669652818669
NII_5755,5756.24,0.0,0.0,0.0,10000000000.0,0.27023198239081936,3.292107633932029e-05,1.1330721648080928,0.381669652818669
HeI_5876,5877.594,1.7856576552034085,1.7856576552034085,11.942724911844804,21.8777447505351,0.27023198239081936,3.292107633932029e-05,1.1330721648080928,0.381669652818669
HeII_4686,4687.02,0.0,0.0,0.0,10000000000.0,0.27023198239081936,3.292107633932029e-05,1.1330721648080928,0.381669652818669
NeIII_3869,3870.16,0.0,10000000000.0,0.0,10000000000.0,0.27023198239081936,3.292107633932029e-05,1.1330721648080928,0.381669652818669
