line,wl,amp,amp_err,flux,flux_err,z,zerr,FWHM,FWHMerr
HI_6563,6564.61,0.0,0.0,0.0,10000000000.0,0.2701820804757219,5.00946130817064e-06,0.7630723302465114,0.3594008712798605
HI_4861,4862.683,0.0,0.0,0.0,10000000000.0,0.2701820804757219,5.00946130817064e-06,0.7630723302465114,0.3594008712798605
HI_4341,4341.684,0.0,0.0,0.0,10000000000.0,0.2701820804757219,5.00946130817064e-06,0.7630723302465114,0.3594008712798605
HI_4102,4102.892,5.586571540778209,5.586571540778209,25.16278626806009,30.58204501847372,0.2701820804757219,5.00946130817064e-06,0.7630723302465114,0.3594008712798605
OIII_4363,4364.436,5.236116072872392,5.236116072872392,23.584280386408267,18.61320785391766,0.2701820804757219,5.00946130817064e-06,0.7630723302465114,0.3594008712798605
OIII_5007,5008.24,0.0,0.0,0.0,10000000000.0,0.2701820804757219,5.00946130817064e-06,0.7630723302465114,0.3594008712798605
OIII_4959,4960.295,174.11241723406442,174.11241723406442,784.2293810249444,1424.051420883393,0.2701820804757219,5.00946130817064e-06,0.7630723302465114,0.3594008712798605
OII_3726,3727.092,27.532736449230697,27.532736449230697,124.01172303797485,162.56848508854395,0.2701820804757219,5.00946130817064e-06,0.7630723302465114,0.3594008712798605
OII_3729,3729.875,0.0,0.0,0.0,10000000000.0,0.2701820804757219,5.00946130817064e-06,0.7630723302465114,0.3594008712798605
OI_6300,6302.046,0.8151936740963492,0.8151936740963492,3.6717589739312047,15.375543950505712,0.2701820804757219,5.00946130817064e-06,0.7630723302465114,0.3594008712798605
SII_6717,6718.29,1.7531015070368312,1.7531015070368312,7.896241586774147,16.42893942929793,0.2701820804757219,5.00946130817064e-06,0.7630723302465114,0.3594008712798605
SII_6731,6732.67,14.865133895760096,14.865133895760096,66.95487282939222,139.5148534680692,0.2701820804757219,5.00946130817064e-06,0.7630723302465114,0.3594008712798605
NII_6548,6549.85,3.7862011277217107,3.7862011277217107,17.053638183872284,27.694871572663967,0.2701820804757219,5.00946130817064e-06,0.7630723302465114,0.3594008712798605
NII_6584,6585.28,0.0,0.0,0.0,10000000000.0,0.2701820804757219,5.00946130817064e-06,0.7630723302465114,0.3594008712798605
NII_5755,5756.24,6.0203621085585155,6.0203621085585155,27.116646388257486,37.29200323528149,0.2701820804757219,5.00946130817064e-06,0.7630723302465114,0.3594008712798605
HeI_5876,5877.594,0.19730520045538924,0.19730520045538924,0.8886932803771314,41.03896331820962,0.2701820804757219,5.00946130817064e-06,0.7630723302465114,0.3594008712798605
HeII_4686,4687.02,0.0,0.0,0.0,10000000000.0,0.2701820804757219,5.00946130817064e-06,0.7630723302465114,0.3594008712798605
NeIII_3869,3870.16,10.08032629110346,6.0083284939519865,45.403355908695644,34.49170282923402,0.2701820804757219,5.00946130817064e-06,0.7630723302465114,0.3594008712798605
