line,wl,amp,amp_err,flux,flux_err,z,zerr,FWHM,FWHMerr
HI_6563,6564.61,3.087509034083837,3.087509034083837,31.304875779212765,33.022879928597405,0.2701839013176483,1.2879301523681667e-05,1.7177347025705187,0.337874115849476
HI_4861,4862.683,0.0,0.0,0.0,10000000000.0,0.2701839013176483,1.2879301523681667e-05,1.7177347025705187,0.337874115849476
HI_4341,4341.684,4.409522253683349,4.409522253683349,44.709034005528764,32.61986222730337,0.2701839013176483,1.2879301523681667e-05,1.7177347025705187,0.337874115849476
HI_4102,4102.892,0.0,0.0,0.0,10000000000.0,0.2701839013176483,1.2879301523681667e-05,1.7177347025705187,0.337874115849476
OIII_4363,4364.436,0.0,0.0,0.0,10000000000.0,0.2701839013176483,1.2879301523681667e-05,1.7177347025705187,0.337874115849476
OIII_5007,5008.24,0.0,0.0,0.0,10000000000.0,0.2701839013176483,1.2879301523681667e-05,1.7177347025705187,0.337874115849476
OIII_4959,4960.295,43.0664379155005,43.0664379155005,436.6592856295797,112.39943311923642,0.2701839013176483,1.2879301523681667e-05,1.7177347025705187,0.337874115849476
OII_3726,3727.092,2.8708880740153973,2.8708880740153973,29.108512247558014,33.98705280204807,0.2701839013176483,1.2879301523681667e-05,1.7177347025705187,0.337874115849476
OII_3729,3729.875,5.2575093371626735,5.2575093371626735,53.30694579061097,34.2100038238071,0.2701839013176483,1.2879301523681667e-05,1.7177347025705187,0.337874115849476
OI_6300,6302.046,0.6600744154141012,0.6600744154141012,6.6926274065806775,31.282754994725103,0.2701839013176483,1.2879301523681667e-05,1.7177347025705187,0.337874115849476
SII_6717,6718.29,0.0,0.0,0.0,10000000000.0,0.2701839013176483,1.2879301523681667e-05,1.7177347025705187,0.337874115849476
SII_6731,6732.67,0.20410445083575723,0.20410445083575723,2.06945612429399,33.4250923265998,0.2701839013176483,1.2879301523681667e-05,1.7177347025705187,0.337874115849476
NII_6548,6549.85,1.254602464010759,1.254602464010759,12.720667001968875,32.39292574822635,0.2701839013176483,1.2879301523681667e-05,1.7177347025705187,0.337874115849476
NII_6584,6585.28,4.225528346016404,4.225528346016404,42.8434827277639,33.62557739578533,0.2701839013176483,1.2879301523681667e-05,1.7177347025705187,0.337874115849476
NII_5755,5756.24,0.0,0.0,0.0,10000000000.0,0.2701839013176483,1.2879301523681667e-05,1.7177347025705187,0.337874115849476
HeI_5876,5877.594,4.781947466798442,4.781947466798442,48.485128230650396,34.95331583141798,0.2701839013176483,1.2879301523681667e-05,1.7177347025705187,0.337874115849476
HeII_4686,4687.02,0.0,0.0,0.0,10000000000.0,0.2701839013176483,1.2879301523681667e-05,1.7177347025705187,0.337874115849476
NeIII_3869,3870.16,0.0,10000000000.0,0.0,10000000000.0,0.2701839013176483,1.2879301523681667e-05,1.7177347025705187,0.337874115849476
