line,wl,amp,amp_err,flux,flux_err,z,zerr,FWHM,FWHMerr
HI_6563,6564.61,43.565196598335206,43.565196598335206,1335.2259978669206,81.79888193604984,0.26924382244426603,1.488950036400497e-05,5.1923916562164685,0.18065442406449442
HI_4861,4862.683,26.897692852609907,26.897692852609907,824.3850959877553,70.8648219452547,0.26924382244426603,1.488950036400497e-05,5.1923916562164685,0.18065442406449442
HI_4341,4341.684,13.75600714002951,13.75600714002951,421.6066905322373,65.28773460869769,0.26924382244426603,1.488950036400497e-05,5.1923916562164685,0.18065442406449442
HI_4102,4102.892,5.487854047693418,5.487854047693418,168.19677102661063,63.53225872031974,0.26924382244426603,1.488950036400497e-05,5.1923916562164685,0.18065442406449442
OIII_4363,4364.436,2.7287986538223095,2.7287986538223095,83.63471738968434,63.27814946587269,0.26924382244426603,1.488950036400497e-05,5.1923916562164685,0.18065442406449442
OIII_5007,5008.24,49.43170871839311,49.43170871839311,1515.0282278837599,86.40869656103139,0.26924382244426603,1.488950036400497e-05,5.1923916562164685,0.18065442406449442
OIII_4959,4960.295,16.168292929328686,16.168292929328686,495.5406321107373,66.06888230040515,0.26924382244426603,1.488950036400497e-05,5.1923916562164685,0.18065442406449442
OII_3726,3727.092,25.188652904715127,25.188652904715127,772.0048762710505,87.57844664266452,0.26924382244426603,1.488950036400497e-05,5.1923916562164685,0.18065442406449442
OII_3729,3729.875,41.48948047936506,41.48948047936506,1271.6075514314857,91.93597769805915,0.26924382244426603,1.488950036400497e-05,5.1923916562164685,0.18065442406449442
OI_6300,6302.046,2.4446048188250415,2.4446048188250415,74.92448476017397,63.261658349915216,0.26924382244426603,1.488950036400497e-05,5.1923916562164685,0.18065442406449442
SII_6717,6718.29,7.222790403058866,7.222790403058866,221.3706875289627,63.77844720863915,0.26924382244426603,1.488950036400497e-05,5.1923916562164685,0.18065442406449442
SII_6731,6732.67,2.8766772781309555,2.8766772781309555,88.16703674373598,63.28747939318211,0.26924382244426603,1.488950036400497e-05,5.1923916562164685,0.18065442406449442
NII_6548,6549.85,3.181253361597669,3.181253361597669,97.50196316958807,63.30818658518066,0.26924382244426603,1.488950036400497e-05,5.1923916562164685,0.18065442406449442
NII_6584,6585.28,11.512462210012472,11.512462210012472,352.84447316958807,64.66773660524943,0.26924382244426603,1.488950036400497e-05,5.1923916562164685,0.18065442406449442
NII_5755,5756.24,0.3919995025469234,0.3919995025469234,12.014359346918537,63.19618252181007,0.26924382244426603,1.488950036400497e-05,5.1923916562164685,0.18065442406449442
HeI_5876,5877.594,2.2950211567691667,2.2950211567691667,70.33990784951276,63.253680702103246,0.26924382244426603,1.488950036400497e-05,5.1923916562164685,0.18065442406449442
HeII_4686,4687.02,0.0,0.0,0.0,10000000000.0,0.26924382244426603,1.488950036400497e-05,5.1923916562164685,0.18065442406449442
NeIII_3869,3870.16,11.395272481358461,2.0713883841314287,349.25273516311285,64.63822754197108,0.26924382244426603,1.488950036400497e-05,5.1923916562164685,0.18065442406449442
