line,wl,amp,amp_err,flux,flux_err,z,zerr,FWHM,FWHMerr
HI_6563,6564.61,0.0,0.0,0.0,10000000000.0,0.27018959229665857,7.511365202156356e-06,1.2393911172922722,0.29830937573282795
HI_4861,4862.683,11.99204206313334,11.99204206313334,87.73021235821949,40.406397697091926,0.27018959229665857,7.511365202156356e-06,1.2393911172922722,0.29830937573282795
HI_4341,4341.684,2.133509885599551,2.133509885599551,15.608123649551612,22.148374627972434,0.27018959229665857,7.511365202156356e-06,1.2393911172922722,0.29830937573282795
HI_4102,4102.892,0.0,0.0,0.0,10000000000.0,0.27018959229665857,7.511365202156356e-06,1.2393911172922722,0.29830937573282795
OIII_4363,4364.436,2.2476424302059286,2.2476424302059286,16.443083393904377,22.25020992742413,0.27018959229665857,7.511365202156356e-06,1.2393911172922722,0.29830937573282795
OIII_5007,5008.24,6.601120492309974,6.601120492309974,48.29183382977841,28.770600437779393,0.27018959229665857,7.511365202156356e-06,1.2393911172922722,0.29830937573282795
OIII_4959,4960.295,68.40992180167473,68.40992180167473,500.46663741454387,208.7362693581328,0.27018959229665857,7.511365202156356e-06,1.2393911172922722,0.29830937573282795
OII_3726,3727.092,0.0,0.0,0.0,10000000000.0,0.27018959229665857,7.511365202156356e-06,1.2393911172922722,0.29830937573282795
OII_3729,3729.875,0.0,0.0,0.0,10000000000.0,0.27018959229665857,7.511365202156356e-06,1.2393911172922722,0.29830937573282795
OI_6300,6302.046,2.1026133680342127,2.1026133680342127,15.38209391809582,22.020953176608913,0.27018959229665857,7.511365202156356e-06,1.2393911172922722,0.29830937573282795
SII_6717,6718.29,0.0,0.0,0.0,10000000000.0,0.27018959229665857,7.511365202156356e-06,1.2393911172922722,0.29830937573282795
SII_6731,6732.67,1.6024542860025122,1.6024542860025122,11.723078860566218,31.101516130525418,0.27018959229665857,7.511365202156356e-06,1.2393911172922722,0.29830937573282795
NII_6548,6549.85,3.497513637429279,3.497513637429279,25.586769336036436,25.45372320599374,0.27018959229665857,7.511365202156356e-06,1.2393911172922722,0.29830937573282795
NII_6584,6585.28,0.0,0.0,0.0,10000000000.0,0.27018959229665857,7.511365202156356e-06,1.2393911172922722,0.29830937573282795
NII_5755,5756.24,0.0,0.0,0.0,10000000000.0,0.27018959229665857,7.511365202156356e-06,1.2393911172922722,0.29830937573282795
HeI_5876,5877.594,4.5437425738745105,4.5437425738745105,33.24066900436966,30.05223378699707,0.27018959229665857,7.511365202156356e-06,1.2393911172922722,0.29830937573282795
HeII_4686,4687.02,0.0,0.0,0.0,10000000000.0,0.27018959229665857,7.511365202156356e-06,1.2393911172922722,0.29830937573282795
NeIII_3869,3870.16,9.767745510048826,3.3791750565365173,71.45792045643695,30.11549700898658,0.27018959229665857,7.511365202156356e-06,1.2393911172922722,0.29830937573282795
