line,wl,amp,amp_err,flux,flux_err,z,zerr,FWHM,FWHMerr
HI_6563,6564.61,0.0,0.0,0.0,10000000000.0,0.27017763256818483,2.7598623051522944e-06,0.658440291670298,0.8270569198618194
HI_4861,4862.683,0.0,0.0,0.0,10000000000.0,0.27017763256818483,2.7598623051522944e-06,0.658440291670298,0.8270569198618194
HI_4341,4341.684,0.0,0.0,0.0,10000000000.0,0.27017763256818483,2.7598623051522944e-06,0.658440291670298,0.8270569198618194
HI_4102,4102.892,1.0927384966022373,1.0927384966022373,4.246980824668102,26.44654895396774,0.27017763256818483,2.7598623051522944e-06,0.658440291670298,0.8270569198618194
OIII_4363,4364.436,0.0,0.0,0.0,10000000000.0,0.27017763256818483,2.7598623051522944e-06,0.658440291670298,0.8270569198618194
OIII_5007,5008.24,0.0,0.0,0.0,10000000000.0,0.27017763256818483,2.7598623051522944e-06,0.658440291670298,0.8270569198618194
OIII_4959,4960.295,259.7952320116874,259.7952320116874,1009.7066884021939,6348.8452755200005,0.27017763256818483,2.7598623051522944e-06,0.658440291670298,0.8270569198618194
OII_3726,3727.092,8.101143292279744,8.101143292279744,31.48548378883044,140.45947996549165,0.27017763256818483,2.7598623051522944e-06,0.658440291670298,0.8270569198618194
OII_3729,3729.875,8.525412905793928,8.525412905793928,33.13442808674509,60.93432270973831,0.27017763256818483,2.7598623051522944e-06,0.658440291670298,0.8270569198618194
OI_6300,6302.046,0.0,0.0,0.0,10000000000.0,0.27017763256818483,2.7598623051522944e-06,0.658440291670298,0.8270569198618194
SII_6717,6718.29,0.0,0.0,0.0,10000000000.0,0.27017763256818483,2.7598623051522944e-06,0.658440291670298,0.8270569198618194
SII_6731,6732.67,1.0938899162240432,1.0938899162240432,4.25145587251364,110.61351434898368,0.27017763256818483,2.7598623051522944e-06,0.658440291670298,0.8270569198618194
NII_6548,6549.85,3.305411853880628,3.305411853880628,12.84664245353441,42.3955375069255,0.27017763256818483,2.7598623051522944e-06,0.658440291670298,0.8270569198618194
NII_6584,6585.28,0.0,0.0,0.0,10000000000.0,0.27017763256818483,2.7598623051522944e-06,0.658440291670298,0.8270569198618194
NII_5755,5756.24,5.133938558703562,5.133938558703562,19.953299606113262,58.03703368930948,0.27017763256818483,2.7598623051522944e-06,0.658440291670298,0.8270569198618194
HeI_5876,5877.594,0.0,0.0,0.0,10000000000.0,0.27017763256818483,2.7598623051522944e-06,0.658440291670298,0.8270569198618194
HeII_4686,4687.02,0.0,0.0,0.0,10000000000.0,0.27017763256818483,2.7598623051522944e-06,0.658440291670298,0.8270569198618194
NeIII_3869,3870.16,0.0,10000000000.0,0.0,10000000000.0,0.27017763256818483,2.7598623051522944e-06,0.658440291670298,0.8270569198618194
