line,wl,amp,amp_err,flux,flux_err,z,zerr,FWHM,FWHMerr
HI_6563,6564.61,40.09563690426353,40.09563690426353,1099.6476310005983,73.46462412020043,0.26919966674579876,1.4502033416383755e-05,4.646316268162337,0.18358364916606762
HI_4861,4862.683,16.7909440475363,16.7909440475363,460.5020214100533,58.747063649833144,0.26919966674579876,1.4502033416383755e-05,4.646316268162337,0.18358364916606762
HI_4341,4341.684,11.807146769599285,11.807146769599285,323.8182998580978,56.93879121188993,0.26919966674579876,1.4502033416383755e-05,4.646316268162337,0.18358364916606762
HI_4102,4102.892,3.072169575420503,3.072169575420503,84.2561499574045,55.238257290375614,0.26919966674579876,1.4502033416383755e-05,4.646316268162337,0.18358364916606762
OIII_4363,4364.436,0.0,0.0,0.0,10000000000.0,0.26919966674579876,1.4502033416383755e-05,4.646316268162337,0.18358364916606762
OIII_5007,5008.24,47.19533331990965,47.19533331990965,1294.3611945469233,79.41421592158157,0.26919966674579876,1.4502033416383755e-05,4.646316268162337,0.18358364916606762
OIII_4959,4960.295,16.096221937694168,16.096221937694168,441.4488380396102,58.461081041632795,0.26919966674579876,1.4502033416383755e-05,4.646316268162337,0.18358364916606762
OII_3726,3727.092,20.11625806605366,20.11625806605366,551.7008142245121,69.75911276846627,0.26919966674579876,1.4502033416383755e-05,4.646316268162337,0.18358364916606762
OII_3729,3729.875,27.224631613075417,27.224631613075417,746.6523534634015,71.84666515842513,0.26919966674579876,1.4502033416383755e-05,4.646316268162337,0.18358364916606762
OI_6300,6302.046,1.101140221856781,1.101140221856781,30.199451358148302,55.12886888207223,0.26919966674579876,1.4502033416383755e-05,4.646316268162337,0.18358364916606762
SII_6717,6718.29,6.328620481794474,6.328620481794474,173.5663293471004,55.64349242771589,0.26919966674579876,1.4502033416383755e-05,4.646316268162337,0.18358364916606762
SII_6731,6732.67,4.4107012627520135,4.4107012627520135,120.96620902213068,55.37116954668962,0.26919966674579876,1.4502033416383755e-05,4.646316268162337,0.18358364916606762
NII_6548,6549.85,0.8781253350173301,0.8781253350173301,24.083130208881524,55.12299691190363,0.26919966674579876,1.4502033416383755e-05,4.646316268162337,0.18358364916606762
NII_6584,6585.28,7.61610757622509,7.61610757622509,208.8764588934882,55.87977682601432,0.26919966674579876,1.4502033416383755e-05,4.646316268162337,0.18358364916606762
NII_5755,5756.24,0.0,0.0,0.0,10000000000.0,0.26919966674579876,1.4502033416383755e-05,4.646316268162337,0.18358364916606762
HeI_5876,5877.594,3.1185031804875507,3.1185031804875507,85.52687772185806,55.24207337478881,0.26919966674579876,1.4502033416383755e-05,4.646316268162337,0.18358364916606762
HeII_4686,4687.02,0.0,0.0,0.0,10000000000.0,0.26919966674579876,1.4502033416383755e-05,4.646316268162337,0.18358364916606762
NeIII_3869,3870.16,5.0010713389764305,2.0119611762658587,137.15747335555224,55.44476407941237,0.26919966674579876,1.4502033416383755e-05,4.646316268162337,0.18358364916606762
