line,wl,amp,amp_err,flux,flux_err,z,zerr,FWHM,FWHMerr
HI_6563,6564.61,17.502010873596305,17.502010873596305,546.4975287129033,69.4112543344155,0.26970655954058054,3.137461639331594e-05,5.2899625181858925,0.3850788790134228
HI_4861,4862.683,4.004292283823929,4.004292283823929,125.03339491436773,54.24849815092622,0.26970655954058054,3.137461639331594e-05,5.2899625181858925,0.3850788790134228
HI_4341,4341.684,1.7879414339938648,1.7879414339938648,55.828189241678636,53.47879103151604,0.26970655954058054,3.137461639331594e-05,5.2899625181858925,0.3850788790134228
HI_4102,4102.892,4.70574858397822,4.70574858397822,146.93625723704707,54.61099694791848,0.26970655954058054,3.137461639331594e-05,5.2899625181858925,0.3850788790134228
OIII_4363,4364.436,0.0,0.0,0.0,10000000000.0,0.26970655954058054,3.137461639331594e-05,5.2899625181858925,0.3850788790134228
OIII_5007,5008.24,22.068780417689368,22.068780417689368,689.0941873524708,77.36351379842584,0.26970655954058054,3.137461639331594e-05,5.2899625181858925,0.3850788790134228
OIII_4959,4960.295,8.144831653356732,8.144831653356732,254.3210835880065,57.164222740356884,0.26970655954058054,3.137461639331594e-05,5.2899625181858925,0.3850788790134228
OII_3726,3727.092,13.449983964795933,13.449983964795933,419.97362766343673,75.55616523745125,0.26970655954058054,3.137461639331594e-05,5.2899625181858925,0.3850788790134228
OII_3729,3729.875,12.21128205951868,12.21128205951868,381.29535606738636,74.86230461775868,0.26970655954058054,3.137461639331594e-05,5.2899625181858925,0.3850788790134228
OI_6300,6302.046,2.7766582283300068,2.7766582283300068,86.70071518192897,53.75060273042512,0.26970655954058054,3.137461639331594e-05,5.2899625181858925,0.3850788790134228
SII_6717,6718.29,1.823014301077933,1.823014301077933,56.92333398388853,53.48642578882619,0.26970655954058054,3.137461639331594e-05,5.2899625181858925,0.3850788790134228
SII_6731,6732.67,3.477843501352936,3.477843501352936,108.5951147251841,54.01343039721696,0.26970655954058054,3.137461639331594e-05,5.2899625181858925,0.3850788790134228
NII_6548,6549.85,0.0,0.0,0.0,10000000000.0,0.26970655954058054,3.137461639331594e-05,5.2899625181858925,0.3850788790134228
NII_6584,6585.28,2.6958996193670828,2.6958996193670828,84.17904035614589,53.72401554608667,0.26970655954058054,3.137461639331594e-05,5.2899625181858925,0.3850788790134228
NII_5755,5756.24,0.0,0.0,0.0,10000000000.0,0.26970655954058054,3.137461639331594e-05,5.2899625181858925,0.3850788790134228
HeI_5876,5877.594,0.0,0.0,0.0,10000000000.0,0.26970655954058054,3.137461639331594e-05,5.2899625181858925,0.3850788790134228
HeII_4686,4687.02,0.0,0.0,0.0,10000000000.0,0.26970655954058054,3.137461639331594e-05,5.2899625181858925,0.3850788790134228
NeIII_3869,3870.16,2.53160215776154,1.708992109115629,79.04887803424451,53.67236485113906,0.26970655954058054,3.137461639331594e-05,5.2899625181858925,0.3850788790134228
