line,wl,amp,amp_err,flux,flux_err,z,zerr,FWHM,FWHMerr
HI_6563,6564.61,0.0,0.0,0.0,10000000000.0,0.2702162937979183,1.6313202210520024e-05,1.5688105867112396,0.28074253697199886
HI_4861,4862.683,0.46818653709533464,0.46818653709533464,4.335479038520549,32.11348518865539,0.2702162937979183,1.6313202210520024e-05,1.5688105867112396,0.28074253697199886
HI_4341,4341.684,0.005352925937131658,0.005352925937131658,0.049568914004166756,28.527717808390324,0.2702162937979183,1.6313202210520024e-05,1.5688105867112396,0.28074253697199886
HI_4102,4102.892,0.4420825272428601,0.4420825272428601,4.093751909332099,31.624764407348298,0.2702162937979183,1.6313202210520024e-05,1.5688105867112396,0.28074253697199886
OIII_4363,4364.436,0.0,0.0,0.0,10000000000.0,0.2702162937979183,1.6313202210520024e-05,1.5688105867112396,0.28074253697199886
OIII_5007,5008.24,0.0,0.0,0.0,10000000000.0,0.2702162937979183,1.6313202210520024e-05,1.5688105867112396,0.28074253697199886
OIII_4959,4960.295,47.150858175654776,47.150858175654776,436.6241680870484,104.69552089593527,0.2702162937979183,1.6313202210520024e-05,1.5688105867112396,0.28074253697199886
OII_3726,3727.092,3.953094186736621,3.953094186736621,36.606257604550066,33.31306834380814,0.2702162937979183,1.6313202210520024e-05,1.5688105867112396,0.28074253697199886
OII_3729,3729.875,0.0,0.0,0.0,10000000000.0,0.2702162937979183,1.6313202210520024e-05,1.5688105867112396,0.28074253697199886
OI_6300,6302.046,0.0,0.0,0.0,10000000000.0,0.2702162937979183,1.6313202210520024e-05,1.5688105867112396,0.28074253697199886
SII_6717,6718.29,1.5247429848247975,1.5247429848247975,14.119353561192003,28.796251698411226,0.2702162937979183,1.6313202210520024e-05,1.5688105867112396,0.28074253697199886
SII_6731,6732.67,0.0,0.0,0.0,10000000000.0,0.2702162937979183,1.6313202210520024e-05,1.5688105867112396,0.28074253697199886
NII_6548,6549.85,0.0,0.0,0.0,10000000000.0,0.2702162937979183,1.6313202210520024e-05,1.5688105867112396,0.28074253697199886
NII_6584,6585.28,4.852648046431,4.852648046431,44.936264116315904,29.874188511054,0.2702162937979183,1.6313202210520024e-05,1.5688105867112396,0.28074253697199886
NII_5755,5756.24,3.4851559178021034,3.4851559178021034,32.273077567222145,33.00687929016627,0.2702162937979183,1.6313202210520024e-05,1.5688105867112396,0.28074253697199886
HeI_5876,5877.594,2.5312087477337855,2.5312087477337855,23.439380670796798,30.105265724343827,0.2702162937979183,1.6313202210520024e-05,1.5688105867112396,0.28074253697199886
HeII_4686,4687.02,0.0,0.0,0.0,10000000000.0,0.2702162937979183,1.6313202210520024e-05,1.5688105867112396,0.28074253697199886
NeIII_3869,3870.16,1.1518848820663834,3.1165030770652327,10.666630424639102,28.92235376986709,0.2702162937979183,1.6313202210520024e-05,1.5688105867112396,0.28074253697199886
