line,wl,amp,amp_err,flux,flux_err,z,zerr,FWHM,FWHMerr
HI_6563,6564.61,189.6525696102674,189.6525696102674,3836.998489631357,60.08384736568582,0.26978032446718286,2.537433924957749e-06,3.4275613635592888,0.03293974094197669
HI_4861,4862.683,57.14897559297037,57.14897559297037,1156.2223147559992,45.43896768146411,0.26978032446718286,2.537433924957749e-06,3.4275613635592888,0.03293974094197669
HI_4341,4341.684,16.738984747078348,16.738984747078348,338.6585234488951,43.859030262512526,0.26978032446718286,2.537433924957749e-06,3.4275613635592888,0.03293974094197669
HI_4102,4102.892,6.656810447951784,6.656810447951784,134.67875329631408,43.73163519845539,0.26978032446718286,2.537433924957749e-06,3.4275613635592888,0.03293974094197669
OIII_4363,4364.436,4.928971955459815,4.928971955459815,99.72160138615251,43.72093027396165,0.26978032446718286,2.537433924957749e-06,3.4275613635592888,0.03293974094197669
OIII_5007,5008.24,214.81424019739688,214.81424019739688,4346.062470350503,63.96085432699272,0.26978032446718286,2.537433924957749e-06,3.4275613635592888,0.03293974094197669
OIII_4959,4960.295,86.45465172205695,86.45465172205695,1749.1266728461906,47.57680429998587,0.26978032446718286,2.537433924957749e-06,3.4275613635592888,0.03293974094197669
OII_3726,3727.092,62.061556781579384,62.061556781579384,1255.6123026671555,47.7399836244585,0.26978032446718286,2.537433924957749e-06,3.4275613635592888,0.03293974094197669
OII_3729,3729.875,75.19668142901037,75.19668142901037,1521.3585223829348,48.45274173412646,0.26978032446718286,2.537433924957749e-06,3.4275613635592888,0.03293974094197669
OI_6300,6302.046,2.7508535643248706,2.7508535643248706,55.6545107361421,43.71178047398724,0.26978032446718286,2.537433924957749e-06,3.4275613635592888,0.03293974094197669
SII_6717,6718.29,20.37810409633005,20.37810409633005,412.2841825968905,43.93166359471276,0.26978032446718286,2.537433924957749e-06,3.4275613635592888,0.03293974094197669
SII_6731,6732.67,18.957006432633307,18.957006432633307,383.5329265478512,43.901632510587675,0.26978032446718286,2.537433924957749e-06,3.4275613635592888,0.03293974094197669
NII_6548,6549.85,0.11226396174629372,0.11226396174629372,2.271293516063392,43.707793973611125,0.26978032446718286,2.537433924957749e-06,3.4275613635592888,0.03293974094197669
NII_6584,6585.28,11.490970742587479,11.490970742587479,232.48215130600204,43.77912128753313,0.26978032446718286,2.537433924957749e-06,3.4275613635592888,0.03293974094197669
NII_5755,5756.24,1.6530949914017583,1.6530949914017583,33.44496200742389,43.709289926417846,0.26978032446718286,2.537433924957749e-06,3.4275613635592888,0.03293974094197669
HeI_5876,5877.594,6.638236009327102,6.638236009327102,134.30296037615952,43.73156930028653,0.26978032446718286,2.537433924957749e-06,3.4275613635592888,0.03293974094197669
HeII_4686,4687.02,0.0,0.0,0.0,10000000000.0,0.26978032446718286,2.537433924957749e-06,3.4275613635592888,0.03293974094197669
NeIII_3869,3870.16,19.91959678376793,2.1624799702518422,403.0077890874269,43.921791894833454,0.26978032446718286,2.537433924957749e-06,3.4275613635592888,0.03293974094197669
