line,wl,amp,amp_err,flux,flux_err,z,zerr,FWHM,FWHMerr
HI_6563,6564.61,24.2319755968997,24.2319755968997,745.8514881737046,71.7951968347433,0.2692021323889785,2.3603770228952698e-05,5.214538513780461,0.27811008357785727
HI_4861,4862.683,12.909174425086803,12.909174425086803,397.33974299960886,61.13890444421752,0.2692021323889785,2.3603770228952698e-05,5.214538513780461,0.27811008357785727
HI_4341,4341.684,4.5242479204061965,4.5242479204061965,139.25472278593256,56.96988984749737,0.2692021323889785,2.3603770228952698e-05,5.214538513780461,0.27811008357785727
HI_4102,4102.892,3.2971296904785277,3.2971296904785277,101.48446528890315,56.68545307454318,0.2692021323889785,2.3603770228952698e-05,5.214538513780461,0.27811008357785727
OIII_4363,4364.436,0.0,0.0,0.0,10000000000.0,0.2692021323889785,2.3603770228952698e-05,5.214538513780461,0.27811008357785727
OIII_5007,5008.24,31.454008592765604,31.454008592765604,968.143064692763,80.67959875554477,0.2692021323889785,2.3603770228952698e-05,5.214538513780461,0.27811008357785727
OIII_4959,4960.295,4.757854009093876,4.757854009093876,146.44503412465957,57.03397070318441,0.2692021323889785,2.3603770228952698e-05,5.214538513780461,0.27811008357785727
OII_3726,3727.092,25.110538248664625,25.110538248664625,772.8933304144398,85.4000537376202,0.2692021323889785,2.3603770228952698e-05,5.214538513780461,0.27811008357785727
OII_3729,3729.875,19.759411519916057,19.759411519916057,608.187575488133,83.14598536044602,0.2692021323889785,2.3603770228952698e-05,5.214538513780461,0.27811008357785727
OI_6300,6302.046,0.0,0.0,0.0,10000000000.0,0.2692021323889785,2.3603770228952698e-05,5.214538513780461,0.27811008357785727
SII_6717,6718.29,2.73046610244819,2.73046610244819,84.04276398245447,56.583880661741574,0.2692021323889785,2.3603770228952698e-05,5.214538513780461,0.27811008357785727
SII_6731,6732.67,3.040008703830722,3.040008703830722,93.5703738535976,56.637019000646404,0.2692021323889785,2.3603770228952698e-05,5.214538513780461,0.27811008357785727
NII_6548,6549.85,0.6964755249134669,0.6964755249134669,21.437266006480023,56.376026064052674,0.2692021323889785,2.3603770228952698e-05,5.214538513780461,0.27811008357785727
NII_6584,6585.28,4.375244240681354,4.375244240681354,134.66844314803333,56.93071056840633,0.2692021323889785,2.3603770228952698e-05,5.214538513780461,0.27811008357785727
NII_5755,5756.24,0.6477968441547546,0.6477968441547546,19.938953731402314,56.37407066819258,0.2692021323889785,2.3603770228952698e-05,5.214538513780461,0.27811008357785727
HeI_5876,5877.594,0.846210439572701,0.846210439572701,26.046052792500102,56.38292048817825,0.2692021323889785,2.3603770228952698e-05,5.214538513780461,0.27811008357785727
HeII_4686,4687.02,0.0,0.0,0.0,10000000000.0,0.2692021323889785,2.3603770228952698e-05,5.214538513780461,0.27811008357785727
NeIII_3869,3870.16,6.800904971861428,1.8400880091455305,209.32940749741334,57.72710871276066,0.2692021323889785,2.3603770228952698e-05,5.214538513780461,0.27811008357785727
