line,wl,amp,amp_err,flux,flux_err,z,zerr,FWHM,FWHMerr
HI_6563,6564.61,6.917286679297035,6.917286679297035,267.9245027936171,71.19343935530749,0.2696138790768203,7.454276826006474e-05,6.561890823442851,0.7988201605675325
HI_4861,4862.683,1.029345647286732,1.029345647286732,39.869233926285425,61.384335132300194,0.2696138790768203,7.454276826006474e-05,6.561890823442851,0.7988201605675325
HI_4341,4341.684,0.35509792764844406,0.35509792764844406,13.753866236742649,61.17266481888892,0.2696138790768203,7.454276826006474e-05,6.561890823442851,0.7988201605675325
HI_4102,4102.892,0.0,0.0,0.0,10000000000.0,0.2696138790768203,7.454276826006474e-05,6.561890823442851,0.7988201605675325
OIII_4363,4364.436,3.4779944328028023,3.4779944328028023,134.71176956082968,63.83380692335753,0.2696138790768203,7.454276826006474e-05,6.561890823442851,0.7988201605675325
OIII_5007,5008.24,7.459103596221439,7.459103596221439,288.91048108285196,72.69746634782794,0.2696138790768203,7.454276826006474e-05,6.561890823442851,0.7988201605675325
OIII_4959,4960.295,6.8619840303489354,6.8619840303489354,265.7824873749218,71.04185831293269,0.2696138790768203,7.454276826006474e-05,6.561890823442851,0.7988201605675325
OII_3726,3727.092,13.33270236813496,13.33270236813496,516.4102369168916,104.59946523463022,0.2696138790768203,7.454276826006474e-05,6.561890823442851,0.7988201605675325
OII_3729,3729.875,0.0,0.0,0.0,10000000000.0,0.2696138790768203,7.454276826006474e-05,6.561890823442851,0.7988201605675325
OI_6300,6302.046,1.772295381525396,1.772295381525396,68.64560931380554,61.853651166839846,0.2696138790768203,7.454276826006474e-05,6.561890823442851,0.7988201605675325
SII_6717,6718.29,2.0791251905159243,2.0791251905159243,80.52992578461026,62.118386725398565,0.2696138790768203,7.454276826006474e-05,6.561890823442851,0.7988201605675325
SII_6731,6732.67,0.9839664510849389,0.9839664510849389,38.11157964025907,61.36375042220464,0.2696138790768203,7.454276826006474e-05,6.561890823442851,0.7988201605675325
NII_6548,6549.85,0.39321041938501367,0.39321041938501367,15.23006216039981,61.17920680425419,0.2696138790768203,7.454276826006474e-05,6.561890823442851,0.7988201605675325
NII_6584,6585.28,0.0,0.0,0.0,10000000000.0,0.2696138790768203,7.454276826006474e-05,6.561890823442851,0.7988201605675325
NII_5755,5756.24,0.0,0.0,0.0,10000000000.0,0.2696138790768203,7.454276826006474e-05,6.561890823442851,0.7988201605675325
HeI_5876,5877.594,1.3872916347208957,1.3872916347208957,53.7334129254439,61.57980381031462,0.2696138790768203,7.454276826006474e-05,6.561890823442851,0.7988201605675325
HeII_4686,4687.02,0.0,0.0,0.0,10000000000.0,0.2696138790768203,7.454276826006474e-05,6.561890823442851,0.7988201605675325
NeIII_3869,3870.16,4.90982857614199,1.606651445803096,190.17042968622758,66.39652675722623,0.2696138790768203,7.454276826006474e-05,6.561890823442851,0.7988201605675325
