line,wl,amp,amp_err,flux,flux_err,z,zerr,FWHM,FWHMerr
HI_6563,6564.61,0.0,0.0,0.0,10000000000.0,0.2701674483626385,1.5297330504940574e-05,0.7537297287520628,0.5660920423219543
HI_4861,4862.683,0.0,0.0,0.0,10000000000.0,0.2701674483626385,1.5297330504940574e-05,0.7537297287520628,0.5660920423219543
HI_4341,4341.684,2.8017260586706243,2.8017260586706243,12.464904997043183,18.976014533535675,0.2701674483626385,1.5297330504940574e-05,0.7537297287520628,0.5660920423219543
HI_4102,4102.892,2.8265627182738626,2.8265627182738626,12.575403523992374,24.894832548074294,0.2701674483626385,1.5297330504940574e-05,0.7537297287520628,0.5660920423219543
OIII_4363,4364.436,0.0,0.0,0.0,10000000000.0,0.2701674483626385,1.5297330504940574e-05,0.7537297287520628,0.5660920423219543
OIII_5007,5008.24,0.0,0.0,0.0,10000000000.0,0.2701674483626385,1.5297330504940574e-05,0.7537297287520628,0.5660920423219543
OIII_4959,4960.295,191.13311844595864,191.13311844595864,850.353001445086,2464.63453119717,0.2701674483626385,1.5297330504940574e-05,0.7537297287520628,0.5660920423219543
OII_3726,3727.092,6.5160280644557815,6.5160280644557815,28.989868773982465,67.35502454442343,0.2701674483626385,1.5297330504940574e-05,0.7537297287520628,0.5660920423219543
OII_3729,3729.875,6.170285526284488,6.170285526284488,27.45165704253766,31.550543016628545,0.2701674483626385,1.5297330504940574e-05,0.7537297287520628,0.5660920423219543
OI_6300,6302.046,2.698061803447672,2.698061803447672,12.003701772358022,19.082871702951643,0.2701674483626385,1.5297330504940574e-05,0.7537297287520628,0.5660920423219543
SII_6717,6718.29,3.1060373710788554,3.1060373710788554,13.818788824105829,21.363492437839326,0.2701674483626385,1.5297330504940574e-05,0.7537297287520628,0.5660920423219543
SII_6731,6732.67,0.0,0.0,0.0,10000000000.0,0.2701674483626385,1.5297330504940574e-05,0.7537297287520628,0.5660920423219543
NII_6548,6549.85,0.15017698211704555,0.15017698211704555,0.6681387743239371,34.44608537022431,0.2701674483626385,1.5297330504940574e-05,0.7537297287520628,0.5660920423219543
NII_6584,6585.28,0.0,0.0,0.0,10000000000.0,0.2701674483626385,1.5297330504940574e-05,0.7537297287520628,0.5660920423219543
NII_5755,5756.24,0.0,0.0,0.0,10000000000.0,0.2701674483626385,1.5297330504940574e-05,0.7537297287520628,0.5660920423219543
HeI_5876,5877.594,0.0,0.0,0.0,10000000000.0,0.2701674483626385,1.5297330504940574e-05,0.7537297287520628,0.5660920423219543
HeII_4686,4687.02,0.0,0.0,0.0,10000000000.0,0.2701674483626385,1.5297330504940574e-05,0.7537297287520628,0.5660920423219543
NeIII_3869,3870.16,0.0,10000000000.0,0.0,10000000000.0,0.2701674483626385,1.5297330504940574e-05,0.7537297287520628,0.5660920423219543
