line,wl,amp,amp_err,flux,flux_err,z,zerr,FWHM,FWHMerr
HI_6563,6564.61,0.0,0.0,0.0,10000000000.0,0.27035250321792764,3.196867505416728e-05,1.888160438295663,0.34031707180905846
HI_4861,4862.683,0.5419023058658468,0.5419023058658468,6.039591302500922,29.87498217112104,0.27035250321792764,3.196867505416728e-05,1.888160438295663,0.34031707180905846
HI_4341,4341.684,0.698045096042506,0.698045096042506,7.7798286613222665,30.945977241738237,0.27035250321792764,3.196867505416728e-05,1.888160438295663,0.34031707180905846
HI_4102,4102.892,0.0,0.0,0.0,10000000000.0,0.27035250321792764,3.196867505416728e-05,1.888160438295663,0.34031707180905846
OIII_4363,4364.436,0.0,0.0,0.0,10000000000.0,0.27035250321792764,3.196867505416728e-05,1.888160438295663,0.34031707180905846
OIII_5007,5008.24,0.0,0.0,0.0,10000000000.0,0.27035250321792764,3.196867505416728e-05,1.888160438295663,0.34031707180905846
OIII_4959,4960.295,0.0,0.0,0.0,10000000000.0,0.27035250321792764,3.196867505416728e-05,1.888160438295663,0.34031707180905846
OII_3726,3727.092,0.0,0.0,0.0,10000000000.0,0.27035250321792764,3.196867505416728e-05,1.888160438295663,0.34031707180905846
OII_3729,3729.875,11.539454740834913,11.539454740834913,128.60914178431804,40.00641348092453,0.27035250321792764,3.196867505416728e-05,1.888160438295663,0.34031707180905846
OI_6300,6302.046,0.0,0.0,0.0,10000000000.0,0.27035250321792764,3.196867505416728e-05,1.888160438295663,0.34031707180905846
SII_6717,6718.29,0.0,0.0,0.0,10000000000.0,0.27035250321792764,3.196867505416728e-05,1.888160438295663,0.34031707180905846
SII_6731,6732.67,0.0,0.0,0.0,10000000000.0,0.27035250321792764,3.196867505416728e-05,1.888160438295663,0.34031707180905846
NII_6548,6549.85,2.0254254457706793,2.0254254457706793,22.57370336632039,31.09708935794704,0.27035250321792764,3.196867505416728e-05,1.888160438295663,0.34031707180905846
NII_6584,6585.28,5.322884229571628,5.322884229571628,59.3244297895619,33.1652109762219,0.27035250321792764,3.196867505416728e-05,1.888160438295663,0.34031707180905846
NII_5755,5756.24,0.29009778687941434,0.29009778687941434,3.2331880701489752,29.951884578490287,0.27035250321792764,3.196867505416728e-05,1.888160438295663,0.34031707180905846
HeI_5876,5877.594,2.4719969132097503,2.4719969132097503,27.5508166236273,31.399146208738088,0.27035250321792764,3.196867505416728e-05,1.888160438295663,0.34031707180905846
HeII_4686,4687.02,0.0,0.0,0.0,10000000000.0,0.27035250321792764,3.196867505416728e-05,1.888160438295663,0.34031707180905846
NeIII_3869,3870.16,2.028464772659845,2.749075669559811,22.607577169857606,30.90867115921802,0.27035250321792764,3.196867505416728e-05,1.888160438295663,0.34031707180905846
