line,wl,amp,amp_err,flux,flux_err,z,zerr,FWHM,FWHMerr
HI_6563,6564.61,2.1132306352631076,2.1132306352631076,19.164908678156873,29.99478387454369,0.2702115599504815,1.5964433664501033e-05,1.536427946212751,0.27367919401332697
HI_4861,4862.683,0.0,0.0,0.0,10000000000.0,0.2702115599504815,1.5964433664501033e-05,1.536427946212751,0.27367919401332697
HI_4341,4341.684,0.0,0.0,0.0,10000000000.0,0.2702115599504815,1.5964433664501033e-05,1.536427946212751,0.27367919401332697
HI_4102,4102.892,0.0,0.0,0.0,10000000000.0,0.2702115599504815,1.5964433664501033e-05,1.536427946212751,0.27367919401332697
OIII_4363,4364.436,5.480240339054035,5.480240339054035,49.70035162264506,31.406665057881316,0.2702115599504815,1.5964433664501033e-05,1.536427946212751,0.27367919401332697
OIII_5007,5008.24,5.655030592189746,5.655030592189746,51.28552608646346,34.53120390533348,0.2702115599504815,1.5964433664501033e-05,1.536427946212751,0.27367919401332697
OIII_4959,4960.295,36.45385223092808,36.45385223092808,330.60033169819076,83.36190862163151,0.2702115599504815,1.5964433664501033e-05,1.536427946212751,0.27367919401332697
OII_3726,3727.092,2.5549185288853096,2.5549185288853096,23.170580375445628,34.11529754722469,0.2702115599504815,1.5964433664501033e-05,1.536427946212751,0.27367919401332697
OII_3729,3729.875,0.0,0.0,0.0,10000000000.0,0.2702115599504815,1.5964433664501033e-05,1.536427946212751,0.27367919401332697
OI_6300,6302.046,1.8207569682799658,1.8207569682799658,16.51246221776392,29.753027041894082,0.2702115599504815,1.5964433664501033e-05,1.536427946212751,0.27367919401332697
SII_6717,6718.29,0.8604817763335859,0.8604817763335859,7.803717392445507,29.515773253153604,0.2702115599504815,1.5964433664501033e-05,1.536427946212751,0.27367919401332697
SII_6731,6732.67,0.0,0.0,0.0,10000000000.0,0.2702115599504815,1.5964433664501033e-05,1.536427946212751,0.27367919401332697
NII_6548,6549.85,0.0,0.0,0.0,10000000000.0,0.2702115599504815,1.5964433664501033e-05,1.536427946212751,0.27367919401332697
NII_6584,6585.28,0.0,0.0,0.0,10000000000.0,0.2702115599504815,1.5964433664501033e-05,1.536427946212751,0.27367919401332697
NII_5755,5756.24,0.0,0.0,0.0,10000000000.0,0.2702115599504815,1.5964433664501033e-05,1.536427946212751,0.27367919401332697
HeI_5876,5877.594,3.9959173771926544,3.9959173771926544,36.23901260063958,31.96630900515923,0.2702115599504815,1.5964433664501033e-05,1.536427946212751,0.27367919401332697
HeII_4686,4687.02,0.0,0.0,0.0,10000000000.0,0.2702115599504815,1.5964433664501033e-05,1.536427946212751,0.27367919401332697
NeIII_3869,3870.16,5.816665775516981,3.314333421800818,52.751397097394516,31.492217682452665,0.2702115599504815,1.5964433664501033e-05,1.536427946212751,0.27367919401332697
