line,wl,amp,amp_err,flux,flux_err,z,zerr,FWHM,FWHMerr
HI_6563,6564.61,0.0,0.0,0.0,10000000000.0,0.2701795385684063,1.3188291028815921e-05,1.2729413233465203,0.7726074685620828
HI_4861,4862.683,0.0,0.0,0.0,10000000000.0,0.2701795385684063,1.3188291028815921e-05,1.2729413233465203,0.7726074685620828
HI_4341,4341.684,0.0,0.0,0.0,10000000000.0,0.2701795385684063,1.3188291028815921e-05,1.2729413233465203,0.7726074685620828
HI_4102,4102.892,3.172983551396783,3.172983551396783,23.840966863238688,31.04897482483098,0.2701795385684063,1.3188291028815921e-05,1.2729413233465203,0.7726074685620828
OIII_4363,4364.436,0.0,0.0,0.0,10000000000.0,0.2701795385684063,1.3188291028815921e-05,1.2729413233465203,0.7726074685620828
OIII_5007,5008.24,0.0,0.0,0.0,10000000000.0,0.2701795385684063,1.3188291028815921e-05,1.2729413233465203,0.7726074685620828
OIII_4959,4960.295,28.5369347674266,28.5369347674266,214.4190491845206,219.3595535485402,0.2701795385684063,1.3188291028815921e-05,1.2729413233465203,0.7726074685620828
OII_3726,3727.092,0.0,0.0,0.0,10000000000.0,0.2701795385684063,1.3188291028815921e-05,1.2729413233465203,0.7726074685620828
OII_3729,3729.875,0.6987559965144783,0.6987559965144783,5.250269435231556,25.54249046958126,0.2701795385684063,1.3188291028815921e-05,1.2729413233465203,0.7726074685620828
OI_6300,6302.046,1.9086959024466523,1.9086959024466523,14.341440800157386,24.552666174269877,0.2701795385684063,1.3188291028815921e-05,1.2729413233465203,0.7726074685620828
SII_6717,6718.29,0.2577405738032894,0.2577405738032894,1.9365951256354121,23.35583057355409,0.2701795385684063,1.3188291028815921e-05,1.2729413233465203,0.7726074685620828
SII_6731,6732.67,6.486163922009268,6.486163922009268,48.73533588476517,58.41435012133857,0.2701795385684063,1.3188291028815921e-05,1.2729413233465203,0.7726074685620828
NII_6548,6549.85,3.5134811186416073,3.5134811186416073,26.39937634951658,32.72202226840073,0.2701795385684063,1.3188291028815921e-05,1.2729413233465203,0.7726074685620828
NII_6584,6585.28,0.0,0.0,0.0,10000000000.0,0.2701795385684063,1.3188291028815921e-05,1.2729413233465203,0.7726074685620828
NII_5755,5756.24,0.0,0.0,0.0,10000000000.0,0.2701795385684063,1.3188291028815921e-05,1.2729413233465203,0.7726074685620828
HeI_5876,5877.594,1.6645603335883834,1.6645603335883834,12.507070116223112,31.70122796509658,0.2701795385684063,1.3188291028815921e-05,1.2729413233465203,0.7726074685620828
HeII_4686,4687.02,0.0,0.0,0.0,10000000000.0,0.2701795385684063,1.3188291028815921e-05,1.2729413233465203,0.7726074685620828
NeIII_3869,3870.16,1.6712023134758738,3.400986760049158,12.556976212437903,26.666442850112084,0.2701795385684063,1.3188291028815921e-05,1.2729413233465203,0.7726074685620828
