line,wl,amp,amp_err,flux,flux_err,z,zerr,FWHM,FWHMerr
HI_6563,6564.61,7.836738759198397,7.836738759198397,280.2224900180281,69.35105428531168,0.27001986310750836,5.831024390683234e-05,6.057870149710546,0.6565520168116092
HI_4861,4862.683,6.631338908520661,6.631338908520661,237.12035812320082,66.94842777220296,0.27001986310750836,5.831024390683234e-05,6.057870149710546,0.6565520168116092
HI_4341,4341.684,1.253924802015149,1.253924802015149,44.837264723622056,60.711368283188605,0.27001986310750836,5.831024390683234e-05,6.057870149710546,0.6565520168116092
HI_4102,4102.892,0.0,0.0,0.0,10000000000.0,0.27001986310750836,5.831024390683234e-05,6.057870149710546,0.6565520168116092
OIII_4363,4364.436,3.021319900360595,3.021319900360595,108.03496347588697,61.868704213986646,0.27001986310750836,5.831024390683234e-05,6.057870149710546,0.6565520168116092
OIII_5007,5008.24,14.691134629826024,14.691134629826024,525.3188161118475,87.80080737284027,0.27001986310750836,5.831024390683234e-05,6.057870149710546,0.6565520168116092
OIII_4959,4960.295,0.0,0.0,0.0,10000000000.0,0.27001986310750836,5.831024390683234e-05,6.057870149710546,0.6565520168116092
OII_3726,3727.092,13.456526398350888,13.456526398350888,481.17226440822725,94.086601913891,0.27001986310750836,5.831024390683234e-05,6.057870149710546,0.6565520168116092
OII_3729,3729.875,0.0,0.0,0.0,10000000000.0,0.27001986310750836,5.831024390683234e-05,6.057870149710546,0.6565520168116092
OI_6300,6302.046,0.9677212765482182,0.9677212765482182,34.60333106542199,60.612960293719496,0.27001986310750836,5.831024390683234e-05,6.057870149710546,0.6565520168116092
SII_6717,6718.29,0.0,0.0,0.0,10000000000.0,0.27001986310750836,5.831024390683234e-05,6.057870149710546,0.6565520168116092
SII_6731,6732.67,0.0,0.0,0.0,10000000000.0,0.27001986310750836,5.831024390683234e-05,6.057870149710546,0.6565520168116092
NII_6548,6549.85,0.9212117179901043,0.9212117179901043,32.940263722071236,60.59932707308988,0.27001986310750836,5.831024390683234e-05,6.057870149710546,0.6565520168116092
NII_6584,6585.28,0.0,0.0,0.0,10000000000.0,0.27001986310750836,5.831024390683234e-05,6.057870149710546,0.6565520168116092
NII_5755,5756.24,1.9087327089644077,1.9087327089644077,68.25158384373313,61.030897487276285,0.27001986310750836,5.831024390683234e-05,6.057870149710546,0.6565520168116092
HeI_5876,5877.594,0.0,0.0,0.0,10000000000.0,0.27001986310750836,5.831024390683234e-05,6.057870149710546,0.6565520168116092
HeII_4686,4687.02,0.0,0.0,0.0,10000000000.0,0.27001986310750836,5.831024390683234e-05,6.057870149710546,0.6565520168116092
NeIII_3869,3870.16,0.0,10000000000.0,0.0,10000000000.0,0.27001986310750836,5.831024390683234e-05,6.057870149710546,0.6565520168116092
