line,wl,amp,amp_err,flux,flux_err,z,zerr,FWHM,FWHMerr
HI_6563,6564.61,1929.982410810801,1929.982410810801,55453.224823495126,216.94102987006522,0.26919026978746335,9.296562334491294e-07,4.8677223432464665,0.012679711058804893
HI_4861,4862.683,561.759147130867,561.759147130867,16140.746209918003,152.2876076838196,0.26919026978746335,9.296562334491294e-07,4.8677223432464665,0.012679711058804893
HI_4341,4341.684,217.48126016762285,217.48126016762285,6248.780894280641,145.98984304860952,0.26919026978746335,9.296562334491294e-07,4.8677223432464665,0.012679711058804893
HI_4102,4102.892,98.50680494277208,98.50680494277208,2830.3470386763124,145.0855782491817,0.26919026978746335,9.296562334491294e-07,4.8677223432464665,0.012679711058804893
OIII_4363,4364.436,2.435960318517459,2.435960318517459,69.99123642122339,144.85152667989888,0.26919026978746335,9.296562334491294e-07,4.8677223432464665,0.012679711058804893
OIII_5007,5008.24,1606.012097183378,1606.012097183378,46144.746913495735,197.59069170592252,0.26919026978746335,9.296562334491294e-07,4.8677223432464665,0.012679711058804893
OIII_4959,4960.295,540.4229585682992,540.4229585682992,15527.704114503515,151.74603019223088,0.26919026978746335,9.296562334491294e-07,4.8677223432464665,0.012679711058804893
OII_3726,3727.092,530.3990132874151,530.3990132874151,15239.691079687433,174.95004388801016,0.26919026978746335,9.296562334491294e-07,4.8677223432464665,0.012679711058804893
OII_3729,3729.875,659.3469653857321,659.3469653857321,18944.68846110566,176.8039069920355,0.26919026978746335,9.296562334491294e-07,4.8677223432464665,0.012679711058804893
OI_6300,6302.046,45.31456555765908,45.31456555765908,1302.0008770920426,144.90100878668486,0.26919026978746335,9.296562334491294e-07,4.8677223432464665,0.012679711058804893
SII_6717,6718.29,203.28685380977595,203.28685380977595,5840.940075323615,145.84681436688254,0.26919026978746335,9.296562334491294e-07,4.8677223432464665,0.012679711058804893
SII_6731,6732.67,163.66636498732578,163.66636498732578,4702.544273382036,145.49736635034947,0.26919026978746335,9.296562334491294e-07,4.8677223432464665,0.012679711058804893
NII_6548,6549.85,108.87206570269836,108.87206570269836,3128.166921414452,145.13759696613988,0.26919026978746335,9.296562334491294e-07,4.8677223432464665,0.012679711058804893
NII_6584,6585.28,335.6120258797541,335.6120258797541,9642.973438685452,147.54863734933272,0.26919026978746335,9.296562334491294e-07,4.8677223432464665,0.012679711058804893
NII_5755,5756.24,1.7940691462464429,1.7940691462464429,51.548096582861966,144.85145884727626,0.26919026978746335,9.296562334491294e-07,4.8677223432464665,0.012679711058804893
HeI_5876,5877.594,77.44668185914793,77.44668185914793,2225.236995380081,144.99628006941674,0.26919026978746335,9.296562334491294e-07,4.8677223432464665,0.012679711058804893
HeII_4686,4687.02,0.0,0.0,0.0,10000000000.0,0.26919026978746335,9.296562334491294e-07,4.8677223432464665,0.012679711058804893
NeIII_3869,3870.16,126.44877954294157,5.044064005066153,3633.189899231007,145.2372544861497,0.26919026978746335,9.296562334491294e-07,4.8677223432464665,0.012679711058804893
