line,wl,amp,amp_err,flux,flux_err,z,zerr,FWHM,FWHMerr
HI_6563,6564.61,55.41121205032687,55.41121205032687,1080.268309205272,52.34462575737159,0.26983585476999633,6.9871963736881415e-06,3.302830813753792,0.084355427157564
HI_4861,4862.683,19.144966532796616,19.144966532796616,373.24035805951513,43.61268176771359,0.26983585476999633,6.9871963736881415e-06,3.302830813753792,0.084355427157564
HI_4341,4341.684,7.761039379468798,7.761039379468798,151.3052066162995,42.5108140825452,0.26983585476999633,6.9871963736881415e-06,3.302830813753792,0.084355427157564
HI_4102,4102.892,6.197338315062666,6.197338315062666,120.8201000386943,42.43102293039754,0.26983585476999633,6.9871963736881415e-06,3.302830813753792,0.084355427157564
OIII_4363,4364.436,0.0,0.0,0.0,10000000000.0,0.26983585476999633,6.9871963736881415e-06,3.302830813753792,0.084355427157564
OIII_5007,5008.24,90.70197506554996,90.70197506554996,1768.27875839728,65.86295258351745,0.26983585476999633,6.9871963736881415e-06,3.302830813753792,0.084355427157564
OIII_4959,4960.295,30.30620869073323,30.30620869073323,590.8341580946772,45.53147754082688,0.26983585476999633,6.9871963736881415e-06,3.302830813753792,0.084355427157564
OII_3726,3727.092,23.967082849744543,23.967082849744543,467.2498418399689,46.459014922022035,0.26983585476999633,6.9871963736881415e-06,3.302830813753792,0.084355427157564
OII_3729,3729.875,37.630351321507305,37.630351321507305,733.6218518368481,48.71493414054367,0.26983585476999633,6.9871963736881415e-06,3.302830813753792,0.084355427157564
OI_6300,6302.046,0.0,0.0,0.0,10000000000.0,0.26983585476999633,6.9871963736881415e-06,3.302830813753792,0.084355427157564
SII_6717,6718.29,5.394939969981351,5.394939969981351,105.17695722559667,42.39698568273187,0.26983585476999633,6.9871963736881415e-06,3.302830813753792,0.084355427157564
SII_6731,6732.67,3.777107617702427,3.777107617702427,73.63653507806069,42.34299837853186,0.26983585476999633,6.9871963736881415e-06,3.302830813753792,0.084355427157564
NII_6548,6549.85,0.0,0.0,0.0,10000000000.0,0.26983585476999633,6.9871963736881415e-06,3.302830813753792,0.084355427157564
NII_6584,6585.28,1.9191767739121133,1.9191767739121133,37.41527701536421,42.303996987358644,0.26983585476999633,6.9871963736881415e-06,3.302830813753792,0.084355427157564
NII_5755,5756.24,0.0,0.0,0.0,10000000000.0,0.26983585476999633,6.9871963736881415e-06,3.302830813753792,0.084355427157564
HeI_5876,5877.594,3.6397390752201773,3.6397390752201773,70.95846907599393,42.33898915436831,0.26983585476999633,6.9871963736881415e-06,3.302830813753792,0.084355427157564
HeII_4686,4687.02,0.0,0.0,0.0,10000000000.0,0.26983585476999633,6.9871963736881415e-06,3.302830813753792,0.084355427157564
NeIII_3869,3870.16,10.09200754938854,2.173081332803174,196.74855554437363,42.66224192630237,0.26983585476999633,6.9871963736881415e-06,3.302830813753792,0.084355427157564
