line,wl,amp,amp_err,flux,flux_err,z,zerr,FWHM,FWHMerr
HI_6563,6564.61,0.0,0.0,0.0,10000000000.0,0.26997992325464576,2.6966597758198204e-05,0.6164931840910881,0.40981917965908937
HI_4861,4862.683,25.36844887262646,25.36844887262646,92.31448499232106,330.9623937790794,0.26997992325464576,2.6966597758198204e-05,0.6164931840910881,0.40981917965908937
HI_4341,4341.684,0.0,0.0,0.0,10000000000.0,0.26997992325464576,2.6966597758198204e-05,0.6164931840910881,0.40981917965908937
HI_4102,4102.892,0.0,0.0,0.0,10000000000.0,0.26997992325464576,2.6966597758198204e-05,0.6164931840910881,0.40981917965908937
OIII_4363,4364.436,17.974152627393096,17.974152627393096,65.4070200075019,134.81440747258236,0.26997992325464576,2.6966597758198204e-05,0.6164931840910881,0.40981917965908937
OIII_5007,5008.24,25.41020048614382,25.41020048614382,92.46641697361034,299.14765638860257,0.26997992325464576,2.6966597758198204e-05,0.6164931840910881,0.40981917965908937
OIII_4959,4960.295,110.41117905871192,110.41117905871192,401.7806206195797,604.308836276793,0.26997992325464576,2.6966597758198204e-05,0.6164931840910881,0.40981917965908937
OII_3726,3727.092,3.281254730168598,3.281254730168598,11.940317757108923,21.757883100353784,0.26997992325464576,2.6966597758198204e-05,0.6164931840910881,0.40981917965908937
OII_3729,3729.875,0.0,0.0,0.0,10000000000.0,0.26997992325464576,2.6966597758198204e-05,0.6164931840910881,0.40981917965908937
OI_6300,6302.046,0.3582189045098403,0.3582189045098403,1.303540230243318,12.996856974969871,0.26997992325464576,2.6966597758198204e-05,0.6164931840910881,0.40981917965908937
SII_6717,6718.29,0.0,0.0,0.0,10000000000.0,0.26997992325464576,2.6966597758198204e-05,0.6164931840910881,0.40981917965908937
SII_6731,6732.67,0.0,0.0,0.0,10000000000.0,0.26997992325464576,2.6966597758198204e-05,0.6164931840910881,0.40981917965908937
NII_6548,6549.85,3.7227728784172314,3.7227728784172314,13.546979665173623,46.33959341655335,0.26997992325464576,2.6966597758198204e-05,0.6164931840910881,0.40981917965908937
NII_6584,6585.28,0.2654423655685605,0.2654423655685605,0.9659311610118201,39.52168708851908,0.26997992325464576,2.6966597758198204e-05,0.6164931840910881,0.40981917965908937
NII_5755,5756.24,7.015083854325894,7.015083854325894,25.527530533757638,91.49220482557784,0.26997992325464576,2.6966597758198204e-05,0.6164931840910881,0.40981917965908937
HeI_5876,5877.594,10.576313070875472,10.576313070875472,38.48666109455903,81.99936683744917,0.26997992325464576,2.6966597758198204e-05,0.6164931840910881,0.40981917965908937
HeII_4686,4687.02,0.0,0.0,0.0,10000000000.0,0.26997992325464576,2.6966597758198204e-05,0.6164931840910881,0.40981917965908937
NeIII_3869,3870.16,3.2485426571244034,4.598901244458093,11.821280200210262,18.488337660099482,0.26997992325464576,2.6966597758198204e-05,0.6164931840910881,0.40981917965908937
