line,wl,amp,amp_err,flux,flux_err,z,zerr,FWHM,FWHMerr
HI_6563,6564.61,3.089631745643487,3.089631745643487,88.3636491463292,55.67731578491593,0.2701468607365811,5.196578662922282e-05,4.845284310931932,0.5928120380717292
HI_4861,4862.683,0.6619222607433812,0.6619222607433812,18.931015482005705,54.411606145791076,0.2701468607365811,5.196578662922282e-05,4.845284310931932,0.5928120380717292
HI_4341,4341.684,0.0,0.0,0.0,10000000000.0,0.2701468607365811,5.196578662922282e-05,4.845284310931932,0.5928120380717292
HI_4102,4102.892,2.3789777625652277,2.3789777625652277,68.03890354720926,55.14097945435771,0.2701468607365811,5.196578662922282e-05,4.845284310931932,0.5928120380717292
OIII_4363,4364.436,0.6767997516923288,0.6767997516923288,19.356512595777975,54.41441072503668,0.2701468607365811,5.196578662922282e-05,4.845284310931932,0.5928120380717292
OIII_5007,5008.24,9.15308163147131,9.15308163147131,261.7786715298622,65.08496440666396,0.2701468607365811,5.196578662922282e-05,4.845284310931932,0.5928120380717292
OIII_4959,4960.295,15.561391522057761,15.561391522057761,445.05671027709656,81.60160642076572,0.2701468607365811,5.196578662922282e-05,4.845284310931932,0.5928120380717292
OII_3726,3727.092,9.264909587366674,9.264909587366674,264.97695762768683,69.9763958324675,0.2701468607365811,5.196578662922282e-05,4.845284310931932,0.5928120380717292
OII_3729,3729.875,0.0,0.0,0.0,10000000000.0,0.2701468607365811,5.196578662922282e-05,4.845284310931932,0.5928120380717292
OI_6300,6302.046,4.581067624489947,4.581067624489947,131.01880276082173,57.22846616861593,0.2701468607365811,5.196578662922282e-05,4.845284310931932,0.5928120380717292
SII_6717,6718.29,0.0,0.0,0.0,10000000000.0,0.2701468607365811,5.196578662922282e-05,4.845284310931932,0.5928120380717292
SII_6731,6732.67,0.9585620841918399,0.9585620841918399,27.41493183190369,54.47913695651544,0.2701468607365811,5.196578662922282e-05,4.845284310931932,0.5928120380717292
NII_6548,6549.85,0.0,0.0,0.0,10000000000.0,0.2701468607365811,5.196578662922282e-05,4.845284310931932,0.5928120380717292
NII_6584,6585.28,1.372290263262812,1.372290263262812,39.24758202036907,54.614406988306456,0.2701468607365811,5.196578662922282e-05,4.845284310931932,0.5928120380717292
NII_5755,5756.24,0.0,0.0,0.0,10000000000.0,0.2701468607365811,5.196578662922282e-05,4.845284310931932,0.5928120380717292
HeI_5876,5877.594,0.0,0.0,0.0,10000000000.0,0.2701468607365811,5.196578662922282e-05,4.845284310931932,0.5928120380717292
HeII_4686,4687.02,0.0,0.0,0.0,10000000000.0,0.2701468607365811,5.196578662922282e-05,4.845284310931932,0.5928120380717292
NeIII_3869,3870.16,4.004718066454188,1.916050390304891,114.53517159548146,56.56249967804339,0.2701468607365811,5.196578662922282e-05,4.845284310931932,0.5928120380717292
