line,wl,amp,amp_err,flux,flux_err,z,zerr,FWHM,FWHMerr
HI_6563,6564.61,115.87491248552874,115.87491248552874,2175.9777004674856,70.17365794628256,0.2698983884073269,4.943882547734069e-06,3.1813933066714233,0.06503434371405409
HI_4861,4862.683,27.964764780204405,27.964764780204405,525.141320543761,50.942294656877785,0.2698983884073269,4.943882547734069e-06,3.1813933066714233,0.06503434371405409
HI_4341,4341.684,13.756826418058381,13.756826418058381,258.3350172422824,49.858694108665716,0.2698983884073269,4.943882547734069e-06,3.1813933066714233,0.06503434371405409
HI_4102,4102.892,2.5160178228712766,2.5160178228712766,47.247489202896965,49.52039674262492,0.2698983884073269,4.943882547734069e-06,3.1813933066714233,0.06503434371405409
OIII_4363,4364.436,0.0,0.0,0.0,10000000000.0,0.2698983884073269,4.943882547734069e-06,3.1813933066714233,0.06503434371405409
OIII_5007,5008.24,118.50701430700337,118.50701430700337,2225.405093731786,70.97586312148998,0.2698983884073269,4.943882547734069e-06,3.1813933066714233,0.06503434371405409
OIII_4959,4960.295,39.73648010815509,39.73648010815509,746.1985753060546,52.36420860968845,0.2698983884073269,4.943882547734069e-06,3.1813933066714233,0.06503434371405409
OII_3726,3727.092,29.65071178888161,29.65071178888161,556.8011769903376,52.835256523527555,0.2698983884073269,4.943882547734069e-06,3.1813933066714233,0.06503434371405409
OII_3729,3729.875,47.096314362865314,47.096314362865314,884.4065348536936,54.78649965221977,0.2698983884073269,4.943882547734069e-06,3.1813933066714233,0.06503434371405409
OI_6300,6302.046,3.712730761646526,3.712730761646526,69.72017645485982,49.5345018390581,0.2698983884073269,4.943882547734069e-06,3.1813933066714233,0.06503434371405409
SII_6717,6718.29,14.390122885244978,14.390122885244978,270.2274878454854,49.892471098996964,0.2698983884073269,4.943882547734069e-06,3.1813933066714233,0.06503434371405409
SII_6731,6732.67,7.854303042330002,7.854303042330002,147.49342982208017,49.62246458785135,0.2698983884073269,4.943882547734069e-06,3.1813933066714233,0.06503434371405409
NII_6548,6549.85,0.0,0.0,0.0,10000000000.0,0.2698983884073269,4.943882547734069e-06,3.1813933066714233,0.06503434371405409
NII_6584,6585.28,13.314894888180447,13.314894888180447,250.03612722786312,49.83705906236229,0.2698983884073269,4.943882547734069e-06,3.1813933066714233,0.06503434371405409
NII_5755,5756.24,0.0,0.0,0.0,10000000000.0,0.2698983884073269,4.943882547734069e-06,3.1813933066714233,0.06503434371405409
HeI_5876,5877.594,3.311741697457933,3.311741697457933,62.19013183096703,49.52888145229355,0.2698983884073269,4.943882547734069e-06,3.1813933066714233,0.06503434371405409
HeII_4686,4687.02,0.0,0.0,0.0,10000000000.0,0.2698983884073269,4.943882547734069e-06,3.1813933066714233,0.06503434371405409
NeIII_3869,3870.16,11.483538364408673,2.6390026330084395,215.6456722807605,49.75265888014896,0.2698983884073269,4.943882547734069e-06,3.1813933066714233,0.06503434371405409
