line,wl,amp,amp_err,flux,flux_err,z,zerr,FWHM,FWHMerr
HI_6563,6564.61,2.9603106477976553,2.9603106477976553,24.514194426588897,29.097613601600212,0.2701918388020381,1.6093051530469727e-05,1.4029192706874976,0.5231041692597149
HI_4861,4862.683,7.371266550691757,7.371266550691757,61.04111456285935,42.35682436132805,0.2701918388020381,1.6093051530469727e-05,1.4029192706874976,0.5231041692597149
HI_4341,4341.684,0.0,0.0,0.0,10000000000.0,0.2701918388020381,1.6093051530469727e-05,1.4029192706874976,0.5231041692597149
HI_4102,4102.892,0.0,0.0,0.0,10000000000.0,0.2701918388020381,1.6093051530469727e-05,1.4029192706874976,0.5231041692597149
OIII_4363,4364.436,0.0,0.0,0.0,10000000000.0,0.2701918388020381,1.6093051530469727e-05,1.4029192706874976,0.5231041692597149
OIII_5007,5008.24,0.0,0.0,0.0,10000000000.0,0.2701918388020381,1.6093051530469727e-05,1.4029192706874976,0.5231041692597149
OIII_4959,4960.295,28.016084270735064,28.016084270735064,231.99988737514494,130.82399005864232,0.2701918388020381,1.6093051530469727e-05,1.4029192706874976,0.5231041692597149
OII_3726,3727.092,11.476616415663216,11.476616415663216,95.03732535038336,59.38189350130654,0.2701918388020381,1.6093051530469727e-05,1.4029192706874976,0.5231041692597149
OII_3729,3729.875,0.26469569113476155,0.26469569113476155,2.1919326747634607,28.173260606367403,0.2701918388020381,1.6093051530469727e-05,1.4029192706874976,0.5231041692597149
OI_6300,6302.046,0.0,0.0,0.0,10000000000.0,0.2701918388020381,1.6093051530469727e-05,1.4029192706874976,0.5231041692597149
SII_6717,6718.29,0.651803669015635,0.651803669015635,5.397555787633488,25.569203577572488,0.2701918388020381,1.6093051530469727e-05,1.4029192706874976,0.5231041692597149
SII_6731,6732.67,0.5627987622259525,0.5627987622259525,4.660510305063634,31.266226160984694,0.2701918388020381,1.6093051530469727e-05,1.4029192706874976,0.5231041692597149
NII_6548,6549.85,3.487631106948811,3.487631106948811,28.880910558345736,29.73924360904854,0.2701918388020381,1.6093051530469727e-05,1.4029192706874976,0.5231041692597149
NII_6584,6585.28,0.0,0.0,0.0,10000000000.0,0.2701918388020381,1.6093051530469727e-05,1.4029192706874976,0.5231041692597149
NII_5755,5756.24,0.18996978758048044,0.18996978758048044,1.5731309521148622,30.03985432971135,0.2701918388020381,1.6093051530469727e-05,1.4029192706874976,0.5231041692597149
HeI_5876,5877.594,0.0,0.0,0.0,10000000000.0,0.2701918388020381,1.6093051530469727e-05,1.4029192706874976,0.5231041692597149
HeII_4686,4687.02,0.0,0.0,0.0,10000000000.0,0.2701918388020381,1.6093051530469727e-05,1.4029192706874976,0.5231041692597149
NeIII_3869,3870.16,0.0,10000000000.0,0.0,10000000000.0,0.2701918388020381,1.6093051530469727e-05,1.4029192706874976,0.5231041692597149
