line,wl,amp,amp_err,flux,flux_err,z,zerr,FWHM,FWHMerr
HI_6563,6564.61,198.09819331692552,198.09819331692552,5703.014367990151,82.11569011192086,0.2692747194973233,3.3763062546945596e-06,4.8772643231942485,0.043293866232660405
HI_4861,4862.683,81.50344454055721,81.50344454055721,2346.388462573487,63.88889918230121,0.2692747194973233,3.3763062546945596e-06,4.8772643231942485,0.043293866232660405
HI_4341,4341.684,35.58276342617114,35.58276342617114,1024.385975835703,60.35631479560962,0.2692747194973233,3.3763062546945596e-06,4.8772643231942485,0.043293866232660405
HI_4102,4102.892,19.20275323940666,19.20275323940666,552.8247168519167,59.74637866189684,0.2692747194973233,3.3763062546945596e-06,4.8772643231942485,0.043293866232660405
OIII_4363,4364.436,2.896781884555139,2.896781884555139,83.39494889850691,59.49969282890268,0.2692747194973233,3.3763062546945596e-06,4.8772643231942485,0.043293866232660405
OIII_5007,5008.24,203.68327721240144,203.68327721240144,5863.802375033566,83.22358912311238,0.2692747194973233,3.3763062546945596e-06,4.8772643231942485,0.043293866232660405
OIII_4959,4960.295,65.2546427823786,65.2546427823786,1878.6045401766598,62.34684638617265,0.2692747194973233,3.3763062546945596e-06,4.8772643231942485,0.043293866232660405
OII_3726,3727.092,99.00750111095704,99.00750111095704,2850.309697026126,78.33184056303547,0.2692747194973233,3.3763062546945596e-06,4.8772643231942485,0.043293866232660405
OII_3729,3729.875,139.31206508010564,139.31206508010564,4010.6307659007784,81.10503821680186,0.2692747194973233,3.3763062546945596e-06,4.8772643231942485,0.043293866232660405
OI_6300,6302.046,6.988416824691626,6.988416824691626,201.1883142061712,59.52743196862161,0.2692747194973233,3.3763062546945596e-06,4.8772643231942485,0.043293866232660405
SII_6717,6718.29,28.706322541174814,28.706322541174814,826.4213174451597,60.056616315197665,0.2692747194973233,3.3763062546945596e-06,4.8772643231942485,0.043293866232660405
SII_6731,6732.67,19.139205623601924,19.139205623601924,550.9952556139431,59.744713911860664,0.2692747194973233,3.3763062546945596e-06,4.8772643231942485,0.043293866232660405
NII_6548,6549.85,7.16022266888956,7.16022266888956,206.13440271692278,59.52909836160895,0.2692747194973233,3.3763062546945596e-06,4.8772643231942485,0.043293866232660405
NII_6584,6585.28,27.705929173587265,27.705929173587265,797.6211671082692,60.01824924766759,0.2692747194973233,3.3763062546945596e-06,4.8772643231942485,0.043293866232660405
NII_5755,5756.24,0.0,0.0,0.0,10000000000.0,0.2692747194973233,3.3763062546945596e-06,4.8772643231942485,0.043293866232660405
HeI_5876,5877.594,7.583322109516644,7.583322109516644,218.31493878634836,59.53337468104574,0.2692747194973233,3.3763062546945596e-06,4.8772643231942485,0.043293866232660405
HeII_4686,4687.02,0.0,0.0,0.0,10000000000.0,0.2692747194973233,3.3763062546945596e-06,4.8772643231942485,0.043293866232660405
NeIII_3869,3870.16,17.567447675215817,2.0680338248899894,505.7461899230303,59.705285298100236,0.2692747194973233,3.3763062546945596e-06,4.8772643231942485,0.043293866232660405
