line,wl,amp,amp_err,flux,flux_err,z,zerr,FWHM,FWHMerr
HI_6563,6564.61,39.38798371697999,39.38798371697999,883.2137810092347,61.00999100953574,0.26937228580209777,1.2555922326936476e-05,3.7988699736800635,0.15532757191018745
HI_4861,4862.683,10.833291078361412,10.833291078361412,242.91956762357503,47.06822623950928,0.26937228580209777,1.2555922326936476e-05,3.7988699736800635,0.15532757191018745
HI_4341,4341.684,8.2981100928165,8.2981100928165,186.07210876721905,46.52374036968594,0.26937228580209777,1.2555922326936476e-05,3.7988699736800635,0.15532757191018745
HI_4102,4102.892,2.7782786052972597,2.7782786052972597,62.298541842440834,45.82812357258757,0.26937228580209777,1.2555922326936476e-05,3.7988699736800635,0.15532757191018745
OIII_4363,4364.436,0.6860599489393735,0.6860599489393735,15.383818726433807,45.74495081838164,0.26937228580209777,1.2555922326936476e-05,3.7988699736800635,0.15532757191018745
OIII_5007,5008.24,45.225334727279915,45.225334727279915,1014.1072254142731,65.12424261127906,0.26937228580209777,1.2555922326936476e-05,3.7988699736800635,0.15532757191018745
OIII_4959,4960.295,12.755547655578425,12.755547655578425,286.02315758727786,47.57170379043182,0.26937228580209777,1.2555922326936476e-05,3.7988699736800635,0.15532757191018745
OII_3726,3727.092,28.89949800042382,28.89949800042382,648.0259330263627,59.40606370489389,0.26937228580209777,1.2555922326936476e-05,3.7988699736800635,0.15532757191018745
OII_3729,3729.875,29.97975076195621,29.97975076195621,672.2489075460609,59.8051935312377,0.26937228580209777,1.2555922326936476e-05,3.7988699736800635,0.15532757191018745
OI_6300,6302.046,0.0,0.0,0.0,10000000000.0,0.26937228580209777,1.2555922326936476e-05,3.7988699736800635,0.15532757191018745
SII_6717,6718.29,6.722258026459031,6.722258026459031,150.73609685456074,46.255675735752234,0.26937228580209777,1.2555922326936476e-05,3.7988699736800635,0.15532757191018745
SII_6731,6732.67,5.854835380585428,5.854835380585428,131.28550399608983,46.13159662010928,0.26937228580209777,1.2555922326936476e-05,3.7988699736800635,0.15532757191018745
NII_6548,6549.85,0.0,0.0,0.0,10000000000.0,0.26937228580209777,1.2555922326936476e-05,3.7988699736800635,0.15532757191018745
NII_6584,6585.28,2.7290911096241643,2.7290911096241643,61.1955893698297,45.82502251728636,0.26937228580209777,1.2555922326936476e-05,3.7988699736800635,0.15532757191018745
NII_5755,5756.24,0.0,0.0,0.0,10000000000.0,0.26937228580209777,1.2555922326936476e-05,3.7988699736800635,0.15532757191018745
HeI_5876,5877.594,2.212410070149417,2.212410070149417,49.60982713002389,45.79573854129988,0.26937228580209777,1.2555922326936476e-05,3.7988699736800635,0.15532757191018745
HeII_4686,4687.02,0.0,0.0,0.0,10000000000.0,0.26937228580209777,1.2555922326936476e-05,3.7988699736800635,0.15532757191018745
NeIII_3869,3870.16,5.051845308425072,2.042423052468655,113.27971058351949,46.031753927081894,0.26937228580209777,1.2555922326936476e-05,3.7988699736800635,0.15532757191018745
