line,wl,amp,amp_err,flux,flux_err,z,zerr,FWHM,FWHMerr
HI_6563,6564.61,798.5292862841804,798.5292862841804,22038.57130141523,127.99142484084183,0.26925021601435406,1.2948629913922059e-06,4.675681608958771,0.016780978544712877
HI_4861,4862.683,309.8890235508843,309.8890235508843,8552.61223145875,98.68817764922548,0.26925021601435406,1.2948629913922059e-06,4.675681608958771,0.016780978544712877
HI_4341,4341.684,116.49186595199194,116.49186595199194,3215.0533961809188,93.42395837455918,0.26925021601435406,1.2948629913922059e-06,4.675681608958771,0.016780978544712877
HI_4102,4102.892,58.83432261480107,58.83432261480107,1623.7656353849961,92.75807463564108,0.26925021601435406,1.2948629913922059e-06,4.675681608958771,0.016780978544712877
OIII_4363,4364.436,6.169059603233563,6.169059603233563,170.2595787828861,92.53135944072228,0.26925021601435406,1.2948629913922059e-06,4.675681608958771,0.016780978544712877
OIII_5007,5008.24,859.3274037156207,859.3274037156207,23716.535615334917,132.73272862316765,0.26925021601435406,1.2948629913922059e-06,4.675681608958771,0.016780978544712877
OIII_4959,4960.295,276.72615091391845,276.72615091391845,7637.351707238696,97.47183734462817,0.26925021601435406,1.2948629913922059e-06,4.675681608958771,0.016780978544712877
OII_3726,3727.092,326.2979006740238,326.2979006740238,9005.480040649878,114.97728022926613,0.26925021601435406,1.2948629913922059e-06,4.675681608958771,0.016780978544712877
OII_3729,3729.875,470.23775619129697,470.23775619129697,12978.069178481323,118.61627504591262,0.26925021601435406,1.2948629913922059e-06,4.675681608958771,0.016780978544712877
OI_6300,6302.046,23.413067633520313,23.413067633520313,646.1761256462721,92.56517807302981,0.26925021601435406,1.2948629913922059e-06,4.675681608958771,0.016780978544712877
SII_6717,6718.29,93.75835409127103,93.75835409127103,2587.632297569182,93.10962946165009,0.26925021601435406,1.2948629913922059e-06,4.675681608958771,0.016780978544712877
SII_6731,6732.67,74.23728480620753,74.23728480620753,2048.8712468371823,92.89339862235137,0.26925021601435406,1.2948629913922059e-06,4.675681608958771,0.016780978544712877
NII_6548,6549.85,42.488066544033245,42.488066544033245,1172.626101601381,92.64843314803255,0.26925021601435406,1.2948629913922059e-06,4.675681608958771,0.016780978544712877
NII_6584,6585.28,132.62806917839953,132.62806917839953,3660.3956916327506,93.68732547807551,0.26925021601435406,1.2948629913922059e-06,4.675681608958771,0.016780978544712877
NII_5755,5756.24,5.1979517077355695,5.1979517077355695,143.45801876009773,92.53063104947655,0.26925021601435406,1.2948629913922059e-06,4.675681608958771,0.016780978544712877
HeI_5876,5877.594,31.021909714005687,31.021909714005687,856.1721916544369,92.59262536471596,0.26925021601435406,1.2948629913922059e-06,4.675681608958771,0.016780978544712877
HeII_4686,4687.02,0.0,0.0,0.0,10000000000.0,0.26925021601435406,1.2948629913922059e-06,4.675681608958771,0.016780978544712877
NeIII_3869,3870.16,72.0815126758589,3.3551181407640547,1989.374195670315,92.872598641848,0.26925021601435406,1.2948629913922059e-06,4.675681608958771,0.016780978544712877
