line,wl,amp,amp_err,flux,flux_err,z,zerr,FWHM,FWHMerr
HI_6563,6564.61,27.140264191614733,27.140264191614733,855.3825482420492,75.77152158848067,0.26921458691668276,2.306453265261889e-05,5.339476215645849,0.2856138094844068
HI_4861,4862.683,8.861778488648497,8.861778488648497,279.29760049715037,58.33697730071308,0.26921458691668276,2.306453265261889e-05,5.339476215645849,0.2856138094844068
HI_4341,4341.684,3.39115095576949,3.39115095576949,106.87925974264385,56.258718788340396,0.26921458691668276,2.306453265261889e-05,5.339476215645849,0.2856138094844068
HI_4102,4102.892,1.3608851614565083,1.3608851614565083,42.891160124782964,55.953221308761464,0.26921458691668276,2.306453265261889e-05,5.339476215645849,0.2856138094844068
OIII_4363,4364.436,0.0,0.0,0.0,10000000000.0,0.26921458691668276,2.306453265261889e-05,5.339476215645849,0.2856138094844068
OIII_5007,5008.24,29.701914895895925,29.701914895895925,936.1183617059093,79.11215446372513,0.26921458691668276,2.306453265261889e-05,5.339476215645849,0.2856138094844068
OIII_4959,4960.295,7.370707786663047,7.370707786663047,232.3033690604706,57.59509601554907,0.26921458691668276,2.306453265261889e-05,5.339476215645849,0.2856138094844068
OII_3726,3727.092,20.753418259711566,20.753418259711566,654.0876562730681,81.29954089464762,0.26921458691668276,2.306453265261889e-05,5.339476215645849,0.2856138094844068
OII_3729,3729.875,17.802137316466656,17.802137316466656,561.0718257716468,80.06164481178969,0.26921458691668276,2.306453265261889e-05,5.339476215645849,0.2856138094844068
OI_6300,6302.046,3.2223974298698295,3.2223974298698295,101.56063719756634,56.22347786164934,0.26921458691668276,2.306453265261889e-05,5.339476215645849,0.2856138094844068
SII_6717,6718.29,3.369137855993017,3.369137855993017,106.18547057211238,56.25403620528019,0.26921458691668276,2.306453265261889e-05,5.339476215645849,0.2856138094844068
SII_6731,6732.67,3.202431162027324,3.202431162027324,100.93135824341074,56.21939022534097,0.26921458691668276,2.306453265261889e-05,5.339476215645849,0.2856138094844068
NII_6548,6549.85,0.0,0.0,0.0,10000000000.0,0.26921458691668276,2.306453265261889e-05,5.339476215645849,0.2856138094844068
NII_6584,6585.28,2.7099641389825138,2.7099641389825138,85.41022351446458,56.12733519405885,0.26921458691668276,2.306453265261889e-05,5.339476215645849,0.2856138094844068
NII_5755,5756.24,0.802151533551978,0.802151533551978,25.281493872043836,55.91482784181861,0.26921458691668276,2.306453265261889e-05,5.339476215645849,0.2856138094844068
HeI_5876,5877.594,0.0,0.0,0.0,10000000000.0,0.26921458691668276,2.306453265261889e-05,5.339476215645849,0.2856138094844068
HeII_4686,4687.02,0.0,0.0,0.0,10000000000.0,0.26921458691668276,2.306453265261889e-05,5.339476215645849,0.2856138094844068
NeIII_3869,3870.16,4.051712957598966,1.7767700905790327,127.69826151829125,56.41371480977156,0.26921458691668276,2.306453265261889e-05,5.339476215645849,0.2856138094844068
