line,wl,amp,amp_err,flux,flux_err,z,zerr,FWHM,FWHMerr
HI_6563,6564.61,0.0,0.0,0.0,10000000000.0,0.27052014502648053,3.3581621242975624e-05,1.949974299997117,0.3497467973558493
HI_4861,4862.683,0.0,0.0,0.0,10000000000.0,0.27052014502648053,3.3581621242975624e-05,1.949974299997117,0.3497467973558493
HI_4341,4341.684,1.1175699003094905,1.1175699003094905,12.863265749999867,33.40529362771185,0.27052014502648053,3.3581621242975624e-05,1.949974299997117,0.3497467973558493
HI_4102,4102.892,7.760971457889468,7.760971457889468,89.32903285364935,38.7312982229356,0.27052014502648053,3.3581621242975624e-05,1.949974299997117,0.3497467973558493
OIII_4363,4364.436,0.0,0.0,0.0,10000000000.0,0.27052014502648053,3.3581621242975624e-05,1.949974299997117,0.3497467973558493
OIII_5007,5008.24,4.7507903663982916,4.7507903663982916,54.681750992575026,35.935567641384296,0.27052014502648053,3.3581621242975624e-05,1.949974299997117,0.3497467973558493
OIII_4959,4960.295,0.0,0.0,0.0,10000000000.0,0.27052014502648053,3.3581621242975624e-05,1.949974299997117,0.3497467973558493
OII_3726,3727.092,0.0,0.0,0.0,10000000000.0,0.27052014502648053,3.3581621242975624e-05,1.949974299997117,0.3497467973558493
OII_3729,3729.875,2.582501024876933,2.582501024876933,29.724670442036334,34.1352158528612,0.27052014502648053,3.3581621242975624e-05,1.949974299997117,0.3497467973558493
OI_6300,6302.046,0.0,0.0,0.0,10000000000.0,0.27052014502648053,3.3581621242975624e-05,1.949974299997117,0.3497467973558493
SII_6717,6718.29,0.7869846764001522,0.7869846764001522,9.05821911534068,33.829634658333326,0.27052014502648053,3.3581621242975624e-05,1.949974299997117,0.3497467973558493
SII_6731,6732.67,0.4520790762978777,0.4520790762978777,5.2034448107663325,33.910601009762814,0.27052014502648053,3.3581621242975624e-05,1.949974299997117,0.3497467973558493
NII_6548,6549.85,2.652176682037407,2.652176682037407,30.526639512707305,34.73348887100659,0.27052014502648053,3.3581621242975624e-05,1.949974299997117,0.3497467973558493
NII_6584,6585.28,0.0,0.0,0.0,10000000000.0,0.27052014502648053,3.3581621242975624e-05,1.949974299997117,0.3497467973558493
NII_5755,5756.24,2.174252277635901,2.174252277635901,25.0257141383531,33.732445691450756,0.27052014502648053,3.3581621242975624e-05,1.949974299997117,0.3497467973558493
HeI_5876,5877.594,1.0989337929510157,1.0989337929510157,12.648763550691164,33.67931206638053,0.27052014502648053,3.3581621242975624e-05,1.949974299997117,0.3497467973558493
HeII_4686,4687.02,0.0,0.0,0.0,10000000000.0,0.27052014502648053,3.3581621242975624e-05,1.949974299997117,0.3497467973558493
NeIII_3869,3870.16,7.269504538990759,2.967696537652084,83.6722326987982,37.30966573630171,0.27052014502648053,3.3581621242975624e-05,1.949974299997117,0.3497467973558493
