line,wl,amp,amp_err,flux,flux_err,z,zerr,FWHM,FWHMerr
HI_6563,6564.61,13.414868900159945,13.414868900159945,292.3034222231558,62.417128048117775,0.269537229920997,3.6940755010289466e-05,3.6914739583765477,0.485144555608968
HI_4861,4862.683,2.2949948451336013,2.2949948451336013,50.006813499985434,45.88127016407941,0.269537229920997,3.6940755010289466e-05,3.6914739583765477,0.485144555608968
HI_4341,4341.684,0.25502463982240897,0.25502463982240897,5.556861980994019,45.29638461235371,0.269537229920997,3.6940755010289466e-05,3.6914739583765477,0.485144555608968
HI_4102,4102.892,1.622863949725911,1.622863949725911,35.361410524244135,45.58620896045286,0.269537229920997,3.6940755010289466e-05,3.6914739583765477,0.485144555608968
OIII_4363,4364.436,3.052485951844119,3.052485951844119,66.51217366734794,46.33158613795582,0.269537229920997,3.6940755010289466e-05,3.6914739583765477,0.485144555608968
OIII_5007,5008.24,12.258076254730213,12.258076254730213,267.09747712013234,59.92931387591151,0.269537229920997,3.6940755010289466e-05,3.6914739583765477,0.485144555608968
OIII_4959,4960.295,4.434991821433641,4.434991821433641,96.63629936191951,47.46374703004004,0.269537229920997,3.6940755010289466e-05,3.6914739583765477,0.485144555608968
OII_3726,3727.092,4.746883554956526,4.746883554956526,103.43226745898863,52.34664443401299,0.269537229920997,3.6940755010289466e-05,3.6914739583765477,0.485144555608968
OII_3729,3729.875,9.952524204806195,9.952524204806195,216.86062729908286,57.69705365047801,0.269537229920997,3.6940755010289466e-05,3.6914739583765477,0.485144555608968
OI_6300,6302.046,2.1445886454412175,2.1445886454412175,46.72953608334673,45.80666494186861,0.269537229920997,3.6940755010289466e-05,3.6914739583765477,0.485144555608968
SII_6717,6718.29,0.0,0.0,0.0,10000000000.0,0.269537229920997,3.6940755010289466e-05,3.6914739583765477,0.485144555608968
SII_6731,6732.67,5.7287805055373155,5.7287805055373155,124.82732104179509,48.86251920615391,0.269537229920997,3.6940755010289466e-05,3.6914739583765477,0.485144555608968
NII_6548,6549.85,1.5272074170229644,1.5272074170229644,33.27710153284288,45.55230006908707,0.269537229920997,3.6940755010289466e-05,3.6914739583765477,0.485144555608968
NII_6584,6585.28,0.0,0.0,0.0,10000000000.0,0.269537229920997,3.6940755010289466e-05,3.6914739583765477,0.485144555608968
NII_5755,5756.24,3.2920411221215318,3.2920411221215318,71.73196348448911,46.49949640977382,0.269537229920997,3.6940755010289466e-05,3.6914739583765477,0.485144555608968
HeI_5876,5877.594,0.0,0.0,0.0,10000000000.0,0.269537229920997,3.6940755010289466e-05,3.6914739583765477,0.485144555608968
HeII_4686,4687.02,0.0,0.0,0.0,10000000000.0,0.269537229920997,3.6940755010289466e-05,3.6914739583765477,0.485144555608968
NeIII_3869,3870.16,0.7959852196689781,2.0791364802478283,17.344128032851565,45.36067311304165,0.269537229920997,3.6940755010289466e-05,3.6914739583765477,0.485144555608968
