line,wl,amp,amp_err,flux,flux_err,z,zerr,FWHM,FWHMerr
HI_6563,6564.61,0.0,0.0,0.0,10000000000.0,0.27036899315448787,1.191258579592897e-05,0.40553694282338126,1.5095056654280135
HI_4861,4862.683,0.0,0.0,0.0,10000000000.0,0.27036899315448787,1.191258579592897e-05,0.40553694282338126,1.5095056654280135
HI_4341,4341.684,0.0,0.0,0.0,10000000000.0,0.27036899315448787,1.191258579592897e-05,0.40553694282338126,1.5095056654280135
HI_4102,4102.892,0.0,0.0,0.0,10000000000.0,0.27036899315448787,1.191258579592897e-05,0.40553694282338126,1.5095056654280135
OIII_4363,4364.436,0.0,0.0,0.0,10000000000.0,0.27036899315448787,1.191258579592897e-05,0.40553694282338126,1.5095056654280135
OIII_5007,5008.24,0.4381641148034987,0.4381641148034987,1.0488536345182649,8.374425738398116,0.27036899315448787,1.191258579592897e-05,0.40553694282338126,1.5095056654280135
OIII_4959,4960.295,95.21933389540186,95.21933389540186,227.9309077544818,3004.9048871200116,0.27036899315448787,1.191258579592897e-05,0.40553694282338126,1.5095056654280135
OII_3726,3727.092,0.14159781480964284,0.14159781480964284,0.3389492148838844,7.7667351860060085,0.27036899315448787,1.191258579592897e-05,0.40553694282338126,1.5095056654280135
OII_3729,3729.875,0.0,0.0,0.0,10000000000.0,0.27036899315448787,1.191258579592897e-05,0.40553694282338126,1.5095056654280135
OI_6300,6302.046,0.0,0.0,0.0,10000000000.0,0.27036899315448787,1.191258579592897e-05,0.40553694282338126,1.5095056654280135
SII_6717,6718.29,1.3139179080085341,1.3139179080085341,3.1451858486663595,16.582120601281662,0.27036899315448787,1.191258579592897e-05,0.40553694282338126,1.5095056654280135
SII_6731,6732.67,0.0,0.0,0.0,10000000000.0,0.27036899315448787,1.191258579592897e-05,0.40553694282338126,1.5095056654280135
NII_6548,6549.85,20.565908736386746,20.565908736386746,49.22956352782072,835.6534796061139,0.27036899315448787,1.191258579592897e-05,0.40553694282338126,1.5095056654280135
NII_6584,6585.28,62.39482561533487,62.39482561533487,149.35736955803927,2410.1904660036,0.27036899315448787,1.191258579592897e-05,0.40553694282338126,1.5095056654280135
NII_5755,5756.24,3.9692479111490684,3.9692479111490684,9.501371648793656,65.58546514755267,0.27036899315448787,1.191258579592897e-05,0.40553694282338126,1.5095056654280135
HeI_5876,5877.594,2500.6192144542915,2500.6192144542915,5985.8474553600045,293176.24531296134,0.27036899315448787,1.191258579592897e-05,0.40553694282338126,1.5095056654280135
HeII_4686,4687.02,0.0,0.0,0.0,10000000000.0,0.27036899315448787,1.191258579592897e-05,0.40553694282338126,1.5095056654280135
NeIII_3869,3870.16,98.47812263424589,2448.2132911768736,235.7316205408235,5925.725054080846,0.27036899315448787,1.191258579592897e-05,0.40553694282338126,1.5095056654280135
