line,wl,amp,amp_err,flux,flux_err,z,zerr,FWHM,FWHMerr
HI_6563,6564.61,0.1301239785789221,0.1301239785789221,0.7389481882989274,33.48393868650722,0.27016741710033987,1.1973963428550956e-05,0.9620751496902008,0.37415633028500045
HI_4861,4862.683,1.5137251954904514,1.5137251954904514,8.596144254163601,28.40033187117434,0.27016741710033987,1.1973963428550956e-05,0.9620751496902008,0.37415633028500045
HI_4341,4341.684,0.0,0.0,0.0,10000000000.0,0.27016741710033987,1.1973963428550956e-05,0.9620751496902008,0.37415633028500045
HI_4102,4102.892,0.07187155461167549,0.07187155461167549,0.40814426096196726,25.09613214835595,0.27016741710033987,1.1973963428550956e-05,0.9620751496902008,0.37415633028500045
OIII_4363,4364.436,0.0,0.0,0.0,10000000000.0,0.27016741710033987,1.1973963428550956e-05,0.9620751496902008,0.37415633028500045
OIII_5007,5008.24,0.0,0.0,0.0,10000000000.0,0.27016741710033987,1.1973963428550956e-05,0.9620751496902008,0.37415633028500045
OIII_4959,4960.295,41.46176706005167,41.46176706005167,235.45312698931096,233.83636258582774,0.27016741710033987,1.1973963428550956e-05,0.9620751496902008,0.37415633028500045
OII_3726,3727.092,9.821567896701936,9.821567896701936,55.77473024405678,53.127364337743316,0.27016741710033987,1.1973963428550956e-05,0.9620751496902008,0.37415633028500045
OII_3729,3729.875,0.0,0.0,0.0,10000000000.0,0.27016741710033987,1.1973963428550956e-05,0.9620751496902008,0.37415633028500045
OI_6300,6302.046,2.6132773448422313,2.6132773448422313,14.840282172302102,22.632914595056445,0.27016741710033987,1.1973963428550956e-05,0.9620751496902008,0.37415633028500045
SII_6717,6718.29,0.0,0.0,0.0,10000000000.0,0.27016741710033987,1.1973963428550956e-05,0.9620751496902008,0.37415633028500045
SII_6731,6732.67,1.7637819614459431,1.7637819614459431,10.01616688329516,43.023965952309354,0.27016741710033987,1.1973963428550956e-05,0.9620751496902008,0.37415633028500045
NII_6548,6549.85,0.0,0.0,0.0,10000000000.0,0.27016741710033987,1.1973963428550956e-05,0.9620751496902008,0.37415633028500045
NII_6584,6585.28,11.610772844168196,11.610772844168196,65.9352692074714,49.93776895519535,0.27016741710033987,1.1973963428550956e-05,0.9620751496902008,0.37415633028500045
NII_5755,5756.24,0.025264607663530114,0.025264607663530114,0.14347268093809173,26.35695775433209,0.27016741710033987,1.1973963428550956e-05,0.9620751496902008,0.37415633028500045
HeI_5876,5877.594,0.005538630880209894,0.005538630880209894,0.031452782948111865,42.894952821442985,0.27016741710033987,1.1973963428550956e-05,0.9620751496902008,0.37415633028500045
HeII_4686,4687.02,0.0,0.0,0.0,10000000000.0,0.27016741710033987,1.1973963428550956e-05,0.9620751496902008,0.37415633028500045
NeIII_3869,3870.16,14.290290866199143,5.927017890198956,81.15171900802204,46.1404448295882,0.27016741710033987,1.1973963428550956e-05,0.9620751496902008,0.37415633028500045
