line,wl,amp,amp_err,flux,flux_err,z,zerr,FWHM,FWHMerr
HI_6563,6564.61,0.0,0.0,0.0,10000000000.0,0.27022767326389047,2.253401782731739e-05,1.7953108942451261,0.2957337956366007
HI_4861,4862.683,0.0,0.0,0.0,10000000000.0,0.27022767326389047,2.253401782731739e-05,1.7953108942451261,0.2957337956366007
HI_4341,4341.684,0.0,0.0,0.0,10000000000.0,0.27022767326389047,2.253401782731739e-05,1.7953108942451261,0.2957337956366007
HI_4102,4102.892,0.0,0.0,0.0,10000000000.0,0.27022767326389047,2.253401782731739e-05,1.7953108942451261,0.2957337956366007
OIII_4363,4364.436,3.0624962913462923,3.0624962913462923,32.45360125952499,31.88244857804444,0.27022767326389047,2.253401782731739e-05,1.7953108942451261,0.2957337956366007
OIII_5007,5008.24,0.0,0.0,0.0,10000000000.0,0.27022767326389047,2.253401782731739e-05,1.7953108942451261,0.2957337956366007
OIII_4959,4960.295,29.046608788663207,29.046608788663207,307.81002485860563,67.24627485812121,0.27022767326389047,2.253401782731739e-05,1.7953108942451261,0.2957337956366007
OII_3726,3727.092,1.5004750907733069,1.5004750907733069,15.900695270523734,32.57681563877257,0.27022767326389047,2.253401782731739e-05,1.7953108942451261,0.2957337956366007
OII_3729,3729.875,0.0,0.0,0.0,10000000000.0,0.27022767326389047,2.253401782731739e-05,1.7953108942451261,0.2957337956366007
OI_6300,6302.046,0.0,0.0,0.0,10000000000.0,0.27022767326389047,2.253401782731739e-05,1.7953108942451261,0.2957337956366007
SII_6717,6718.29,0.9275430390058546,0.9275430390058546,9.829272944428926,31.164141245699085,0.27022767326389047,2.253401782731739e-05,1.7953108942451261,0.2957337956366007
SII_6731,6732.67,4.509267207103676,4.509267207103676,47.78518763451686,32.845338104660755,0.27022767326389047,2.253401782731739e-05,1.7953108942451261,0.2957337956366007
NII_6548,6549.85,0.0,0.0,0.0,10000000000.0,0.27022767326389047,2.253401782731739e-05,1.7953108942451261,0.2957337956366007
NII_6584,6585.28,0.0,0.0,0.0,10000000000.0,0.27022767326389047,2.253401782731739e-05,1.7953108942451261,0.2957337956366007
NII_5755,5756.24,0.0,0.0,0.0,10000000000.0,0.27022767326389047,2.253401782731739e-05,1.7953108942451261,0.2957337956366007
HeI_5876,5877.594,0.0,0.0,0.0,10000000000.0,0.27022767326389047,2.253401782731739e-05,1.7953108942451261,0.2957337956366007
HeII_4686,4687.02,0.0,0.0,0.0,10000000000.0,0.27022767326389047,2.253401782731739e-05,1.7953108942451261,0.2957337956366007
NeIII_3869,3870.16,2.9197525128676034,2.922662355237866,30.94093014801522,31.388330823436583,0.27022767326389047,2.253401782731739e-05,1.7953108942451261,0.2957337956366007
