line,wl,amp,amp_err,flux,flux_err,z,zerr,FWHM,FWHMerr
HI_6563,6564.61,0.0,0.0,0.0,10000000000.0,0.27012318895426374,2.0942139868583262e-05,1.326614601091004,0.2752930455460845
HI_4861,4862.683,1.3127945564342554,1.3127945564342554,10.27990729980173,25.08911009615763,0.27012318895426374,2.0942139868583262e-05,1.326614601091004,0.2752930455460845
HI_4341,4341.684,0.0,0.0,0.0,10000000000.0,0.27012318895426374,2.0942139868583262e-05,1.326614601091004,0.2752930455460845
HI_4102,4102.892,0.0,0.0,0.0,10000000000.0,0.27012318895426374,2.0942139868583262e-05,1.326614601091004,0.2752930455460845
OIII_4363,4364.436,0.0,0.0,0.0,10000000000.0,0.27012318895426374,2.0942139868583262e-05,1.326614601091004,0.2752930455460845
OIII_5007,5008.24,1.1712366696184517,1.1712366696184517,9.171430770180194,24.54195436525047,0.27012318895426374,2.0942139868583262e-05,1.326614601091004,0.2752930455460845
OIII_4959,4960.295,32.753103860502506,32.753103860502506,256.4749143851327,77.16699820875434,0.27012318895426374,2.0942139868583262e-05,1.326614601091004,0.2752930455460845
OII_3726,3727.092,5.46914295108877,5.46914295108877,42.82641352449288,29.049991529328885,0.27012318895426374,2.0942139868583262e-05,1.326614601091004,0.2752930455460845
OII_3729,3729.875,1.208418900178117,1.208418900178117,9.462588195749817,24.71133138058525,0.27012318895426374,2.0942139868583262e-05,1.326614601091004,0.2752930455460845
OI_6300,6302.046,0.0,0.0,0.0,10000000000.0,0.27012318895426374,2.0942139868583262e-05,1.326614601091004,0.2752930455460845
SII_6717,6718.29,0.0,0.0,0.0,10000000000.0,0.27012318895426374,2.0942139868583262e-05,1.326614601091004,0.2752930455460845
SII_6731,6732.67,0.0,0.0,0.0,10000000000.0,0.27012318895426374,2.0942139868583262e-05,1.326614601091004,0.2752930455460845
NII_6548,6549.85,0.0,0.0,0.0,10000000000.0,0.27012318895426374,2.0942139868583262e-05,1.326614601091004,0.2752930455460845
NII_6584,6585.28,5.91744207708598,5.91744207708598,46.33684357255062,35.452375402888414,0.27012318895426374,2.0942139868583262e-05,1.326614601091004,0.2752930455460845
NII_5755,5756.24,1.4451220910672191,1.4451220910672191,11.316105067815778,24.67671383752625,0.27012318895426374,2.0942139868583262e-05,1.326614601091004,0.2752930455460845
HeI_5876,5877.594,0.0,0.0,0.0,10000000000.0,0.27012318895426374,2.0942139868583262e-05,1.326614601091004,0.2752930455460845
HeII_4686,4687.02,0.0,0.0,0.0,10000000000.0,0.27012318895426374,2.0942139868583262e-05,1.326614601091004,0.2752930455460845
NeIII_3869,3870.16,13.77273437490453,4.786560932438913,107.84812592715966,43.65464526501195,0.27012318895426374,2.0942139868583262e-05,1.326614601091004,0.2752930455460845
