line,wl,amp,amp_err,flux,flux_err,z,zerr,FWHM,FWHMerr
HI_6563,6564.61,2.260555825400843,2.260555825400843,11.916223739253196,32.27129635546564,0.270169715214259,1.198920248122586e-05,0.8930499575232997,0.45302192443545836
HI_4861,4862.683,0.0,0.0,0.0,10000000000.0,0.270169715214259,1.198920248122586e-05,0.8930499575232997,0.45302192443545836
HI_4341,4341.684,0.0,0.0,0.0,10000000000.0,0.270169715214259,1.198920248122586e-05,0.8930499575232997,0.45302192443545836
HI_4102,4102.892,0.0,0.0,0.0,10000000000.0,0.270169715214259,1.198920248122586e-05,0.8930499575232997,0.45302192443545836
OIII_4363,4364.436,0.0,0.0,0.0,10000000000.0,0.270169715214259,1.198920248122586e-05,0.8930499575232997,0.45302192443545836
OIII_5007,5008.24,4.767239447962538,4.767239447962538,25.12987790091066,25.667255168781676,0.270169715214259,1.198920248122586e-05,0.8930499575232997,0.45302192443545836
OIII_4959,4960.295,51.381066659202816,51.381066659202816,270.84855830268015,399.96748014999656,0.270169715214259,1.198920248122586e-05,0.8930499575232997,0.45302192443545836
OII_3726,3727.092,16.434105255421287,16.434105255421287,86.63023181182075,97.16400545495404,0.270169715214259,1.198920248122586e-05,0.8930499575232997,0.45302192443545836
OII_3729,3729.875,0.0,0.0,0.0,10000000000.0,0.270169715214259,1.198920248122586e-05,0.8930499575232997,0.45302192443545836
OI_6300,6302.046,0.0,0.0,0.0,10000000000.0,0.270169715214259,1.198920248122586e-05,0.8930499575232997,0.45302192443545836
SII_6717,6718.29,0.0,0.0,0.0,10000000000.0,0.270169715214259,1.198920248122586e-05,0.8930499575232997,0.45302192443545836
SII_6731,6732.67,0.0,0.0,0.0,10000000000.0,0.270169715214259,1.198920248122586e-05,0.8930499575232997,0.45302192443545836
NII_6548,6549.85,0.0,0.0,0.0,10000000000.0,0.270169715214259,1.198920248122586e-05,0.8930499575232997,0.45302192443545836
NII_6584,6585.28,1.782253077735163,1.782253077735163,9.394913496771943,31.472669871346092,0.270169715214259,1.198920248122586e-05,0.8930499575232997,0.45302192443545836
NII_5755,5756.24,0.0,0.0,0.0,10000000000.0,0.270169715214259,1.198920248122586e-05,0.8930499575232997,0.45302192443545836
HeI_5876,5877.594,0.0,0.0,0.0,10000000000.0,0.270169715214259,1.198920248122586e-05,0.8930499575232997,0.45302192443545836
HeII_4686,4687.02,0.0,0.0,0.0,10000000000.0,0.270169715214259,1.198920248122586e-05,0.8930499575232997,0.45302192443545836
NeIII_3869,3870.16,0.0,10000000000.0,0.0,10000000000.0,0.270169715214259,1.198920248122586e-05,0.8930499575232997,0.45302192443545836
