line,wl,amp,amp_err,flux,flux_err,z,zerr,FWHM,FWHMerr
HI_6563,6564.61,0.0,0.0,0.0,10000000000.0,0.268209276392519,2.9882429116937177e-05,1.6233835908238965,0.36409403678775065
HI_4861,4862.683,0.0,0.0,0.0,10000000000.0,0.268209276392519,2.9882429116937177e-05,1.6233835908238965,0.36409403678775065
HI_4341,4341.684,3.8592087600775358,3.8592087600775358,36.98001491072337,30.380461950162847,0.268209276392519,2.9882429116937177e-05,1.6233835908238965,0.36409403678775065
HI_4102,4102.892,2.220712667421253,2.220712667421253,21.279488273140295,30.45875673283383,0.268209276392519,2.9882429116937177e-05,1.6233835908238965,0.36409403678775065
OIII_4363,4364.436,0.0,0.0,0.0,10000000000.0,0.268209276392519,2.9882429116937177e-05,1.6233835908238965,0.36409403678775065
OIII_5007,5008.24,3.5082775709641965,3.5082775709641965,33.61729436025788,32.52796269723746,0.268209276392519,2.9882429116937177e-05,1.6233835908238965,0.36409403678775065
OIII_4959,4960.295,2.010935265727994,2.010935265727994,19.26934269024271,31.427519981451944,0.268209276392519,2.9882429116937177e-05,1.6233835908238965,0.36409403678775065
OII_3726,3727.092,5.061361006982111,5.061361006982111,48.499373095067256,34.98783313911254,0.268209276392519,2.9882429116937177e-05,1.6233835908238965,0.36409403678775065
OII_3729,3729.875,0.0,0.0,0.0,10000000000.0,0.268209276392519,2.9882429116937177e-05,1.6233835908238965,0.36409403678775065
OI_6300,6302.046,14.175022065803432,14.175022065803432,135.82901572360447,42.65591580247034,0.268209276392519,2.9882429116937177e-05,1.6233835908238965,0.36409403678775065
SII_6717,6718.29,0.0,0.0,0.0,10000000000.0,0.268209276392519,2.9882429116937177e-05,1.6233835908238965,0.36409403678775065
SII_6731,6732.67,0.0,0.0,0.0,10000000000.0,0.268209276392519,2.9882429116937177e-05,1.6233835908238965,0.36409403678775065
NII_6548,6549.85,0.0,0.0,0.0,10000000000.0,0.268209276392519,2.9882429116937177e-05,1.6233835908238965,0.36409403678775065
NII_6584,6585.28,0.0,0.0,0.0,10000000000.0,0.268209276392519,2.9882429116937177e-05,1.6233835908238965,0.36409403678775065
NII_5755,5756.24,0.7612995470607302,0.7612995470607302,7.294984633395973,30.291926656727647,0.268209276392519,2.9882429116937177e-05,1.6233835908238965,0.36409403678775065
HeI_5876,5877.594,1.4954356217825762,1.4954356217825762,14.32968129727076,31.616132998080705,0.268209276392519,2.9882429116937177e-05,1.6233835908238965,0.36409403678775065
HeII_4686,4687.02,0.0,0.0,0.0,10000000000.0,0.268209276392519,2.9882429116937177e-05,1.6233835908238965,0.36409403678775065
NeIII_3869,3870.16,0.0,10000000000.0,0.0,10000000000.0,0.268209276392519,2.9882429116937177e-05,1.6233835908238965,0.36409403678775065
