line,wl,amp,amp_err,flux,flux_err,z,zerr,FWHM,FWHMerr
HI_6563,6564.61,16.45087919727075,16.45087919727075,532.6617838396447,75.58318629334117,0.2691133170388583,3.959048822664783e-05,5.485481664209614,0.5167271644594615
HI_4861,4862.683,4.6433890556812685,4.6433890556812685,150.3479460156151,53.07515040987075,0.2691133170388583,3.959048822664783e-05,5.485481664209614,0.5167271644594615
HI_4341,4341.684,0.9837364090946039,0.9837364090946039,31.852327417447157,50.76941843914564,0.2691133170388583,3.959048822664783e-05,5.485481664209614,0.5167271644594615
HI_4102,4102.892,0.0,0.0,0.0,10000000000.0,0.2691133170388583,3.959048822664783e-05,5.485481664209614,0.5167271644594615
OIII_4363,4364.436,2.0028810606354455,2.0028810606354455,64.85113566171654,51.11669497672131,0.2691133170388583,3.959048822664783e-05,5.485481664209614,0.5167271644594615
OIII_5007,5008.24,11.732592392067318,11.732592392067318,379.88872920900377,64.55059490127906,0.2691133170388583,3.959048822664783e-05,5.485481664209614,0.5167271644594615
OIII_4959,4960.295,2.7666879712940045,2.7666879712940045,89.58238234231547,51.52941332443819,0.2691133170388583,3.959048822664783e-05,5.485481664209614,0.5167271644594615
OII_3726,3727.092,3.5081777739462723,3.5081777739462723,113.5910250563893,68.14439066814265,0.2691133170388583,3.959048822664783e-05,5.485481664209614,0.5167271644594615
OII_3729,3729.875,12.103528720191207,12.103528720191207,391.8992487599697,73.88103778321845,0.2691133170388583,3.959048822664783e-05,5.485481664209614,0.5167271644594615
OI_6300,6302.046,2.2659211039793945,2.2659211039793945,73.36808949918016,51.24432098561868,0.2691133170388583,3.959048822664783e-05,5.485481664209614,0.5167271644594615
SII_6717,6718.29,1.3449656404873167,1.3449656404873167,43.54854161131152,50.865654933717636,0.2691133170388583,3.959048822664783e-05,5.485481664209614,0.5167271644594615
SII_6731,6732.67,1.1020759923245578,1.1020759923245578,35.684035908295776,50.79764346895712,0.2691133170388583,3.959048822664783e-05,5.485481664209614,0.5167271644594615
NII_6548,6549.85,0.0,0.0,0.0,10000000000.0,0.2691133170388583,3.959048822664783e-05,5.485481664209614,0.5167271644594615
NII_6584,6585.28,0.0,0.0,0.0,10000000000.0,0.2691133170388583,3.959048822664783e-05,5.485481664209614,0.5167271644594615
NII_5755,5756.24,0.0,0.0,0.0,10000000000.0,0.2691133170388583,3.959048822664783e-05,5.485481664209614,0.5167271644594615
HeI_5876,5877.594,0.36095946582440774,0.36095946582440774,11.687479474758549,50.67340471381859,0.2691133170388583,3.959048822664783e-05,5.485481664209614,0.5167271644594615
HeII_4686,4687.02,0.0,0.0,0.0,10000000000.0,0.2691133170388583,3.959048822664783e-05,5.485481664209614,0.5167271644594615
NeIII_3869,3870.16,0.24343706632907924,1.5645925965876766,7.882230514770896,50.665267297113694,0.2691133170388583,3.959048822664783e-05,5.485481664209614,0.5167271644594615
