line,wl,amp,amp_err,flux,flux_err,z,zerr,FWHM,FWHMerr
HI_6563,6564.61,0.9326586049890011,0.9326586049890011,11.98924728594644,33.209554632452765,0.2701438734208964,2.7364213690008784e-05,2.1778178755574142,0.343139366175387
HI_4861,4862.683,4.905073099510105,4.905073099510105,63.0542987874582,34.728485677805836,0.2701438734208964,2.7364213690008784e-05,2.1778178755574142,0.343139366175387
HI_4341,4341.684,7.015825810896899,7.015825810896899,90.18784591920492,36.55605940603271,0.2701438734208964,2.7364213690008784e-05,2.1778178755574142,0.343139366175387
HI_4102,4102.892,0.0,0.0,0.0,10000000000.0,0.2701438734208964,2.7364213690008784e-05,2.1778178755574142,0.343139366175387
OIII_4363,4364.436,0.0,0.0,0.0,10000000000.0,0.2701438734208964,2.7364213690008784e-05,2.1778178755574142,0.343139366175387
OIII_5007,5008.24,0.0,0.0,0.0,10000000000.0,0.2701438734208964,2.7364213690008784e-05,2.1778178755574142,0.343139366175387
OIII_4959,4960.295,16.48495701186596,16.48495701186596,211.9127246092245,50.280398544917176,0.2701438734208964,2.7364213690008784e-05,2.1778178755574142,0.343139366175387
OII_3726,3727.092,13.10542429563202,13.10542429563202,168.46911809647187,44.61211651274409,0.2701438734208964,2.7364213690008784e-05,2.1778178755574142,0.343139366175387
OII_3729,3729.875,1.775253310070525,1.775253310070525,22.82073077520309,33.359727105158136,0.2701438734208964,2.7364213690008784e-05,2.1778178755574142,0.343139366175387
OI_6300,6302.046,0.0,0.0,0.0,10000000000.0,0.2701438734208964,2.7364213690008784e-05,2.1778178755574142,0.343139366175387
SII_6717,6718.29,0.0,0.0,0.0,10000000000.0,0.2701438734208964,2.7364213690008784e-05,2.1778178755574142,0.343139366175387
SII_6731,6732.67,0.5763464846608031,0.5763464846608031,7.408885191238647,33.068364448204456,0.2701438734208964,2.7364213690008784e-05,2.1778178755574142,0.343139366175387
NII_6548,6549.85,7.72793000601871,7.72793000601871,99.34188496736866,37.6381908124123,0.2701438734208964,2.7364213690008784e-05,2.1778178755574142,0.343139366175387
NII_6584,6585.28,4.806072435110309,4.806072435110309,61.7816536409781,34.94818945382139,0.2701438734208964,2.7364213690008784e-05,2.1778178755574142,0.343139366175387
NII_5755,5756.24,0.953933281382433,0.953933281382433,12.262731447079926,32.96669901609204,0.2701438734208964,2.7364213690008784e-05,2.1778178755574142,0.343139366175387
HeI_5876,5877.594,0.0,0.0,0.0,10000000000.0,0.2701438734208964,2.7364213690008784e-05,2.1778178755574142,0.343139366175387
HeII_4686,4687.02,0.0,0.0,0.0,10000000000.0,0.2701438734208964,2.7364213690008784e-05,2.1778178755574142,0.343139366175387
NeIII_3869,3870.16,2.326254688700601,2.5797740784835015,29.903806777457195,33.495815801882706,0.2701438734208964,2.7364213690008784e-05,2.1778178755574142,0.343139366175387
