line,wl,amp,amp_err,flux,flux_err,z,zerr,FWHM,FWHMerr
HI_6563,6564.61,1.7769473188968732,1.7769473188968732,9.528860887819166,41.72636060093,0.2701495352290757,1.2375091444373784e-05,0.9084871231818048,0.24760214707669
HI_4861,4862.683,4.9401256245897684,4.9401256245897684,26.491370534434306,22.9726602530053,0.2701495352290757,1.2375091444373784e-05,0.9084871231818048,0.24760214707669
HI_4341,4341.684,0.0,0.0,0.0,10000000000.0,0.2701495352290757,1.2375091444373784e-05,0.9084871231818048,0.24760214707669
HI_4102,4102.892,5.448288019913207,5.448288019913207,29.216385914442338,21.585131038883443,0.2701495352290757,1.2375091444373784e-05,0.9084871231818048,0.24760214707669
OIII_4363,4364.436,3.7954390711804535,3.7954390711804535,20.3530012020413,18.49006187685386,0.2701495352290757,1.2375091444373784e-05,0.9084871231818048,0.24760214707669
OIII_5007,5008.24,5.206565719740411,5.206565719740411,27.920152679311794,19.80865815252909,0.2701495352290757,1.2375091444373784e-05,0.9084871231818048,0.24760214707669
OIII_4959,4960.295,34.60682678138505,34.60682678138505,185.5787364441337,121.44312453267861,0.2701495352290757,1.2375091444373784e-05,0.9084871231818048,0.24760214707669
OII_3726,3727.092,5.346436873262178,5.346436873262178,28.670210235860583,30.584951684082874,0.2701495352290757,1.2375091444373784e-05,0.9084871231818048,0.24760214707669
OII_3729,3729.875,0.07256998471859788,0.07256998471859788,0.3891557626165136,18.834927169840867,0.2701495352290757,1.2375091444373784e-05,0.9084871231818048,0.24760214707669
OI_6300,6302.046,0.12883612094833552,0.12883612094833552,0.6908823130474485,22.63553292932873,0.2701495352290757,1.2375091444373784e-05,0.9084871231818048,0.24760214707669
SII_6717,6718.29,0.0,0.0,0.0,10000000000.0,0.2701495352290757,1.2375091444373784e-05,0.9084871231818048,0.24760214707669
SII_6731,6732.67,0.0,0.0,0.0,10000000000.0,0.2701495352290757,1.2375091444373784e-05,0.9084871231818048,0.24760214707669
NII_6548,6549.85,7.615181951664908,7.615181951664908,40.83633132010566,48.63838909250126,0.2701495352290757,1.2375091444373784e-05,0.9084871231818048,0.24760214707669
NII_6584,6585.28,0.0,0.0,0.0,10000000000.0,0.2701495352290757,1.2375091444373784e-05,0.9084871231818048,0.24760214707669
NII_5755,5756.24,0.0,0.0,0.0,10000000000.0,0.2701495352290757,1.2375091444373784e-05,0.9084871231818048,0.24760214707669
HeI_5876,5877.594,1.210647635790565,1.210647635790565,6.492084927299391,44.66411924001457,0.2701495352290757,1.2375091444373784e-05,0.9084871231818048,0.24760214707669
HeII_4686,4687.02,0.0,0.0,0.0,10000000000.0,0.2701495352290757,1.2375091444373784e-05,0.9084871231818048,0.24760214707669
NeIII_3869,3870.16,0.0,10000000000.0,0.0,10000000000.0,0.2701495352290757,1.2375091444373784e-05,0.9084871231818048,0.24760214707669
