line,wl,amp,amp_err,flux,flux_err,z,zerr,FWHM,FWHMerr
HI_6563,6564.61,0.0,0.0,0.0,10000000000.0,0.2694120698253447,3.102858483200261e-05,1.6290936362892128,0.43346790878532926
HI_4861,4862.683,2.318834754059708,2.318834754059708,22.297876526025583,31.309708998988825,0.2694120698253447,3.102858483200261e-05,1.6290936362892128,0.43346790878532926
HI_4341,4341.684,4.74604167411951,4.74604167411951,45.63785800243515,32.721546806931606,0.2694120698253447,3.102858483200261e-05,1.6290936362892128,0.43346790878532926
HI_4102,4102.892,0.0,0.0,0.0,10000000000.0,0.2694120698253447,3.102858483200261e-05,1.6290936362892128,0.43346790878532926
OIII_4363,4364.436,1.1659815196552472,1.1659815196552472,11.212058949600737,30.797003565586557,0.2694120698253447,3.102858483200261e-05,1.6290936362892128,0.43346790878532926
OIII_5007,5008.24,6.6560240685861345,6.6560240685861345,64.00421702139388,34.20410953717081,0.2694120698253447,3.102858483200261e-05,1.6290936362892128,0.43346790878532926
OIII_4959,4960.295,0.0,0.0,0.0,10000000000.0,0.2694120698253447,3.102858483200261e-05,1.6290936362892128,0.43346790878532926
OII_3726,3727.092,8.244187582083214,8.244187582083214,79.27597101986143,36.19529268566294,0.2694120698253447,3.102858483200261e-05,1.6290936362892128,0.43346790878532926
OII_3729,3729.875,3.3674099136486575,3.3674099136486575,32.380957864977226,29.806193839105166,0.2694120698253447,3.102858483200261e-05,1.6290936362892128,0.43346790878532926
OI_6300,6302.046,0.5946031569168326,0.5946031569168326,5.717694092562819,28.44695395741217,0.2694120698253447,3.102858483200261e-05,1.6290936362892128,0.43346790878532926
SII_6717,6718.29,0.0,0.0,0.0,10000000000.0,0.2694120698253447,3.102858483200261e-05,1.6290936362892128,0.43346790878532926
SII_6731,6732.67,11.780805164167873,11.780805164167873,113.28402701739729,48.97202957852074,0.2694120698253447,3.102858483200261e-05,1.6290936362892128,0.43346790878532926
NII_6548,6549.85,0.5748923946024433,0.5748923946024433,5.528155729145322,30.164747850885053,0.2694120698253447,3.102858483200261e-05,1.6290936362892128,0.43346790878532926
NII_6584,6585.28,0.0,0.0,0.0,10000000000.0,0.2694120698253447,3.102858483200261e-05,1.6290936362892128,0.43346790878532926
NII_5755,5756.24,1.2312007856635319,1.2312007856635319,11.839206329561605,29.72154556669042,0.2694120698253447,3.102858483200261e-05,1.6290936362892128,0.43346790878532926
HeI_5876,5877.594,2.9717566853315702,2.9717566853315702,28.576362985289368,29.398184808817692,0.2694120698253447,3.102858483200261e-05,1.6290936362892128,0.43346790878532926
HeII_4686,4687.02,0.0,0.0,0.0,10000000000.0,0.2694120698253447,3.102858483200261e-05,1.6290936362892128,0.43346790878532926
NeIII_3869,3870.16,0.0,10000000000.0,0.0,10000000000.0,0.2694120698253447,3.102858483200261e-05,1.6290936362892128,0.43346790878532926
