line,wl,amp,amp_err,flux,flux_err,z,zerr,FWHM,FWHMerr
HI_6563,6564.61,3.9519039984061237,3.9519039984061237,31.49535586067156,28.11319296727709,0.2701828189028491,8.416492895667012e-06,1.3501825027352665,0.42272718287881195
HI_4861,4862.683,0.0,0.0,0.0,10000000000.0,0.2701828189028491,8.416492895667012e-06,1.3501825027352665,0.42272718287881195
HI_4341,4341.684,4.202603389226397,4.202603389226397,33.49334633086583,25.353435058724646,0.2701828189028491,8.416492895667012e-06,1.3501825027352665,0.42272718287881195
HI_4102,4102.892,0.1218176528773256,0.1218176528773256,0.9708460349822615,25.96978400687883,0.2701828189028491,8.416492895667012e-06,1.3501825027352665,0.42272718287881195
OIII_4363,4364.436,1.7319219637503238,1.7319219637503238,13.802839996424403,23.24867591593283,0.2701828189028491,8.416492895667012e-06,1.3501825027352665,0.42272718287881195
OIII_5007,5008.24,0.0,0.0,0.0,10000000000.0,0.2701828189028491,8.416492895667012e-06,1.3501825027352665,0.42272718287881195
OIII_4959,4960.295,49.65228596924976,49.65228596924976,395.71214698739317,194.46192617822933,0.2701828189028491,8.416492895667012e-06,1.3501825027352665,0.42272718287881195
OII_3726,3727.092,1.8125104120641709,1.8125104120641709,14.445103031894806,29.342412913042196,0.2701828189028491,8.416492895667012e-06,1.3501825027352665,0.42272718287881195
OII_3729,3729.875,0.0,0.0,0.0,10000000000.0,0.2701828189028491,8.416492895667012e-06,1.3501825027352665,0.42272718287881195
OI_6300,6302.046,0.0,0.0,0.0,10000000000.0,0.2701828189028491,8.416492895667012e-06,1.3501825027352665,0.42272718287881195
SII_6717,6718.29,4.037222233773036,4.037222233773036,32.17531372031826,25.358846030449598,0.2701828189028491,8.416492895667012e-06,1.3501825027352665,0.42272718287881195
SII_6731,6732.67,1.3239635104051786,1.3239635104051786,10.551547285453518,29.830434308102546,0.2701828189028491,8.416492895667012e-06,1.3501825027352665,0.42272718287881195
NII_6548,6549.85,0.0,0.0,0.0,10000000000.0,0.2701828189028491,8.416492895667012e-06,1.3501825027352665,0.42272718287881195
NII_6584,6585.28,0.0,0.0,0.0,10000000000.0,0.2701828189028491,8.416492895667012e-06,1.3501825027352665,0.42272718287881195
NII_5755,5756.24,3.793651851463551,3.793651851463551,30.234139068542543,29.289865402566313,0.2701828189028491,8.416492895667012e-06,1.3501825027352665,0.42272718287881195
HeI_5876,5877.594,6.160452352924949,6.160452352924949,49.096749110387506,35.17746459071361,0.2701828189028491,8.416492895667012e-06,1.3501825027352665,0.42272718287881195
HeII_4686,4687.02,0.0,0.0,0.0,10000000000.0,0.2701828189028491,8.416492895667012e-06,1.3501825027352665,0.42272718287881195
NeIII_3869,3870.16,2.2912370440974428,3.127468593053282,18.260394507079873,25.57215729713159,0.2701828189028491,8.416492895667012e-06,1.3501825027352665,0.42272718287881195
