line,wl,amp,amp_err,flux,flux_err,z,zerr,FWHM,FWHMerr
HI_6563,6564.61,0.0,0.0,0.0,10000000000.0,0.2700442264650927,4.51741087111117e-05,0.9965789009358539,0.7085743681139751
HI_4861,4862.683,2.5435307981146025,2.5435307981146025,14.962230710779926,25.45798034878724,0.2700442264650927,4.51741087111117e-05,0.9965789009358539,0.7085743681139751
HI_4341,4341.684,0.0,0.0,0.0,10000000000.0,0.2700442264650927,4.51741087111117e-05,0.9965789009358539,0.7085743681139751
HI_4102,4102.892,0.0,0.0,0.0,10000000000.0,0.2700442264650927,4.51741087111117e-05,0.9965789009358539,0.7085743681139751
OIII_4363,4364.436,0.0,0.0,0.0,10000000000.0,0.2700442264650927,4.51741087111117e-05,0.9965789009358539,0.7085743681139751
OIII_5007,5008.24,5.994259156633916,5.994259156633916,35.26101925254563,52.39028065836835,0.2700442264650927,4.51741087111117e-05,0.9965789009358539,0.7085743681139751
OIII_4959,4960.295,13.201279176205276,13.201279176205276,77.65606174621932,58.23700123705766,0.2700442264650927,4.51741087111117e-05,0.9965789009358539,0.7085743681139751
OII_3726,3727.092,0.0,0.0,0.0,10000000000.0,0.2700442264650927,4.51741087111117e-05,0.9965789009358539,0.7085743681139751
OII_3729,3729.875,7.183913055193443,7.183913055193443,42.25911658615001,39.93829326209379,0.2700442264650927,4.51741087111117e-05,0.9965789009358539,0.7085743681139751
OI_6300,6302.046,0.0,0.0,0.0,10000000000.0,0.2700442264650927,4.51741087111117e-05,0.9965789009358539,0.7085743681139751
SII_6717,6718.29,0.2185799928660117,0.2185799928660117,1.2857891417890912,20.051633425644845,0.2700442264650927,4.51741087111117e-05,0.9965789009358539,0.7085743681139751
SII_6731,6732.67,0.0,0.0,0.0,10000000000.0,0.2700442264650927,4.51741087111117e-05,0.9965789009358539,0.7085743681139751
NII_6548,6549.85,0.0,0.0,0.0,10000000000.0,0.2700442264650927,4.51741087111117e-05,0.9965789009358539,0.7085743681139751
NII_6584,6585.28,0.0,0.0,0.0,10000000000.0,0.2700442264650927,4.51741087111117e-05,0.9965789009358539,0.7085743681139751
NII_5755,5756.24,0.0,0.0,0.0,10000000000.0,0.2700442264650927,4.51741087111117e-05,0.9965789009358539,0.7085743681139751
HeI_5876,5877.594,0.0,0.0,0.0,10000000000.0,0.2700442264650927,4.51741087111117e-05,0.9965789009358539,0.7085743681139751
HeII_4686,4687.02,0.0,0.0,0.0,10000000000.0,0.2700442264650927,4.51741087111117e-05,0.9965789009358539,0.7085743681139751
NeIII_3869,3870.16,0.0,10000000000.0,0.0,10000000000.0,0.2700442264650927,4.51741087111117e-05,0.9965789009358539,0.7085743681139751
