line,wl,amp,amp_err,flux,flux_err,z,zerr,FWHM,FWHMerr
HI_6563,6564.61,3.3464230403542388,3.3464230403542388,24.057766363770412,26.892162242335317,0.27037371314955716,2.2679146270309308e-05,1.217942549355534,0.24588794273209574
HI_4861,4862.683,0.6070216386901848,0.6070216386901848,4.363938624990953,22.574969131293994,0.27037371314955716,2.2679146270309308e-05,1.217942549355534,0.24588794273209574
HI_4341,4341.684,7.331981961000793,7.331981961000793,52.7103438130955,35.36994392345542,0.27037371314955716,2.2679146270309308e-05,1.217942549355534,0.24588794273209574
HI_4102,4102.892,0.6212471562714654,0.6212471562714654,4.4662072784896845,22.824474538138166,0.27037371314955716,2.2679146270309308e-05,1.217942549355534,0.24588794273209574
OIII_4363,4364.436,10.516719864611105,10.516719864611105,75.60573973016115,32.70152829593956,0.27037371314955716,2.2679146270309308e-05,1.217942549355534,0.24588794273209574
OIII_5007,5008.24,4.763202094054236,4.763202094054236,34.24313117030432,23.26304696146152,0.27037371314955716,2.2679146270309308e-05,1.217942549355534,0.24588794273209574
OIII_4959,4960.295,27.573567436960502,27.573567436960502,198.229104693184,63.484416316268884,0.27037371314955716,2.2679146270309308e-05,1.217942549355534,0.24588794273209574
OII_3726,3727.092,2.0677458769145005,2.0677458769145005,14.865229711421296,22.44608338063478,0.27037371314955716,2.2679146270309308e-05,1.217942549355534,0.24588794273209574
OII_3729,3729.875,0.0,0.0,0.0,10000000000.0,0.27037371314955716,2.2679146270309308e-05,1.217942549355534,0.24588794273209574
OI_6300,6302.046,0.0,0.0,0.0,10000000000.0,0.27037371314955716,2.2679146270309308e-05,1.217942549355534,0.24588794273209574
SII_6717,6718.29,0.0,0.0,0.0,10000000000.0,0.27037371314955716,2.2679146270309308e-05,1.217942549355534,0.24588794273209574
SII_6731,6732.67,0.0,0.0,0.0,10000000000.0,0.27037371314955716,2.2679146270309308e-05,1.217942549355534,0.24588794273209574
NII_6548,6549.85,0.0,0.0,0.0,10000000000.0,0.27037371314955716,2.2679146270309308e-05,1.217942549355534,0.24588794273209574
NII_6584,6585.28,1.5342342461061662,1.5342342461061662,11.029761806866597,26.194524396800002,0.27037371314955716,2.2679146270309308e-05,1.217942549355534,0.24588794273209574
NII_5755,5756.24,0.7760116156639469,0.7760116156639469,5.578824290917803,24.626104395576927,0.27037371314955716,2.2679146270309308e-05,1.217942549355534,0.24588794273209574
HeI_5876,5877.594,0.0,0.0,0.0,10000000000.0,0.27037371314955716,2.2679146270309308e-05,1.217942549355534,0.24588794273209574
HeII_4686,4687.02,0.0,0.0,0.0,10000000000.0,0.27037371314955716,2.2679146270309308e-05,1.217942549355534,0.24588794273209574
NeIII_3869,3870.16,6.398335408963931,4.554049609091455,45.998266366705174,34.03108496218041,0.27037371314955716,2.2679146270309308e-05,1.217942549355534,0.24588794273209574
