line,wl,amp,amp_err,flux,flux_err,z,zerr,FWHM,FWHMerr
HI_6563,6564.61,0.0,0.0,0.0,10000000000.0,0.27026096920774617,1.3918403404912847e-05,0.7337730264332271,0.4284766686869529
HI_4861,4862.683,12.579602655290273,12.579602655290273,54.48492089803661,83.54052505928843,0.27026096920774617,1.3918403404912847e-05,0.7337730264332271,0.4284766686869529
HI_4341,4341.684,0.0,0.0,0.0,10000000000.0,0.27026096920774617,1.3918403404912847e-05,0.7337730264332271,0.4284766686869529
HI_4102,4102.892,0.0,0.0,0.0,10000000000.0,0.27026096920774617,1.3918403404912847e-05,0.7337730264332271,0.4284766686869529
OIII_4363,4364.436,4.407499786331641,4.407499786331641,19.089814185458586,37.261393654566156,0.27026096920774617,1.3918403404912847e-05,0.7337730264332271,0.4284766686869529
OIII_5007,5008.24,0.0,0.0,0.0,10000000000.0,0.27026096920774617,1.3918403404912847e-05,0.7337730264332271,0.4284766686869529
OIII_4959,4960.295,34.45712626474301,34.45712626474301,149.24110485466377,97.76342761335788,0.27026096920774617,1.3918403404912847e-05,0.7337730264332271,0.4284766686869529
OII_3726,3727.092,3.8781478335776,3.8781478335776,16.797078869141107,44.36025198164352,0.27026096920774617,1.3918403404912847e-05,0.7337730264332271,0.4284766686869529
OII_3729,3729.875,43.58221161404572,43.58221161404572,188.76378033722406,439.68978072281624,0.27026096920774617,1.3918403404912847e-05,0.7337730264332271,0.4284766686869529
OI_6300,6302.046,0.0,0.0,0.0,10000000000.0,0.27026096920774617,1.3918403404912847e-05,0.7337730264332271,0.4284766686869529
SII_6717,6718.29,0.0,0.0,0.0,10000000000.0,0.27026096920774617,1.3918403404912847e-05,0.7337730264332271,0.4284766686869529
SII_6731,6732.67,5.22356880097891,5.22356880097891,22.624381765118688,19.360760662232646,0.27026096920774617,1.3918403404912847e-05,0.7337730264332271,0.4284766686869529
NII_6548,6549.85,0.326585850315837,0.326585850315837,1.414512422090951,16.29263008649174,0.27026096920774617,1.3918403404912847e-05,0.7337730264332271,0.4284766686869529
NII_6584,6585.28,0.0,0.0,0.0,10000000000.0,0.27026096920774617,1.3918403404912847e-05,0.7337730264332271,0.4284766686869529
NII_5755,5756.24,1.7514731623833768,1.7514731623833768,7.586000871606251,32.33267558697175,0.27026096920774617,1.3918403404912847e-05,0.7337730264332271,0.4284766686869529
HeI_5876,5877.594,0.5921598337728256,0.5921598337728256,2.56476953892805,13.637725423898033,0.27026096920774617,1.3918403404912847e-05,0.7337730264332271,0.4284766686869529
HeII_4686,4687.02,0.0,0.0,0.0,10000000000.0,0.27026096920774617,1.3918403404912847e-05,0.7337730264332271,0.4284766686869529
NeIII_3869,3870.16,0.013916495230773762,3.1471001315633753,0.06027528552404153,13.63080202683047,0.27026096920774617,1.3918403404912847e-05,0.7337730264332271,0.4284766686869529
