line,wl,amp,amp_err,flux,flux_err,z,zerr,FWHM,FWHMerr
HI_6563,6564.61,129.36769767891315,129.36769767891315,2357.780911900569,73.01504796219113,0.26988679911433033,4.71711379814575e-06,3.0876633300679632,0.061019902872447976
HI_4861,4862.683,34.588443183627305,34.588443183627305,630.3889809736231,53.02470597810467,0.26988679911433033,4.71711379814575e-06,3.0876633300679632,0.061019902872447976
HI_4341,4341.684,8.811125247681957,8.811125247681957,160.58647787728202,51.2854417853826,0.26988679911433033,4.71711379814575e-06,3.0876633300679632,0.061019902872447976
HI_4102,4102.892,9.066421741200998,9.066421741200998,165.23936426309618,51.293802669034285,0.26988679911433033,4.71711379814575e-06,3.0876633300679632,0.061019902872447976
OIII_4363,4364.436,1.4674723080455578,1.4674723080455578,26.745302411116977,51.16577414819969,0.26988679911433033,4.71711379814575e-06,3.0876633300679632,0.061019902872447976
OIII_5007,5008.24,121.90615944212891,121.90615944212891,2221.791227120288,70.89917128747662,0.26988679911433033,4.71711379814575e-06,3.0876633300679632,0.061019902872447976
OIII_4959,4960.295,31.078174528355703,31.078174528355703,566.4128526236841,52.67253104073544,0.26988679911433033,4.71711379814575e-06,3.0876633300679632,0.061019902872447976
OII_3726,3727.092,50.92884200895173,50.92884200895173,928.1996488175814,57.11450783654635,0.26988679911433033,4.71711379814575e-06,3.0876633300679632,0.061019902872447976
OII_3729,3729.875,60.590316886562505,60.590316886562505,1104.2841077354171,58.42275934969802,0.26988679911433033,4.71711379814575e-06,3.0876633300679632,0.061019902872447976
OI_6300,6302.046,6.451126383981659,6.451126383981659,117.57450214629098,51.23015878013166,0.26988679911433033,4.71711379814575e-06,3.0876633300679632,0.061019902872447976
SII_6717,6718.29,16.010092381467075,16.010092381467075,291.7906934424848,51.5683533391876,0.26988679911433033,4.71711379814575e-06,3.0876633300679632,0.061019902872447976
SII_6731,6732.67,16.162148521878862,16.162148521878862,294.5619808027191,51.57462138593919,0.26988679911433033,4.71711379814575e-06,3.0876633300679632,0.061019902872447976
NII_6548,6549.85,2.176576430942646,2.176576430942646,39.66902444925966,51.17048060682516,0.26988679911433033,4.71711379814575e-06,3.0876633300679632,0.061019902872447976
NII_6584,6585.28,6.018285017247763,6.018285017247763,109.68578548303941,51.22031881298183,0.26988679911433033,4.71711379814575e-06,3.0876633300679632,0.061019902872447976
NII_5755,5756.24,3.5402957973620914,3.5402957973620914,64.52338569261514,51.18225142771336,0.26988679911433033,4.71711379814575e-06,3.0876633300679632,0.061019902872447976
HeI_5876,5877.594,6.099452432781845,6.099452432781845,111.1650959017001,51.22216370513771,0.26988679911433033,4.71711379814575e-06,3.0876633300679632,0.061019902872447976
HeII_4686,4687.02,0.0,0.0,0.0,10000000000.0,0.26988679911433033,4.71711379814575e-06,3.0876633300679632,0.061019902872447976
NeIII_3869,3870.16,2.7137325474415093,2.8073404870714485,49.45892147081033,51.17430103347381,0.26988679911433033,4.71711379814575e-06,3.0876633300679632,0.061019902872447976
