line,wl,amp,amp_err,flux,flux_err,z,zerr,FWHM,FWHMerr
HI_6563,6564.61,0.0,0.0,0.0,10000000000.0,0.27003756531014805,2.951370251203505e-05,1.0196001545001943,0.3791288946837064
HI_4861,4862.683,0.26529099355343533,0.26529099355343533,1.596614455682774,24.643817442203023,0.27003756531014805,2.951370251203505e-05,1.0196001545001943,0.3791288946837064
HI_4341,4341.684,4.480553604651732,4.480553604651732,26.96554662044191,41.458128363764644,0.27003756531014805,2.951370251203505e-05,1.0196001545001943,0.3791288946837064
HI_4102,4102.892,0.0,0.0,0.0,10000000000.0,0.27003756531014805,2.951370251203505e-05,1.0196001545001943,0.3791288946837064
OIII_4363,4364.436,0.0,0.0,0.0,10000000000.0,0.27003756531014805,2.951370251203505e-05,1.0196001545001943,0.3791288946837064
OIII_5007,5008.24,0.286174137424382,0.286174137424382,1.7222965564501365,31.132919757128093,0.27003756531014805,2.951370251203505e-05,1.0196001545001943,0.3791288946837064
OIII_4959,4960.295,33.0875062080695,33.0875062080695,199.13224345347624,77.55555434695712,0.27003756531014805,2.951370251203505e-05,1.0196001545001943,0.3791288946837064
OII_3726,3727.092,3.0588467268939894,3.0588467268939894,18.409214864255006,20.989502288702102,0.27003756531014805,2.951370251203505e-05,1.0196001545001943,0.3791288946837064
OII_3729,3729.875,2.218754186740739,2.218754186740739,13.353242643887212,23.961354339300176,0.27003756531014805,2.951370251203505e-05,1.0196001545001943,0.3791288946837064
OI_6300,6302.046,0.7104928326248228,0.7104928326248228,4.275995622894391,23.506061047645264,0.27003756531014805,2.951370251203505e-05,1.0196001545001943,0.3791288946837064
SII_6717,6718.29,3.7143381968334097,3.7143381968334097,22.354192952141837,22.831508434620048,0.27003756531014805,2.951370251203505e-05,1.0196001545001943,0.3791288946837064
SII_6731,6732.67,2.881926017099431,2.881926017099431,17.344443840617704,28.39418941405112,0.27003756531014805,2.951370251203505e-05,1.0196001545001943,0.3791288946837064
NII_6548,6549.85,0.333314956685399,0.333314956685399,2.0060065779503895,19.826436726072245,0.27003756531014805,2.951370251203505e-05,1.0196001545001943,0.3791288946837064
NII_6584,6585.28,2.3976596369805065,2.3976596369805065,14.429958533210133,20.537286485744566,0.27003756531014805,2.951370251203505e-05,1.0196001545001943,0.3791288946837064
NII_5755,5756.24,0.0,0.0,0.0,10000000000.0,0.27003756531014805,2.951370251203505e-05,1.0196001545001943,0.3791288946837064
HeI_5876,5877.594,1.1937562063956193,1.1937562063956193,7.184444485516887,20.18725629746475,0.27003756531014805,2.951370251203505e-05,1.0196001545001943,0.3791288946837064
HeII_4686,4687.02,0.0,0.0,0.0,10000000000.0,0.27003756531014805,2.951370251203505e-05,1.0196001545001943,0.3791288946837064
NeIII_3869,3870.16,10.026434940199692,6.573599963245444,60.34261001499566,45.48216370034092,0.27003756531014805,2.951370251203505e-05,1.0196001545001943,0.3791288946837064
