line,wl,amp,amp_err,flux,flux_err,z,zerr,FWHM,FWHMerr
HI_6563,6564.61,14.78185039921891,14.78185039921891,528.1499879017633,86.62891617168701,0.26929032870658404,4.736827594771201e-05,6.053141320175854,0.5746215009230259
HI_4861,4862.683,6.972976144623203,6.972976144623203,249.14183048535187,71.14857982918423,0.26929032870658404,4.736827594771201e-05,6.053141320175854,0.5746215009230259
HI_4341,4341.684,0.0,0.0,0.0,10000000000.0,0.26929032870658404,4.736827594771201e-05,6.053141320175854,0.5746215009230259
HI_4102,4102.892,3.062049080283259,3.062049080283259,109.40586875318833,67.06581516101261,0.26929032870658404,4.736827594771201e-05,6.053141320175854,0.5746215009230259
OIII_4363,4364.436,2.5470442926198302,2.5470442926198302,91.0049402477718,66.75550540837737,0.26929032870658404,4.736827594771201e-05,6.053141320175854,0.5746215009230259
OIII_5007,5008.24,16.18162722163231,16.18162722163231,578.1634903968144,90.15404042465221,0.26929032870658404,4.736827594771201e-05,6.053141320175854,0.5746215009230259
OIII_4959,4960.295,7.098863107986631,7.098863107986631,253.63972461780077,71.32744584323164,0.26929032870658404,4.736827594771201e-05,6.053141320175854,0.5746215009230259
OII_3726,3727.092,6.253937661172017,6.253937661172017,223.45085431665024,95.27902723729581,0.26929032870658404,4.736827594771201e-05,6.053141320175854,0.5746215009230259
OII_3729,3729.875,12.579296719108356,12.579296719108356,449.45356843557505,99.30044531709348,0.26929032870658404,4.736827594771201e-05,6.053141320175854,0.5746215009230259
OI_6300,6302.046,1.0111861117528633,1.0111861117528633,36.129301695336196,66.16443458270872,0.26929032870658404,4.736827594771201e-05,6.053141320175854,0.5746215009230259
SII_6717,6718.29,0.8089764081901194,0.8089764081901194,28.90442459226894,66.12442777425012,0.26929032870658404,4.736827594771201e-05,6.053141320175854,0.5746215009230259
SII_6731,6732.67,3.472702202339633,3.472702202339633,124.07835126304757,67.35295312598059,0.26929032870658404,4.736827594771201e-05,6.053141320175854,0.5746215009230259
NII_6548,6549.85,0.0,0.0,0.0,10000000000.0,0.26929032870658404,4.736827594771201e-05,6.053141320175854,0.5746215009230259
NII_6584,6585.28,0.9345114382140309,0.9345114382140309,33.38974427808309,66.14821290269113,0.26929032870658404,4.736827594771201e-05,6.053141320175854,0.5746215009230259
NII_5755,5756.24,0.0,0.0,0.0,10000000000.0,0.26929032870658404,4.736827594771201e-05,6.053141320175854,0.5746215009230259
HeI_5876,5877.594,2.6468287560585395,2.6468287560585395,94.5702018175089,66.81140942179158,0.26929032870658404,4.736827594771201e-05,6.053141320175854,0.5746215009230259
HeII_4686,4687.02,0.0,0.0,0.0,10000000000.0,0.26929032870658404,4.736827594771201e-05,6.053141320175854,0.5746215009230259
NeIII_3869,3870.16,0.0,10000000000.0,0.0,10000000000.0,0.26929032870658404,4.736827594771201e-05,6.053141320175854,0.5746215009230259
