line,wl,amp,amp_err,flux,flux_err,z,zerr,FWHM,FWHMerr
HI_6563,6564.61,10.263474071990004,10.263474071990004,252.62271416642545,72.7977333202803,0.271179107999707,2.5827867675666734e-05,4.1699452142924205,0.7438278130771779
HI_4861,4862.683,0.0,0.0,0.0,10000000000.0,0.271179107999707,2.5827867675666734e-05,4.1699452142924205,0.7438278130771779
HI_4341,4341.684,0.0,0.0,0.0,10000000000.0,0.271179107999707,2.5827867675666734e-05,4.1699452142924205,0.7438278130771779
HI_4102,4102.892,3.3503095197823995,3.3503095197823995,82.46372312615392,55.070540021393164,0.271179107999707,2.5827867675666734e-05,4.1699452142924205,0.7438278130771779
OIII_4363,4364.436,0.0,0.0,0.0,10000000000.0,0.271179107999707,2.5827867675666734e-05,4.1699452142924205,0.7438278130771779
OIII_5007,5008.24,1.1128422941815188,1.1128422941815188,27.391236030162087,52.840808177778186,0.271179107999707,2.5827867675666734e-05,4.1699452142924205,0.7438278130771779
OIII_4959,4960.295,0.0,0.0,0.0,10000000000.0,0.271179107999707,2.5827867675666734e-05,4.1699452142924205,0.7438278130771779
OII_3726,3727.092,0.0,0.0,0.0,10000000000.0,0.271179107999707,2.5827867675666734e-05,4.1699452142924205,0.7438278130771779
OII_3729,3729.875,4.511599598843077,4.511599598843077,111.04744143138947,60.98453501679187,0.271179107999707,2.5827867675666734e-05,4.1699452142924205,0.7438278130771779
OI_6300,6302.046,0.0,0.0,0.0,10000000000.0,0.271179107999707,2.5827867675666734e-05,4.1699452142924205,0.7438278130771779
SII_6717,6718.29,0.3750894210096476,0.3750894210096476,9.232361959111744,52.58990799889946,0.271179107999707,2.5827867675666734e-05,4.1699452142924205,0.7438278130771779
SII_6731,6732.67,0.0,0.0,0.0,10000000000.0,0.271179107999707,2.5827867675666734e-05,4.1699452142924205,0.7438278130771779
NII_6548,6549.85,0.21711433283280712,0.21711433283280712,5.344000643441175,52.568480000113674,0.271179107999707,2.5827867675666734e-05,4.1699452142924205,0.7438278130771779
NII_6584,6585.28,0.7772517551076135,0.7772517551076135,19.131090173625022,52.69590525984411,0.271179107999707,2.5827867675666734e-05,4.1699452142924205,0.7438278130771779
NII_5755,5756.24,6.615321811741865,6.615321811741865,162.8279605370072,61.77835794950819,0.271179107999707,2.5827867675666734e-05,4.1699452142924205,0.7438278130771779
HeI_5876,5877.594,0.2972005204933339,0.2972005204933339,7.315223053332374,52.577917995034575,0.271179107999707,2.5827867675666734e-05,4.1699452142924205,0.7438278130771779
HeII_4686,4687.02,0.0,0.0,0.0,10000000000.0,0.271179107999707,2.5827867675666734e-05,4.1699452142924205,0.7438278130771779
NeIII_3869,3870.16,0.0,10000000000.0,0.0,10000000000.0,0.271179107999707,2.5827867675666734e-05,4.1699452142924205,0.7438278130771779
