line,wl,amp,amp_err,flux,flux_err,z,zerr,FWHM,FWHMerr
HI_6563,6564.61,22.63063353432665,22.63063353432665,758.344066985707,75.6841966461542,0.2691892728435383,2.823954264872933e-05,5.677039593564565,0.3336924800039832
HI_4861,4862.683,7.755315253800632,7.755315253800632,259.8777140464375,59.46308576521785,0.2691892728435383,2.823954264872933e-05,5.677039593564565,0.3336924800039832
HI_4341,4341.684,1.8065147314684964,1.8065147314684964,60.53563310339617,57.09611577390822,0.2691892728435383,2.823954264872933e-05,5.677039593564565,0.3336924800039832
HI_4102,4102.892,2.336718355874723,2.336718355874723,78.30255828703723,57.18935565158656,0.2691892728435383,2.823954264872933e-05,5.677039593564565,0.3336924800039832
OIII_4363,4364.436,0.0,0.0,0.0,10000000000.0,0.2691892728435383,2.823954264872933e-05,5.677039593564565,0.3336924800039832
OIII_5007,5008.24,23.544363498613052,23.544363498613052,788.9628163986483,77.0243660065311,0.2691892728435383,2.823954264872933e-05,5.677039593564565,0.3336924800039832
OIII_4959,4960.295,4.604791587291402,4.604791587291402,154.304844123403,57.8530325752675,0.2691892728435383,2.823954264872933e-05,5.677039593564565,0.3336924800039832
OII_3726,3727.092,5.189374962625493,5.189374962625493,173.89401442527088,83.0197880685347,0.2691892728435383,2.823954264872933e-05,5.677039593564565,0.3336924800039832
OII_3729,3729.875,27.585276816287887,27.585276816287887,924.3723105700813,92.13483190810864,0.2691892728435383,2.823954264872933e-05,5.677039593564565,0.3336924800039832
OI_6300,6302.046,0.8062349094294632,0.8062349094294632,27.016630322575892,56.984996206869646,0.2691892728435383,2.823954264872933e-05,5.677039593564565,0.3336924800039832
SII_6717,6718.29,2.612652629915601,2.612652629915601,87.5490126242306,57.247245724390154,0.2691892728435383,2.823954264872933e-05,5.677039593564565,0.3336924800039832
SII_6731,6732.67,2.688048087426182,2.688048087426182,90.07548621119831,57.26415912536856,0.2691892728435383,2.823954264872933e-05,5.677039593564565,0.3336924800039832
NII_6548,6549.85,0.0,0.0,0.0,10000000000.0,0.2691892728435383,2.823954264872933e-05,5.677039593564565,0.3336924800039832
NII_6584,6585.28,3.3385941786716558,3.3385941786716558,111.87504245642853,57.42987201907796,0.2691892728435383,2.823954264872933e-05,5.677039593564565,0.3336924800039832
NII_5755,5756.24,0.0,0.0,0.0,10000000000.0,0.2691892728435383,2.823954264872933e-05,5.677039593564565,0.3336924800039832
HeI_5876,5877.594,0.5844108591022632,0.5844108591022632,19.583389347451945,56.97187117359234,0.2691892728435383,2.823954264872933e-05,5.677039593564565,0.3336924800039832
HeII_4686,4687.02,0.0,0.0,0.0,10000000000.0,0.2691892728435383,2.823954264872933e-05,5.677039593564565,0.3336924800039832
NeIII_3869,3870.16,3.0951440236771077,1.7021649143091508,103.71711880100669,57.36378276396218,0.2691892728435383,2.823954264872933e-05,5.677039593564565,0.3336924800039832
