line,wl,amp,amp_err,flux,flux_err,z,zerr,FWHM,FWHMerr
HI_6563,6564.61,0.0,0.0,0.0,10000000000.0,0.2699565977877514,1.3069513611514167e-05,0.907365018929398,0.2704353436043902
HI_4861,4862.683,10.16056733994958,10.16056733994958,54.418635607489904,58.153256405178325,0.2699565977877514,1.3069513611514167e-05,0.907365018929398,0.2704353436043902
HI_4341,4341.684,1.0731548981430024,1.0731548981430024,5.747673668065742,18.789740847710526,0.2699565977877514,1.3069513611514167e-05,0.907365018929398,0.2704353436043902
HI_4102,4102.892,0.0,0.0,0.0,10000000000.0,0.2699565977877514,1.3069513611514167e-05,0.907365018929398,0.2704353436043902
OIII_4363,4364.436,3.9892984201873105,3.9892984201873105,21.36614716425723,24.678723100914322,0.2699565977877514,1.3069513611514167e-05,0.907365018929398,0.2704353436043902
OIII_5007,5008.24,0.0,0.0,0.0,10000000000.0,0.2699565977877514,1.3069513611514167e-05,0.907365018929398,0.2704353436043902
OIII_4959,4960.295,35.38017931699278,35.38017931699278,189.49149408310848,134.46173731123233,0.2699565977877514,1.3069513611514167e-05,0.907365018929398,0.2704353436043902
OII_3726,3727.092,0.23336632393750278,0.23336632393750278,1.249878724338776,24.669287818485888,0.2699565977877514,1.3069513611514167e-05,0.907365018929398,0.2704353436043902
OII_3729,3729.875,0.0,0.0,0.0,10000000000.0,0.2699565977877514,1.3069513611514167e-05,0.907365018929398,0.2704353436043902
OI_6300,6302.046,1.9774348029762905,1.9774348029762905,10.590875526963371,21.50403249577219,0.2699565977877514,1.3069513611514167e-05,0.907365018929398,0.2704353436043902
SII_6717,6718.29,0.0,0.0,0.0,10000000000.0,0.2699565977877514,1.3069513611514167e-05,0.907365018929398,0.2704353436043902
SII_6731,6732.67,16.254212887445874,16.254212887445874,87.05538368223368,41.94501986922994,0.2699565977877514,1.3069513611514167e-05,0.907365018929398,0.2704353436043902
NII_6548,6549.85,0.0,0.0,0.0,10000000000.0,0.2699565977877514,1.3069513611514167e-05,0.907365018929398,0.2704353436043902
NII_6584,6585.28,16.95087153125769,16.95087153125769,90.78659392000684,88.82254020320649,0.2699565977877514,1.3069513611514167e-05,0.907365018929398,0.2704353436043902
NII_5755,5756.24,0.0,0.0,0.0,10000000000.0,0.2699565977877514,1.3069513611514167e-05,0.907365018929398,0.2704353436043902
HeI_5876,5877.594,7.32361951830535,7.32361951830535,39.22432365834182,52.11437142864271,0.2699565977877514,1.3069513611514167e-05,0.907365018929398,0.2704353436043902
HeII_4686,4687.02,0.0,0.0,0.0,10000000000.0,0.2699565977877514,1.3069513611514167e-05,0.907365018929398,0.2704353436043902
NeIII_3869,3870.16,0.0,10000000000.0,0.0,10000000000.0,0.2699565977877514,1.3069513611514167e-05,0.907365018929398,0.2704353436043902
