line,wl,amp,amp_err,flux,flux_err,z,zerr,FWHM,FWHMerr
HI_6563,6564.61,53.79486389672297,53.79486389672297,1451.2717664705654,79.77210269687812,0.2691816988700877,1.1915041588364814e-05,4.57046381758166,0.1474024434024063
HI_4861,4862.683,23.264630704325555,23.264630704325555,627.6305813018084,64.32351707121752,0.2691816988700877,1.1915041588364814e-05,4.57046381758166,0.1474024434024063
HI_4341,4341.684,13.61819629160243,13.61819629160243,367.3901624920871,61.651224213494615,0.2691816988700877,1.1915041588364814e-05,4.57046381758166,0.1474024434024063
HI_4102,4102.892,3.5479894232067863,3.5479894232067863,95.71725820371235,60.3101055154994,0.2691816988700877,1.1915041588364814e-05,4.57046381758166,0.1474024434024063
OIII_4363,4364.436,1.7544678249537355,1.7544678249537355,47.33183495778835,60.23544042912622,0.2691816988700877,1.1915041588364814e-05,4.57046381758166,0.1474024434024063
OIII_5007,5008.24,61.2126539075316,61.2126539075316,1651.3880681487587,84.6801793826057,0.2691816988700877,1.1915041588364814e-05,4.57046381758166,0.1474024434024063
OIII_4959,4960.295,19.901733828702163,19.901733828702163,536.9067289557183,63.24687478791809,0.2691816988700877,1.1915041588364814e-05,4.57046381758166,0.1474024434024063
OII_3726,3727.092,26.24639418893412,26.24639418893412,708.0722600429812,78.68488027906173,0.2691816988700877,1.1915041588364814e-05,4.57046381758166,0.1474024434024063
OII_3729,3729.875,52.614871567694536,52.614871567694536,1419.438066601773,85.69775802576989,0.2691816988700877,1.1915041588364814e-05,4.57046381758166,0.1474024434024063
OI_6300,6302.046,4.275410686695068,4.275410686695068,115.34154694729253,60.35472152942311,0.2691816988700877,1.1915041588364814e-05,4.57046381758166,0.1474024434024063
SII_6717,6718.29,7.257217252299142,7.257217252299142,195.7843879226996,60.62367917831556,0.2691816988700877,1.1915041588364814e-05,4.57046381758166,0.1474024434024063
SII_6731,6732.67,3.4279418362380056,3.4279418362380056,92.4786279520365,60.303542809724576,0.2691816988700877,1.1915041588364814e-05,4.57046381758166,0.1474024434024063
NII_6548,6549.85,0.344519741061049,0.344519741061049,9.294414688984991,60.21216729959676,0.2691816988700877,1.1915041588364814e-05,4.57046381758166,0.1474024434024063
NII_6584,6585.28,9.82768144811871,9.82768144811871,265.1300808735773,60.96543351592127,0.2691816988700877,1.1915041588364814e-05,4.57046381758166,0.1474024434024063
NII_5755,5756.24,0.8662494302607229,0.8662494302607229,23.36957935746693,60.21713693755949,0.2691816988700877,1.1915041588364814e-05,4.57046381758166,0.1474024434024063
HeI_5876,5877.594,0.0,0.0,0.0,10000000000.0,0.2691816988700877,1.1915041588364814e-05,4.57046381758166,0.1474024434024063
HeII_4686,4687.02,0.0,0.0,0.0,10000000000.0,0.2691816988700877,1.1915041588364814e-05,4.57046381758166,0.1474024434024063
NeIII_3869,3870.16,7.59818682835396,2.2352343908339187,204.9830266608476,60.66319825497297,0.2691816988700877,1.1915041588364814e-05,4.57046381758166,0.1474024434024063
