line,wl,amp,amp_err,flux,flux_err,z,zerr,FWHM,FWHMerr
HI_6563,6564.61,52.57022838514649,52.57022838514649,847.6313202097193,60.75526311188649,0.2698885242556493,9.61588147946983e-06,2.7316149043873414,0.11989203415140318
HI_4861,4862.683,12.661714873100664,12.661714873100664,204.15483104573633,45.42010905517593,0.2698885242556493,9.61588147946983e-06,2.7316149043873414,0.11989203415140318
HI_4341,4341.684,10.975436266978818,10.975436266978818,176.96562900011006,45.140103490127125,0.2698885242556493,9.61588147946983e-06,2.7316149043873414,0.11989203415140318
HI_4102,4102.892,7.385203152218537,7.385203152218537,119.07746437907234,44.69334629047456,0.2698885242556493,9.61588147946983e-06,2.7316149043873414,0.11989203415140318
OIII_4363,4364.436,6.6001517935828815,6.6001517935828815,106.4194611709145,44.603051325092146,0.2698885242556493,9.61588147946983e-06,2.7316149043873414,0.11989203415140318
OIII_5007,5008.24,53.79675440916526,53.79675440916526,867.4075681916352,61.395078821805214,0.2698885242556493,9.61588147946983e-06,2.7316149043873414,0.11989203415140318
OIII_4959,4960.295,14.02023030149212,14.02023030149212,226.0592484596443,45.681233826354806,0.2698885242556493,9.61588147946983e-06,2.7316149043873414,0.11989203415140318
OII_3726,3727.092,20.41379073570522,20.41379073570522,329.14767394618644,48.18779975201523,0.2698885242556493,9.61588147946983e-06,2.7316149043873414,0.11989203415140318
OII_3729,3729.875,26.132493335415575,26.132493335415575,421.35483346175823,49.75606247747589,0.2698885242556493,9.61588147946983e-06,2.7316149043873414,0.11989203415140318
OI_6300,6302.046,2.3504460413101924,2.3504460413101924,37.89809826354847,44.35383531413031,0.2698885242556493,9.61588147946983e-06,2.7316149043873414,0.11989203415140318
SII_6717,6718.29,7.274118934273474,7.274118934273474,117.28636578194619,44.6825713745602,0.2698885242556493,9.61588147946983e-06,2.7316149043873414,0.11989203415140318
SII_6731,6732.67,5.433433855257476,5.433433855257476,87.6075462001485,44.50559997467155,0.2698885242556493,9.61588147946983e-06,2.7316149043873414,0.11989203415140318
NII_6548,6549.85,5.309666049103612,5.309666049103612,85.61194009090622,44.501860564938276,0.2698885242556493,9.61588147946983e-06,2.7316149043873414,0.11989203415140318
NII_6584,6585.28,2.0280440665972037,2.0280440665972037,32.699756543172676,44.33198282405373,0.2698885242556493,9.61588147946983e-06,2.7316149043873414,0.11989203415140318
NII_5755,5756.24,0.0,0.0,0.0,10000000000.0,0.2698885242556493,9.61588147946983e-06,2.7316149043873414,0.11989203415140318
HeI_5876,5877.594,0.0,0.0,0.0,10000000000.0,0.2698885242556493,9.61588147946983e-06,2.7316149043873414,0.11989203415140318
HeII_4686,4687.02,0.0,0.0,0.0,10000000000.0,0.2698885242556493,9.61588147946983e-06,2.7316149043873414,0.11989203415140318
NeIII_3869,3870.16,9.350198847130287,2.7550586922186686,150.7606422203744,44.91210541307288,0.2698885242556493,9.61588147946983e-06,2.7316149043873414,0.11989203415140318
