line,wl,amp,amp_err,flux,flux_err,z,zerr,FWHM,FWHMerr
HI_6563,6564.61,5.1023982382941995,5.1023982382941995,48.14330156898683,33.03618647004288,0.27018445514690176,1.5799887058686283e-05,1.5985044876074528,0.4565737907138303
HI_4861,4862.683,2.949075928714933,2.949075928714933,27.825788022658962,31.52245363647632,0.27018445514690176,1.5799887058686283e-05,1.5985044876074528,0.4565737907138303
HI_4341,4341.684,0.0,0.0,0.0,10000000000.0,0.27018445514690176,1.5799887058686283e-05,1.5985044876074528,0.4565737907138303
HI_4102,4102.892,1.2691808193446832,1.2691808193446832,11.975261843088179,29.702252650904992,0.27018445514690176,1.5799887058686283e-05,1.5985044876074528,0.4565737907138303
OIII_4363,4364.436,1.7559431824928424,1.7559431824928424,16.568072154442653,28.15622879482294,0.27018445514690176,1.5799887058686283e-05,1.5985044876074528,0.4565737907138303
OIII_5007,5008.24,1.2227866759499193,1.2227866759499193,11.537513331079511,29.34367839737378,0.27018445514690176,1.5799887058686283e-05,1.5985044876074528,0.4565737907138303
OIII_4959,4960.295,27.123637380377886,27.123637380377886,255.9230763782817,100.82795183801925,0.27018445514690176,1.5799887058686283e-05,1.5985044876074528,0.4565737907138303
OII_3726,3727.092,15.403066916074295,15.403066916074295,145.33449977745374,61.18227274988018,0.27018445514690176,1.5799887058686283e-05,1.5985044876074528,0.4565737907138303
OII_3729,3729.875,0.0,0.0,0.0,10000000000.0,0.27018445514690176,1.5799887058686283e-05,1.5985044876074528,0.4565737907138303
OI_6300,6302.046,1.6755278276791614,1.6755278276791614,15.809319015866311,28.143229610090977,0.27018445514690176,1.5799887058686283e-05,1.5985044876074528,0.4565737907138303
SII_6717,6718.29,3.487458222044552,3.487458222044552,32.90565437112254,29.5373101909261,0.27018445514690176,1.5799887058686283e-05,1.5985044876074528,0.4565737907138303
SII_6731,6732.67,2.68593409885068,2.68593409885068,25.342932730124016,32.28948640994719,0.27018445514690176,1.5799887058686283e-05,1.5985044876074528,0.4565737907138303
NII_6548,6549.85,0.0,0.0,0.0,10000000000.0,0.27018445514690176,1.5799887058686283e-05,1.5985044876074528,0.4565737907138303
NII_6584,6585.28,4.278468287023088,4.278468287023088,40.36917139269803,31.88450795340714,0.27018445514690176,1.5799887058686283e-05,1.5985044876074528,0.4565737907138303
NII_5755,5756.24,0.0,0.0,0.0,10000000000.0,0.27018445514690176,1.5799887058686283e-05,1.5985044876074528,0.4565737907138303
HeI_5876,5877.594,1.8103333491009153,1.8103333491009153,17.081266552666516,30.820859208474836,0.27018445514690176,1.5799887058686283e-05,1.5985044876074528,0.4565737907138303
HeII_4686,4687.02,0.0,0.0,0.0,10000000000.0,0.27018445514690176,1.5799887058686283e-05,1.5985044876074528,0.4565737907138303
NeIII_3869,3870.16,0.04521325551479549,3.0482837109669774,0.4266063316712342,28.7621138289041,0.27018445514690176,1.5799887058686283e-05,1.5985044876074528,0.4565737907138303
