line,wl,amp,amp_err,flux,flux_err,z,zerr,FWHM,FWHMerr
HI_6563,6564.61,15.859060010588792,15.859060010588792,352.4239594916551,59.247563494753194,0.26930866914511037,2.951220044033462e-05,3.7647862659041436,0.37547665694894244
HI_4861,4862.683,8.862815180759412,8.862815180759412,196.9516740689865,49.48207005121242,0.26930866914511037,2.951220044033462e-05,3.7647862659041436,0.37547665694894244
HI_4341,4341.684,4.732540538873764,4.732540538873764,105.16768799986028,45.86661742237586,0.26930866914511037,2.951220044033462e-05,3.7647862659041436,0.37547665694894244
HI_4102,4102.892,0.5324859805526785,0.5324859805526785,11.833035344772883,44.36226487739063,0.26930866914511037,2.951220044033462e-05,3.7647862659041436,0.37547665694894244
OIII_4363,4364.436,0.0,0.0,0.0,10000000000.0,0.26930866914511037,2.951220044033462e-05,3.7647862659041436,0.37547665694894244
OIII_5007,5008.24,17.0764333875602,17.0764333875602,379.47673219101654,61.28926882771161,0.26930866914511037,2.951220044033462e-05,3.7647862659041436,0.37547665694894244
OIII_4959,4960.295,6.4128234453722825,6.4128234453722825,142.50735091676538,47.10337069866815,0.26930866914511037,2.951220044033462e-05,3.7647862659041436,0.37547665694894244
OII_3726,3727.092,8.119629613970005,8.119629613970005,180.4364203332609,51.932739787810235,0.26930866914511037,2.951220044033462e-05,3.7647862659041436,0.37547665694894244
OII_3729,3729.875,7.799972614722833,7.799972614722833,173.33292332406288,51.70983913647601,0.26930866914511037,2.951220044033462e-05,3.7647862659041436,0.37547665694894244
OI_6300,6302.046,1.8758594091303848,1.8758594091303848,41.685812398339145,44.58554321650008,0.26930866914511037,2.951220044033462e-05,3.7647862659041436,0.37547665694894244
SII_6717,6718.29,1.5528069215299638,1.5528069215299638,34.506860005968306,44.50926219536483,0.26930866914511037,2.951220044033462e-05,3.7647862659041436,0.37547665694894244
SII_6731,6732.67,3.0921722501556133,3.0921722501556133,68.7150176052334,44.99968537474301,0.26930866914511037,2.951220044033462e-05,3.7647862659041436,0.37547665694894244
NII_6548,6549.85,2.508551785009672,2.508551785009672,55.74565907895479,44.77612852543352,0.26930866914511037,2.951220044033462e-05,3.7647862659041436,0.37547665694894244
NII_6584,6585.28,1.711395418842585,1.711395418842585,38.03105287209207,44.544911105781296,0.26930866914511037,2.951220044033462e-05,3.7647862659041436,0.37547665694894244
NII_5755,5756.24,0.13857678194108303,0.13857678194108303,3.0794875706807416,44.34397793740665,0.26930866914511037,2.951220044033462e-05,3.7647862659041436,0.37547665694894244
HeI_5876,5877.594,0.0,0.0,0.0,10000000000.0,0.26930866914511037,2.951220044033462e-05,3.7647862659041436,0.37547665694894244
HeII_4686,4687.02,0.0,0.0,0.0,10000000000.0,0.26930866914511037,2.951220044033462e-05,3.7647862659041436,0.37547665694894244
NeIII_3869,3870.16,4.6115577251071045,2.0086175136958873,102.4791779475861,45.79119660351118,0.26930866914511037,2.951220044033462e-05,3.7647862659041436,0.37547665694894244
