line,wl,amp,amp_err,flux,flux_err,z,zerr,FWHM,FWHMerr
HI_6563,6564.61,0.0,0.0,0.0,10000000000.0,0.26758917706058,0.0001590910046280511,9.999999999996309,1.9755403805331795
HI_4861,4862.683,1.213087036378397,1.213087036378397,71.6043851445264,74.14738221536366,0.26758917706058,0.0001590910046280511,9.999999999996309,1.9755403805331795
HI_4341,4341.684,0.5153053080753125,0.5153053080753125,30.416712601760846,72.73351764588908,0.26758917706058,0.0001590910046280511,9.999999999996309,1.9755403805331795
HI_4102,4102.892,0.7169950467690569,0.7169950467690569,42.321769119585944,73.01728873321842,0.26758917706058,0.0001590910046280511,9.999999999996309,1.9755403805331795
OIII_4363,4364.436,0.0,0.0,0.0,10000000000.0,0.26758917706058,0.0001590910046280511,9.999999999996309,1.9755403805331795
OIII_5007,5008.24,0.0,0.0,0.0,10000000000.0,0.26758917706058,0.0001590910046280511,9.999999999996309,1.9755403805331795
OIII_4959,4960.295,1.4440796336123185,1.4440796336123185,85.23908933463272,74.85795768958133,0.26758917706058,0.0001590910046280511,9.999999999996309,1.9755403805331795
OII_3726,3727.092,8.883829411735178,8.883829411735178,524.3821124783107,175.39869901142802,0.26758917706058,0.0001590910046280511,9.999999999996309,1.9755403805331795
OII_3729,3729.875,0.0,0.0,0.0,10000000000.0,0.26758917706058,0.0001590910046280511,9.999999999996309,1.9755403805331795
OI_6300,6302.046,0.0,0.0,0.0,10000000000.0,0.26758917706058,0.0001590910046280511,9.999999999996309,1.9755403805331795
SII_6717,6718.29,0.0,0.0,0.0,10000000000.0,0.26758917706058,0.0001590910046280511,9.999999999996309,1.9755403805331795
SII_6731,6732.67,0.0,0.0,0.0,10000000000.0,0.26758917706058,0.0001590910046280511,9.999999999996309,1.9755403805331795
NII_6548,6549.85,2.129161131116348,2.129161131116348,125.67711062378761,77.55486342671792,0.26758917706058,0.0001590910046280511,9.999999999996309,1.9755403805331795
NII_6584,6585.28,2.6595656633470526,2.6595656633470526,156.9850788645783,80.3651733674925,0.26758917706058,0.0001590910046280511,9.999999999996309,1.9755403805331795
NII_5755,5756.24,0.0,0.0,0.0,10000000000.0,0.26758917706058,0.0001590910046280511,9.999999999996309,1.9755403805331795
HeI_5876,5877.594,0.08722123536949766,0.08722123536949766,5.148371669047142,72.43314130679896,0.26758917706058,0.0001590910046280511,9.999999999996309,1.9755403805331795
HeII_4686,4687.02,0.0,0.0,0.0,10000000000.0,0.26758917706058,0.0001590910046280511,9.999999999996309,1.9755403805331795
NeIII_3869,3870.16,1.520449533080523,1.2361141984864672,89.74694370202893,75.0868513048532,0.26758917706058,0.0001590910046280511,9.999999999996309,1.9755403805331795
