line,wl,amp,amp_err,flux,flux_err,z,zerr,FWHM,FWHMerr
HI_6563,6564.61,2233.441942280495,2233.441942280495,62556.719977083056,238.11665660143817,0.26922967404928094,8.851123984277805e-07,4.745168552961102,0.012166981729036982
HI_4861,4862.683,587.6479161342734,587.6479161342734,16459.494844621902,163.60204372593958,0.26922967404928094,8.851123984277805e-07,4.745168552961102,0.012166981729036982
HI_4341,4341.684,252.8249813533364,252.8249813533364,7081.402593157542,157.95988564595245,0.26922967404928094,8.851123984277805e-07,4.745168552961102,0.012166981729036982
HI_4102,4102.892,106.60530798862624,106.60530798862624,2985.919747305279,156.88367643685478,0.26922967404928094,8.851123984277805e-07,4.745168552961102,0.012166981729036982
OIII_4363,4364.436,16.578157822697335,16.578157822697335,464.3394381639679,156.65564305874477,0.26922967404928094,8.851123984277805e-07,4.745168552961102,0.012166981729036982
OIII_5007,5008.24,1775.2765375628974,1775.2765375628974,49723.91497618811,211.79767465195454,0.26922967404928094,8.851123984277805e-07,4.745168552961102,0.012166981729036982
OIII_4959,4960.295,584.9113372524741,584.9113372524741,16382.845707000211,163.5388090361853,0.26922967404928094,8.851123984277805e-07,4.745168552961102,0.012166981729036982
OII_3726,3727.092,577.6926556444641,577.6926556444641,16180.656863221755,186.5306533099689,0.26922967404928094,8.851123984277805e-07,4.745168552961102,0.012166981729036982
OII_3729,3729.875,716.7345708586363,716.7345708586363,20075.097094898,188.4536791792739,0.26922967404928094,8.851123984277805e-07,4.745168552961102,0.012166981729036982
OI_6300,6302.046,44.26692084441311,44.26692084441311,1239.8770342264277,156.69030826374689,0.26922967404928094,8.851123984277805e-07,4.745168552961102,0.012166981729036982
SII_6717,6718.29,230.90689998017479,230.90689998017479,6467.496651418226,157.7433748170638,0.26922967404928094,8.851123984277805e-07,4.745168552961102,0.012166981729036982
SII_6731,6732.67,188.3678831292657,188.3678831292657,5276.016669393006,157.3784671122808,0.26922967404928094,8.851123984277805e-07,4.745168552961102,0.012166981729036982
NII_6548,6549.85,116.97288401409014,116.97288401409014,3276.3063197020706,156.93130313610337,0.26922967404928094,8.851123984277805e-07,4.745168552961102,0.012166981729036982
NII_6584,6585.28,363.2931981257839,363.2931981257839,10175.51897567053,159.34281784019456,0.26922967404928094,8.851123984277805e-07,4.745168552961102,0.012166981729036982
NII_5755,5756.24,3.284197155096308,3.284197155096308,91.9874378158743,156.65021084798315,0.26922967404928094,8.851123984277805e-07,4.745168552961102,0.012166981729036982
HeI_5876,5877.594,76.08485205913234,76.08485205913234,2131.068954450207,156.76906766992363,0.26922967404928094,8.851123984277805e-07,4.745168552961102,0.012166981729036982
HeII_4686,4687.02,0.0,0.0,0.0,10000000000.0,0.26922967404928094,8.851123984277805e-07,4.745168552961102,0.012166981729036982
NeIII_3869,3870.16,125.87107911883163,5.595150162180521,3525.536840957705,156.9756757125956,0.26922967404928094,8.851123984277805e-07,4.745168552961102,0.012166981729036982
