line,wl,amp,amp_err,flux,flux_err,z,zerr,FWHM,FWHMerr
HI_6563,6564.61,51.04654061380711,51.04654061380711,1448.009290975857,70.92674831691569,0.2692355900256873,1.1108942615533708e-05,4.8057079512728365,0.13897717656648803
HI_4861,4862.683,23.149881521231464,23.149881521231464,656.6800242417723,57.35449017125643,0.2692355900256873,1.1108942615533708e-05,4.8057079512728365,0.13897717656648803
HI_4341,4341.684,11.153162441046902,11.153162441046902,316.3756572767764,54.252998414507864,0.2692355900256873,1.1108942615533708e-05,4.8057079512728365,0.13897717656648803
HI_4102,4102.892,8.055127511258775,8.055127511258775,228.49539530095166,53.78971684414193,0.2692355900256873,1.1108942615533708e-05,4.8057079512728365,0.13897717656648803
OIII_4363,4364.436,3.802659634267684,3.802659634267684,107.86796548068365,53.39398759213232,0.2692355900256873,1.1108942615533708e-05,4.8057079512728365,0.13897717656648803
OIII_5007,5008.24,58.65833354996175,58.65833354996175,1663.9288569249568,75.71627591553778,0.2692355900256873,1.1108942615533708e-05,4.8057079512728365,0.13897717656648803
OIII_4959,4960.295,22.220853770308054,22.220853770308054,630.3268022851871,57.04465695034351,0.2692355900256873,1.1108942615533708e-05,4.8057079512728365,0.13897717656648803
OII_3726,3727.092,33.01236450046508,33.01236450046508,936.4436833320967,71.12479958249703,0.2692355900256873,1.1108942615533708e-05,4.8057079512728365,0.13897717656648803
OII_3729,3729.875,34.90492624359422,34.90492624359422,990.1289469139978,71.55226854871955,0.2692355900256873,1.1108942615533708e-05,4.8057079512728365,0.13897717656648803
OI_6300,6302.046,3.1806994433563887,3.1806994433563887,90.22516100799275,53.35975772992112,0.2692355900256873,1.1108942615533708e-05,4.8057079512728365,0.13897717656648803
SII_6717,6718.29,4.8626103032745505,4.8626103032745505,137.93500622904102,53.46628087364422,0.2692355900256873,1.1108942615533708e-05,4.8057079512728365,0.13897717656648803
SII_6731,6732.67,5.225935844472815,5.225935844472815,148.24126308754435,53.49510648524684,0.2692355900256873,1.1108942615533708e-05,4.8057079512728365,0.13897717656648803
NII_6548,6549.85,0.47143530446044224,0.47143530446044224,13.372947368114316,53.28172874920506,0.2692355900256873,1.1108942615533708e-05,4.8057079512728365,0.13897717656648803
NII_6584,6585.28,8.066975192233599,8.066975192233599,228.83147198551785,53.79121234811982,0.2692355900256873,1.1108942615533708e-05,4.8057079512728365,0.13897717656648803
NII_5755,5756.24,0.6993942478535473,0.6993942478535473,19.839334003234768,53.28380031305649,0.2692355900256873,1.1108942615533708e-05,4.8057079512728365,0.13897717656648803
HeI_5876,5877.594,0.9828923890058832,0.9828923890058832,27.881170676725873,53.2876019521319,0.2692355900256873,1.1108942615533708e-05,4.8057079512728365,0.13897717656648803
HeII_4686,4687.02,0.0,0.0,0.0,10000000000.0,0.2692355900256873,1.1108942615533708e-05,4.8057079512728365,0.13897717656648803
NeIII_3869,3870.16,8.305372035981804,1.8821085284402126,235.5939448296297,53.82171843988012,0.2692355900256873,1.1108942615533708e-05,4.8057079512728365,0.13897717656648803
