line,wl,amp,amp_err,flux,flux_err,z,zerr,FWHM,FWHMerr
HI_6563,6564.61,231.27026569269788,231.27026569269788,7478.131578439561,106.11380442717079,0.26924887528258024,3.8188274118789764e-06,5.478045622135799,0.0487272375073523
HI_4861,4862.683,89.26130493122969,89.26130493122969,2886.2672040421644,80.95177510879388,0.26924887528258024,3.8188274118789764e-06,5.478045622135799,0.0487272375073523
HI_4341,4341.684,35.52008616956073,35.52008616956073,1148.5431439181903,76.5490078325282,0.26924887528258024,3.8188274118789764e-06,5.478045622135799,0.0487272375073523
HI_4102,4102.892,19.226394805699897,19.226394805699897,621.6861026444973,75.9441271601946,0.26924887528258024,3.8188274118789764e-06,5.478045622135799,0.0487272375073523
OIII_4363,4364.436,3.0699353213191216,3.0699353213191216,99.26645866627885,75.6984636015217,0.26924887528258024,3.8188274118789764e-06,5.478045622135799,0.0487272375073523
OIII_5007,5008.24,223.20854923947445,223.20854923947445,7217.455714187377,104.31320314669837,0.26924887528258024,3.8188274118789764e-06,5.478045622135799,0.0487272375073523
OIII_4959,4960.295,68.25975399985214,68.25975399985214,2207.1813702202508,78.8105013765912,0.26924887528258024,3.8188274118789764e-06,5.478045622135799,0.0487272375073523
OII_3726,3727.092,124.64545232499972,124.64545232499972,4030.414763214819,105.08072801913112,0.26924887528258024,3.8188274118789764e-06,5.478045622135799,0.0487272375073523
OII_3729,3729.875,136.3983313386691,136.3983313386691,4410.444489156694,105.84892944340902,0.26924887528258024,3.8188274118789764e-06,5.478045622135799,0.0487272375073523
OI_6300,6302.046,9.412924099952761,9.412924099952761,304.3672075460155,75.75250782830557,0.26924887528258024,3.8188274118789764e-06,5.478045622135799,0.0487272375073523
SII_6717,6718.29,33.37586257901421,33.37586257901421,1079.2096042360622,76.44913848981058,0.26924887528258024,3.8188274118789764e-06,5.478045622135799,0.0487272375073523
SII_6731,6732.67,23.338395538478153,23.338395538478153,754.647780351977,76.06317511896545,0.26924887528258024,3.8188274118789764e-06,5.478045622135799,0.0487272375073523
NII_6548,6549.85,7.8999905134708115,7.8999905134708115,255.44645071951564,75.73463809087852,0.26924887528258024,3.8188274118789764e-06,5.478045622135799,0.0487272375073523
NII_6584,6585.28,33.162641123447656,33.162641123447656,1072.3150815212753,76.43954608514233,0.26924887528258024,3.8188274118789764e-06,5.478045622135799,0.0487272375073523
NII_5755,5756.24,0.7487563288725596,0.7487563288725596,24.211060296607585,75.6924125436918,0.26924887528258024,3.8188274118789764e-06,5.478045622135799,0.0487272375073523
HeI_5876,5877.594,9.624781302102747,9.624781302102747,311.2176170821156,75.75527049783967,0.26924887528258024,3.8188274118789764e-06,5.478045622135799,0.0487272375073523
HeII_4686,4687.02,2.1600499167107046e-12,2.1600499167107046e-12,6.984528445443854e-11,75.69202340801317,0.26924887528258024,3.8188274118789764e-06,5.478045622135799,0.0487272375073523
NeIII_3869,3870.16,25.559773873079394,2.343626598504158,826.4761211976437,76.13699088855178,0.26924887528258024,3.8188274118789764e-06,5.478045622135799,0.0487272375073523
