line,wl,amp,amp_err,flux,flux_err,z,zerr,FWHM,FWHMerr
HI_6563,6564.61,1031.5912509688483,1031.5912509688483,30232.17943684955,149.52065416256588,0.26918192986977507,1.197472350260159e-06,4.964941642470867,0.01600038369117174
HI_4861,4862.683,333.13241895409374,333.13241895409374,9762.89693867909,108.29769735459985,0.26918192986977507,1.197472350260159e-06,4.964941642470867,0.01600038369117174
HI_4341,4341.684,130.35249032548063,130.35249032548063,3820.156359274057,103.34638993077868,0.26918192986977507,1.197472350260159e-06,4.964941642470867,0.01600038369117174
HI_4102,4102.892,53.08616645373786,53.08616645373786,1555.762040766213,102.57896499692824,0.26918192986977507,1.197472350260159e-06,4.964941642470867,0.01600038369117174
OIII_4363,4364.436,5.999397644984924,5.999397644984924,175.82047729258412,102.42768115344474,0.26918192986977507,1.197472350260159e-06,4.964941642470867,0.01600038369117174
OIII_5007,5008.24,924.0955100771148,924.0955100771148,27081.871091093613,141.4652403992473,0.26918192986977507,1.197472350260159e-06,4.964941642470867,0.01600038369117174
OIII_4959,4960.295,302.542599663348,302.542599663348,8866.420834534085,107.29205001921207,0.26918192986977507,1.197472350260159e-06,4.964941642470867,0.01600038369117174
OII_3726,3727.092,330.39997220527334,330.39997220527334,9682.818884183775,127.30401058176106,0.26918192986977507,1.197472350260159e-06,4.964941642470867,0.01600038369117174
OII_3729,3729.875,470.3165858905986,470.3165858905986,13783.264838100504,130.157028412022,0.26918192986977507,1.197472350260159e-06,4.964941642470867,0.01600038369117174
OI_6300,6302.046,28.19627997274665,28.19627997274665,826.3301911363977,102.4689975558687,0.26918192986977507,1.197472350260159e-06,4.964941642470867,0.01600038369117174
SII_6717,6718.29,116.7731220325436,116.7731220325436,3422.1945711282447,103.16525397275166,0.26918192986977507,1.197472350260159e-06,4.964941642470867,0.01600038369117174
SII_6731,6732.67,91.90943111677689,91.90943111677689,2693.5304180328594,102.88448501509559,0.26918192986977507,1.197472350260159e-06,4.964941642470867,0.01600038369117174
NII_6548,6549.85,49.565442690977534,49.565442690977534,1452.5824602459393,102.55934724204388,0.26918192986977507,1.197472350260159e-06,4.964941642470867,0.01600038369117174
NII_6584,6585.28,176.1903371318308,176.1903371318308,5163.49657115246,104.1016422540526,0.26918192986977507,1.197472350260159e-06,4.964941642470867,0.01600038369117174
NII_5755,5756.24,0.0,0.0,0.0,10000000000.0,0.26918192986977507,1.197472350260159e-06,4.964941642470867,0.01600038369117174
HeI_5876,5877.594,43.076162502817624,43.076162502817624,1262.405311224764,102.526665194517,0.26918192986977507,1.197472350260159e-06,4.964941642470867,0.01600038369117174
HeII_4686,4687.02,0.0,0.0,0.0,10000000000.0,0.26918192986977507,1.197472350260159e-06,4.964941642470867,0.01600038369117174
NeIII_3869,3870.16,82.0174005167803,3.497497623751145,2403.631057396527,102.79118772981151,0.26918192986977507,1.197472350260159e-06,4.964941642470867,0.01600038369117174
