line,wl,amp,amp_err,flux,flux_err,z,zerr,FWHM,FWHMerr
HI_6563,6564.61,14.761078092497655,14.761078092497655,473.2276779821999,74.36987875912736,0.2690910426245291,3.87216156797178e-05,5.431307624200564,0.4710711045564268
HI_4861,4862.683,6.167818507137895,6.167818507137895,197.73504428731263,61.58534611487939,0.2690910426245291,3.87216156797178e-05,5.431307624200564,0.4710711045564268
HI_4341,4341.684,2.601035154552733,2.601035154552733,83.38698696842881,59.08037461636522,0.2690910426245291,3.87216156797178e-05,5.431307624200564,0.4710711045564268
HI_4102,4102.892,4.511358037644641,4.511358037644641,144.6303227530497,60.18124075249974,0.2690910426245291,3.87216156797178e-05,5.431307624200564,0.4710711045564268
OIII_4363,4364.436,0.0,0.0,0.0,10000000000.0,0.2690910426245291,3.87216156797178e-05,5.431307624200564,0.4710711045564268
OIII_5007,5008.24,17.130042687904165,17.130042687904165,549.1746791213676,79.12634226775755,0.2690910426245291,3.87216156797178e-05,5.431307624200564,0.4710711045564268
OIII_4959,4960.295,1.1142342121336242,1.1142342121336242,35.721406365590276,58.626787289631885,0.2690910426245291,3.87216156797178e-05,5.431307624200564,0.4710711045564268
OII_3726,3727.092,11.674226451131517,11.674226451131517,374.2658253745854,86.99454243467038,0.2690910426245291,3.87216156797178e-05,5.431307624200564,0.4710711045564268
OII_3729,3729.875,15.325296021313534,15.325296021313534,491.3160275360966,89.49286475403666,0.2690910426245291,3.87216156797178e-05,5.431307624200564,0.4710711045564268
OI_6300,6302.046,2.2623819092617623,2.2623819092617623,72.53005037437104,58.94547869689804,0.2690910426245291,3.87216156797178e-05,5.431307624200564,0.4710711045564268
SII_6717,6718.29,1.2382686126136377,1.2382686126136377,39.69784433043674,58.6508123419083,0.2690910426245291,3.87216156797178e-05,5.431307624200564,0.4710711045564268
SII_6731,6732.67,7.049945144088724,7.049945144088724,226.01527812081943,62.4934076317725,0.2690910426245291,3.87216156797178e-05,5.431307624200564,0.4710711045564268
NII_6548,6549.85,0.0,0.0,0.0,10000000000.0,0.2690910426245291,3.87216156797178e-05,5.431307624200564,0.4710711045564268
NII_6584,6585.28,4.510327942838444,4.510327942838444,144.5972987848691,60.1805176920234,0.2690910426245291,3.87216156797178e-05,5.431307624200564,0.4710711045564268
NII_5755,5756.24,0.37850764751317456,0.37850764751317456,12.134635018441019,58.53617918793799,0.2690910426245291,3.87216156797178e-05,5.431307624200564,0.4710711045564268
HeI_5876,5877.594,1.9468708428424861,1.9468708428424861,62.41503246011937,58.83646116045472,0.2690910426245291,3.87216156797178e-05,5.431307624200564,0.4710711045564268
HeII_4686,4687.02,0.0,0.0,0.0,10000000000.0,0.2690910426245291,3.87216156797178e-05,5.431307624200564,0.4710711045564268
NeIII_3869,3870.16,2.9288044135461178,1.829922241536615,93.89499216800978,59.22830394264904,0.2690910426245291,3.87216156797178e-05,5.431307624200564,0.4710711045564268
