line,wl,amp,amp_err,flux,flux_err,z,zerr,FWHM,FWHMerr
HI_6563,6564.61,144.51983618009126,144.51983618009126,4388.0746633032895,90.713740562372,0.2694785204960404,5.175653835826647e-06,5.143975479461361,0.06677555682884424
HI_4861,4862.683,53.5201811515858,53.5201811515858,1625.0402511806087,68.77031827401586,0.2694785204960404,5.175653835826647e-06,5.143975479461361,0.06677555682884424
HI_4341,4341.684,23.99627218480748,23.99627218480748,728.6019467712954,65.4593801665183,0.2694785204960404,5.175653835826647e-06,5.143975479461361,0.06677555682884424
HI_4102,4102.892,9.666283511798042,9.666283511798042,293.4986288911288,64.73988129518486,0.2694785204960404,5.175653835826647e-06,5.143975479461361,0.06677555682884424
OIII_4363,4364.436,2.4012992610154242,2.4012992610154242,72.91096312301426,64.60827253715534,0.2694785204960404,5.175653835826647e-06,5.143975479461361,0.06677555682884424
OIII_5007,5008.24,143.50243253696476,143.50243253696476,4357.183103592465,90.39964304728369,0.2694785204960404,5.175653835826647e-06,5.143975479461361,0.06677555682884424
OIII_4959,4960.295,43.20363332509669,43.20363332509669,1311.7975619641525,67.34672733890585,0.2694785204960404,5.175653835826647e-06,5.143975479461361,0.06677555682884424
OII_3726,3727.092,66.4291797714709,66.4291797714709,2016.9978624662094,85.46115855672879,0.2694785204960404,5.175653835826647e-06,5.143975479461361,0.06677555682884424
OII_3729,3729.875,87.98273935937982,87.98273935937982,2671.4314075876077,87.50938638556137,0.2694785204960404,5.175653835826647e-06,5.143975479461361,0.06677555682884424
OI_6300,6302.046,7.3007938094418705,7.3007938094418705,221.6749560751761,64.67968975889981,0.2694785204960404,5.175653835826647e-06,5.143975479461361,0.06677555682884424
SII_6717,6718.29,23.347795565713795,23.347795565713795,708.9121664809023,65.41381101612694,0.2694785204960404,5.175653835826647e-06,5.143975479461361,0.06677555682884424
SII_6731,6732.67,16.86850253681746,16.86850253681746,512.1805459109206,65.02588769709672,0.2694785204960404,5.175653835826647e-06,5.143975479461361,0.06677555682884424
NII_6548,6549.85,2.8242310545692817,2.8242310545692817,85.75249641458575,64.61160619312197,0.2694785204960404,5.175653835826647e-06,5.143975479461361,0.06677555682884424
NII_6584,6585.28,11.741879709724003,11.741879709724003,356.520227365804,64.80648772001675,0.2694785204960404,5.175653835826647e-06,5.143975479461361,0.06677555682884424
NII_5755,5756.24,0.0,0.0,0.0,10000000000.0,0.2694785204960404,5.175653835826647e-06,5.143975479461361,0.06677555682884424
HeI_5876,5877.594,7.340987668158846,7.340987668158846,222.89536745757323,64.68056342999513,0.2694785204960404,5.175653835826647e-06,5.143975479461361,0.06677555682884424
HeII_4686,4687.02,0.0,0.0,0.0,10000000000.0,0.2694785204960404,5.175653835826647e-06,5.143975479461361,0.06677555682884424
NeIII_3869,3870.16,13.072571950726001,2.1292582949365824,396.9242096960824,64.85595041291346,0.2694785204960404,5.175653835826647e-06,5.143975479461361,0.06677555682884424
