line,wl,amp,amp_err,flux,flux_err,z,zerr,FWHM,FWHMerr
HI_6563,6564.61,3.4723396725194107,3.4723396725194107,80.29183678072839,51.44141552255518,0.269717660225471,5.994811460164446e-05,3.9174325953071105,0.7208966329297575
HI_4861,4862.683,2.3788114678962984,2.3788114678962984,55.00589231636779,50.01401088059904,0.269717660225471,5.994811460164446e-05,3.9174325953071105,0.7208966329297575
HI_4341,4341.684,0.0,0.0,0.0,10000000000.0,0.269717660225471,5.994811460164446e-05,3.9174325953071105,0.7208966329297575
HI_4102,4102.892,0.0,0.0,0.0,10000000000.0,0.269717660225471,5.994811460164446e-05,3.9174325953071105,0.7208966329297575
OIII_4363,4364.436,0.0,0.0,0.0,10000000000.0,0.269717660225471,5.994811460164446e-05,3.9174325953071105,0.7208966329297575
OIII_5007,5008.24,4.730393833734865,4.730393833734865,109.38215884024538,53.663630955185496,0.269717660225471,5.994811460164446e-05,3.9174325953071105,0.7208966329297575
OIII_4959,4960.295,2.7314902876901215,2.7314902876901215,63.16097877263016,50.42016946785935,0.269717660225471,5.994811460164446e-05,3.9174325953071105,0.7208966329297575
OII_3726,3727.092,10.112501122752633,10.112501122752633,233.83406180532532,67.35952522011182,0.269717660225471,5.994811460164446e-05,3.9174325953071105,0.7208966329297575
OII_3729,3729.875,0.0,0.0,0.0,10000000000.0,0.269717660225471,5.994811460164446e-05,3.9174325953071105,0.7208966329297575
OI_6300,6302.046,0.2741948602196089,0.2741948602196089,6.340280916956982,48.73423629452622,0.269717660225471,5.994811460164446e-05,3.9174325953071105,0.7208966329297575
SII_6717,6718.29,1.2373823366075385,1.2373823366075385,28.612321943193592,49.07115834201582,0.269717660225471,5.994811460164446e-05,3.9174325953071105,0.7208966329297575
SII_6731,6732.67,0.0,0.0,0.0,10000000000.0,0.269717660225471,5.994811460164446e-05,3.9174325953071105,0.7208966329297575
NII_6548,6549.85,0.0,0.0,0.0,10000000000.0,0.269717660225471,5.994811460164446e-05,3.9174325953071105,0.7208966329297575
NII_6584,6585.28,0.11904163861584038,0.11904163861584038,2.7526315738916463,48.720066272930154,0.269717660225471,5.994811460164446e-05,3.9174325953071105,0.7208966329297575
NII_5755,5756.24,3.2702321631028326,3.2702321631028326,75.61845091163764,51.14074514538174,0.269717660225471,5.994811460164446e-05,3.9174325953071105,0.7208966329297575
HeI_5876,5877.594,0.0,0.0,0.0,10000000000.0,0.269717660225471,5.994811460164446e-05,3.9174325953071105,0.7208966329297575
HeII_4686,4687.02,0.0,0.0,0.0,10000000000.0,0.269717660225471,5.994811460164446e-05,3.9174325953071105,0.7208966329297575
NeIII_3869,3870.16,0.10408477385112747,2.106851012197625,2.4067799989596312,48.71929136292679,0.269717660225471,5.994811460164446e-05,3.9174325953071105,0.7208966329297575
