line,wl,amp,amp_err,flux,flux_err,z,zerr,FWHM,FWHMerr
HI_6563,6564.61,0.0,0.0,0.0,10000000000.0,0.27017296684644965,6.445536047687295e-06,1.276653767383304,0.38654332704812217
HI_4861,4862.683,0.0,0.0,0.0,10000000000.0,0.27017296684644965,6.445536047687295e-06,1.276653767383304,0.38654332704812217
HI_4341,4341.684,0.0,0.0,0.0,10000000000.0,0.27017296684644965,6.445536047687295e-06,1.276653767383304,0.38654332704812217
HI_4102,4102.892,0.0,0.0,0.0,10000000000.0,0.27017296684644965,6.445536047687295e-06,1.276653767383304,0.38654332704812217
OIII_4363,4364.436,4.979029231826416,4.979029231826416,37.520227705001815,27.002640692877023,0.27017296684644965,6.445536047687295e-06,1.276653767383304,0.38654332704812217
OIII_5007,5008.24,0.0,0.0,0.0,10000000000.0,0.27017296684644965,6.445536047687295e-06,1.276653767383304,0.38654332704812217
OIII_4959,4960.295,67.66165006705114,67.66165006705114,509.8745958719079,258.90417480401015,0.27017296684644965,6.445536047687295e-06,1.276653767383304,0.38654332704812217
OII_3726,3727.092,0.0,0.0,0.0,10000000000.0,0.27017296684644965,6.445536047687295e-06,1.276653767383304,0.38654332704812217
OII_3729,3729.875,2.9223330116383295,2.9223330116383295,22.02168232426566,27.861801457908726,0.27017296684644965,6.445536047687295e-06,1.276653767383304,0.38654332704812217
OI_6300,6302.046,0.09724705181747595,0.09724705181747595,0.7328198646653403,25.238594599732235,0.27017296684644965,6.445536047687295e-06,1.276653767383304,0.38654332704812217
SII_6717,6718.29,0.0,0.0,0.0,10000000000.0,0.27017296684644965,6.445536047687295e-06,1.276653767383304,0.38654332704812217
SII_6731,6732.67,6.57962644560871,6.57962644560871,49.58177005169612,41.722517367342654,0.27017296684644965,6.445536047687295e-06,1.276653767383304,0.38654332704812217
NII_6548,6549.85,5.663820446767318,5.663820446767318,42.68057545928533,33.84916869147857,0.27017296684644965,6.445536047687295e-06,1.276653767383304,0.38654332704812217
NII_6584,6585.28,0.0,0.0,0.0,10000000000.0,0.27017296684644965,6.445536047687295e-06,1.276653767383304,0.38654332704812217
NII_5755,5756.24,2.6339196622620875,2.6339196622620875,19.848299916187425,29.589472581134437,0.27017296684644965,6.445536047687295e-06,1.276653767383304,0.38654332704812217
HeI_5876,5877.594,1.1899313814724337,1.1899313814724337,8.96690786645488,33.09567457138652,0.27017296684644965,6.445536047687295e-06,1.276653767383304,0.38654332704812217
HeII_4686,4687.02,0.0,0.0,0.0,10000000000.0,0.27017296684644965,6.445536047687295e-06,1.276653767383304,0.38654332704812217
NeIII_3869,3870.16,3.219569872908096,3.741706724722722,24.261555640508625,29.13738896425432,0.27017296684644965,6.445536047687295e-06,1.276653767383304,0.38654332704812217
