line,wl,amp,amp_err,flux,flux_err,z,zerr,FWHM,FWHMerr
HI_6563,6564.61,7.715019292123429,7.715019292123429,166.77191665450985,51.84320658697313,0.2698026288442311,4.5352442512932034e-05,3.662167847777349,0.47034829044355597
HI_4861,4862.683,4.500160870485843,4.500160870485843,97.27784535688296,48.05575683123101,0.2698026288442311,4.5352442512932034e-05,3.662167847777349,0.47034829044355597
HI_4341,4341.684,1.6842556066303587,1.6842556066303587,36.407755446654214,46.277099122974164,0.2698026288442311,4.5352442512932034e-05,3.662167847777349,0.47034829044355597
HI_4102,4102.892,0.0,0.0,0.0,10000000000.0,0.2698026288442311,4.5352442512932034e-05,3.662167847777349,0.47034829044355597
OIII_4363,4364.436,1.548878820179766,1.548878820179766,33.48137959559919,46.23150564365276,0.2698026288442311,4.5352442512932034e-05,3.662167847777349,0.47034829044355597
OIII_5007,5008.24,17.52482599356074,17.52482599356074,378.8258602239334,71.22702372775342,0.2698026288442311,4.5352442512932034e-05,3.662167847777349,0.47034829044355597
OIII_4959,4960.295,6.940301198146244,6.940301198146244,150.02520267915915,50.77718822460873,0.2698026288442311,4.5352442512932034e-05,3.662167847777349,0.47034829044355597
OII_3726,3727.092,9.391569760490597,9.391569760490597,203.01311377803037,57.744770686435494,0.2698026288442311,4.5352442512932034e-05,3.662167847777349,0.47034829044355597
OII_3729,3729.875,7.174457983429306,7.174457983429306,155.08685896292027,55.55414696329891,0.2698026288442311,4.5352442512932034e-05,3.662167847777349,0.47034829044355597
OI_6300,6302.046,0.0,0.0,0.0,10000000000.0,0.2698026288442311,4.5352442512932034e-05,3.662167847777349,0.47034829044355597
SII_6717,6718.29,0.0,0.0,0.0,10000000000.0,0.2698026288442311,4.5352442512932034e-05,3.662167847777349,0.47034829044355597
SII_6731,6732.67,4.238234342569967,4.238234342569967,91.61590370395822,47.825792586120166,0.2698026288442311,4.5352442512932034e-05,3.662167847777349,0.47034829044355597
NII_6548,6549.85,0.5765852869062655,0.5765852869062655,12.463770960407079,46.01565728154879,0.2698026288442311,4.5352442512932034e-05,3.662167847777349,0.47034829044355597
NII_6584,6585.28,0.0,0.0,0.0,10000000000.0,0.2698026288442311,4.5352442512932034e-05,3.662167847777349,0.47034829044355597
NII_5755,5756.24,2.4273188801663537,2.4273188801663537,52.47020216661112,46.59405559661762,0.2698026288442311,4.5352442512932034e-05,3.662167847777349,0.47034829044355597
HeI_5876,5877.594,0.0,0.0,0.0,10000000000.0,0.2698026288442311,4.5352442512932034e-05,3.662167847777349,0.47034829044355597
HeII_4686,4687.02,0.0,0.0,0.0,10000000000.0,0.2698026288442311,4.5352442512932034e-05,3.662167847777349,0.47034829044355597
NeIII_3869,3870.16,0.0,10000000000.0,0.0,10000000000.0,0.2698026288442311,4.5352442512932034e-05,3.662167847777349,0.47034829044355597
