line,wl,amp,amp_err,flux,flux_err,z,zerr,FWHM,FWHMerr
HI_6563,6564.61,7.229749961490597,7.229749961490597,426.7474480717612,98.06185941832321,0.2705626695849551,0.00013227919566981494,9.999999928953034,1.2893349389585955
HI_4861,4862.683,0.0,0.0,0.0,10000000000.0,0.2705626695849551,0.00013227919566981494,9.999999928953034,1.2893349389585955
HI_4341,4341.684,1.0790950080504444,1.0790950080504444,63.69529283382848,74.99617595932614,0.2705626695849551,0.00013227919566981494,9.999999928953034,1.2893349389585955
HI_4102,4102.892,0.0,0.0,0.0,10000000000.0,0.2705626695849551,0.00013227919566981494,9.999999928953034,1.2893349389585955
OIII_4363,4364.436,0.0,0.0,0.0,10000000000.0,0.2705626695849551,0.00013227919566981494,9.999999928953034,1.2893349389585955
OIII_5007,5008.24,3.416549776706688,3.416549776706688,201.66726459224878,80.29698755727179,0.2705626695849551,0.00013227919566981494,9.999999928953034,1.2893349389585955
OIII_4959,4960.295,4.650640664749517e-05,4.650640664749517e-05,0.0027451143485623802,74.38564762801202,0.2705626695849551,0.00013227919566981494,9.999999928953034,1.2893349389585955
OII_3726,3727.092,7.847781149851812,7.847781149851812,463.2277183254684,160.64871890175718,0.2705626695849551,0.00013227919566981494,9.999999928953034,1.2893349389585955
OII_3729,3729.875,0.4272006851167589,0.4272006851167589,25.21619740089845,159.317584785845,0.2705626695849551,0.00013227919566981494,9.999999928953034,1.2893349389585955
OI_6300,6302.046,0.0,0.0,0.0,10000000000.0,0.2705626695849551,0.00013227919566981494,9.999999928953034,1.2893349389585955
SII_6717,6718.29,1.4111198005268761,1.4111198005268761,83.2935823515285,75.48302171679987,0.2705626695849551,0.00013227919566981494,9.999999928953034,1.2893349389585955
SII_6731,6732.67,1.5612989629780714,1.5612989629780714,92.15814539602812,75.72255946962284,0.2705626695849551,0.00013227919566981494,9.999999928953034,1.2893349389585955
NII_6548,6549.85,0.0,0.0,0.0,10000000000.0,0.2705626695849551,0.00013227919566981494,9.999999928953034,1.2893349389585955
NII_6584,6585.28,0.0,0.0,0.0,10000000000.0,0.2705626695849551,0.00013227919566981494,9.999999928953034,1.2893349389585955
NII_5755,5756.24,0.0,0.0,0.0,10000000000.0,0.2705626695849551,0.00013227919566981494,9.999999928953034,1.2893349389585955
HeI_5876,5877.594,0.0,0.0,0.0,10000000000.0,0.2705626695849551,0.00013227919566981494,9.999999928953034,1.2893349389585955
HeII_4686,4687.02,0.0,0.0,0.0,10000000000.0,0.2705626695849551,0.00013227919566981494,9.999999928953034,1.2893349389585955
NeIII_3869,3870.16,1.4234640662812126,1.264907550497542,84.02222219897028,75.44500825770386,0.2705626695849551,0.00013227919566981494,9.999999928953034,1.2893349389585955
