line,wl,amp,amp_err,flux,flux_err,z,zerr,FWHM,FWHMerr
HI_6563,6564.61,8.077985179221855,8.077985179221855,254.25238239468177,72.9791474154865,0.26935530092317966,7.190126714923096e-05,5.332296876256998,0.8520204426528388
HI_4861,4862.683,5.155226007856982,5.155226007856982,162.25933388094222,64.0608520475009,0.26935530092317966,7.190126714923096e-05,5.332296876256998,0.8520204426528388
HI_4341,4341.684,0.747979544941586,0.747979544941586,23.542452364613972,57.28732912622127,0.26935530092317966,7.190126714923096e-05,5.332296876256998,0.8520204426528388
HI_4102,4102.892,0.0,0.0,0.0,10000000000.0,0.26935530092317966,7.190126714923096e-05,5.332296876256998,0.8520204426528388
OIII_4363,4364.436,0.726850443879357,0.726850443879357,22.877419666021275,57.278644846787415,0.26935530092317966,7.190126714923096e-05,5.332296876256998,0.8520204426528388
OIII_5007,5008.24,7.257577600242939,7.257577600242939,228.4302773942198,70.20292202811004,0.26935530092317966,7.190126714923096e-05,5.332296876256998,0.8520204426528388
OIII_4959,4960.295,1.8527948038741897,1.8527948038741897,58.31621159508965,58.0742451646104,0.26935530092317966,7.190126714923096e-05,5.332296876256998,0.8520204426528388
OII_3726,3727.092,10.95137292290758,10.95137292290758,344.69147867514187,90.66657366213101,0.26935530092317966,7.190126714923096e-05,5.332296876256998,0.8520204426528388
OII_3729,3729.875,1.8776055955015636,1.8776055955015636,59.09712450101869,80.2877865772427,0.26935530092317966,7.190126714923096e-05,5.332296876256998,0.8520204426528388
OI_6300,6302.046,0.6156581237382852,0.6156581237382852,19.377671687703867,57.237410996544625,0.26935530092317966,7.190126714923096e-05,5.332296876256998,0.8520204426528388
SII_6717,6718.29,3.3800076586023806,3.3800076586023806,106.3848200566652,60.20903608103133,0.26935530092317966,7.190126714923096e-05,5.332296876256998,0.8520204426528388
SII_6731,6732.67,0.0,0.0,0.0,10000000000.0,0.26935530092317966,7.190126714923096e-05,5.332296876256998,0.8520204426528388
NII_6548,6549.85,0.9336921389606232,0.9336921389606232,29.387705657661606,57.373418178272715,0.26935530092317966,7.190126714923096e-05,5.332296876256998,0.8520204426528388
NII_6584,6585.28,1.6385413076595796,1.6385413076595796,51.57264118237418,57.87042724028918,0.26935530092317966,7.190126714923096e-05,5.332296876256998,0.8520204426528388
NII_5755,5756.24,2.778072969115101,2.778072969115101,87.43908972259614,59.228490190150566,0.26935530092317966,7.190126714923096e-05,5.332296876256998,0.8520204426528388
HeI_5876,5877.594,0.5952408734755181,0.5952408734755181,18.735044299056312,57.23066334760058,0.26935530092317966,7.190126714923096e-05,5.332296876256998,0.8520204426528388
HeII_4686,4687.02,0.0,0.0,0.0,10000000000.0,0.26935530092317966,7.190126714923096e-05,5.332296876256998,0.8520204426528388
NeIII_3869,3870.16,2.166789730464984,1.823410360252364,68.19911635095639,58.41673646234481,0.26935530092317966,7.190126714923096e-05,5.332296876256998,0.8520204426528388
