line,wl,amp,amp_err,flux,flux_err,z,zerr,FWHM,FWHMerr
HI_6563,6564.61,0.0,0.0,0.0,10000000000.0,0.27027893097752365,2.8740404061055325e-05,2.0030133976641458,0.28079164164123854
HI_4861,4862.683,1.339372141085505,1.339372141085505,15.835536213102927,33.16134837837739,0.27027893097752365,2.8740404061055325e-05,2.0030133976641458,0.28079164164123854
HI_4341,4341.684,0.38486500664077994,0.38486500664077994,4.550299026584797,32.992313918984244,0.27027893097752365,2.8740404061055325e-05,2.0030133976641458,0.28079164164123854
HI_4102,4102.892,0.06215319832119803,0.06215319832119803,0.7348437320622654,33.266999235559354,0.27027893097752365,2.8740404061055325e-05,2.0030133976641458,0.28079164164123854
OIII_4363,4364.436,1.2034093705996156,1.2034093705996156,14.228034227942812,33.29925166934131,0.27027893097752365,2.8740404061055325e-05,2.0030133976641458,0.28079164164123854
OIII_5007,5008.24,0.0,0.0,0.0,10000000000.0,0.27027893097752365,2.8740404061055325e-05,2.0030133976641458,0.28079164164123854
OIII_4959,4960.295,22.5957970859547,22.5957970859547,267.1524605018034,52.24608057528733,0.27027893097752365,2.8740404061055325e-05,2.0030133976641458,0.28079164164123854
OII_3726,3727.092,0.0,0.0,0.0,10000000000.0,0.27027893097752365,2.8740404061055325e-05,2.0030133976641458,0.28079164164123854
OII_3729,3729.875,4.8932241336037805,4.8932241336037805,57.853098171589586,34.612162338885916,0.27027893097752365,2.8740404061055325e-05,2.0030133976641458,0.28079164164123854
OI_6300,6302.046,0.0,0.0,0.0,10000000000.0,0.27027893097752365,2.8740404061055325e-05,2.0030133976641458,0.28079164164123854
SII_6717,6718.29,0.0,0.0,0.0,10000000000.0,0.27027893097752365,2.8740404061055325e-05,2.0030133976641458,0.28079164164123854
SII_6731,6732.67,0.0,0.0,0.0,10000000000.0,0.27027893097752365,2.8740404061055325e-05,2.0030133976641458,0.28079164164123854
NII_6548,6549.85,2.3454513096571645,2.3454513096571645,27.73051492622812,33.24513474557578,0.27027893097752365,2.8740404061055325e-05,2.0030133976641458,0.28079164164123854
NII_6584,6585.28,0.0,0.0,0.0,10000000000.0,0.27027893097752365,2.8740404061055325e-05,2.0030133976641458,0.28079164164123854
NII_5755,5756.24,0.0,0.0,0.0,10000000000.0,0.27027893097752365,2.8740404061055325e-05,2.0030133976641458,0.28079164164123854
HeI_5876,5877.594,0.0,0.0,0.0,10000000000.0,0.27027893097752365,2.8740404061055325e-05,2.0030133976641458,0.28079164164123854
HeII_4686,4687.02,0.0,0.0,0.0,10000000000.0,0.27027893097752365,2.8740404061055325e-05,2.0030133976641458,0.28079164164123854
NeIII_3869,3870.16,0.0,10000000000.0,0.0,10000000000.0,0.27027893097752365,2.8740404061055325e-05,2.0030133976641458,0.28079164164123854
