line,wl,amp,amp_err,flux,flux_err,z,zerr,FWHM,FWHMerr
HI_6563,6564.61,36.49360195343979,36.49360195343979,1128.898735786638,77.17338352466983,0.2692746356878895,1.735350765599545e-05,5.240715665399399,0.21388626428145396
HI_4861,4862.683,15.989930053099215,15.989930053099215,494.63497314654717,61.738213968408616,0.2692746356878895,1.735350765599545e-05,5.240715665399399,0.21388626428145396
HI_4341,4341.684,7.855935154312078,7.855935154312078,243.01671496936976,58.52466078589349,0.2692746356878895,1.735350765599545e-05,5.240715665399399,0.21388626428145396
HI_4102,4102.892,2.913861585171958,2.913861585171958,90.13784564085259,57.61149656627456,0.2692746356878895,1.735350765599545e-05,5.240715665399399,0.21388626428145396
OIII_4363,4364.436,0.1860907959242013,0.1860907959242013,5.756561507093402,57.46511634081158,0.2692746356878895,1.735350765599545e-05,5.240715665399399,0.21388626428145396
OIII_5007,5008.24,36.53025944169622,36.53025944169622,1130.0327042067076,77.2081639465556,0.2692746356878895,1.735350765599545e-05,5.240715665399399,0.21388626428145396
OIII_4959,4960.295,16.00276210046468,16.00276210046468,495.0319216874698,61.744544895794206,0.2692746356878895,1.735350765599545e-05,5.240715665399399,0.21388626428145396
OII_3726,3727.092,29.398353634976047,29.398353634976047,909.4132252298758,84.32435227755086,0.2692746356878895,1.735350765599545e-05,5.240715665399399,0.21388626428145396
OII_3729,3729.875,26.688466693226246,26.688466693226246,825.5851628048754,83.43071603955158,0.2692746356878895,1.735350765599545e-05,5.240715665399399,0.21388626428145396
OI_6300,6302.046,2.9685566871423816,2.9685566871423816,91.82979239762683,57.61705519365691,0.2692746356878895,1.735350765599545e-05,5.240715665399399,0.21388626428145396
SII_6717,6718.29,7.373841096778051,7.373841096778051,228.10354271592172,58.39953324952568,0.2692746356878895,1.735350765599545e-05,5.240715665399399,0.21388626428145396
SII_6731,6732.67,3.7069763390192065,3.7069763390192065,114.6721802920118,57.70222391202704,0.2692746356878895,1.735350765599545e-05,5.240715665399399,0.21388626428145396
NII_6548,6549.85,0.21434063315405183,0.21434063315405183,6.630446347938788,57.46525774074792,0.2692746356878895,1.735350765599545e-05,5.240715665399399,0.21388626428145396
NII_6584,6585.28,8.453863524638109,8.453863524638109,261.513123797778,58.69042997921154,0.2692746356878895,1.735350765599545e-05,5.240715665399399,0.21388626428145396
NII_5755,5756.24,0.0,0.0,0.0,10000000000.0,0.2692746356878895,1.735350765599545e-05,5.240715665399399,0.21388626428145396
HeI_5876,5877.594,2.841645137139608,2.841645137139608,87.90389085089421,57.60430005998744,0.2692746356878895,1.735350765599545e-05,5.240715665399399,0.21388626428145396
HeII_4686,4687.02,0.0,0.0,0.0,10000000000.0,0.2692746356878895,1.735350765599545e-05,5.240715665399399,0.21388626428145396
NeIII_3869,3870.16,1.0066244868577314,1.8577522572618863,31.139077805348133,57.482046440876424,0.2692746356878895,1.735350765599545e-05,5.240715665399399,0.21388626428145396
