line,wl,amp,amp_err,flux,flux_err,z,zerr,FWHM,FWHMerr
HI_6563,6564.61,0.0,0.0,0.0,10000000000.0,0.27024734409989914,2.354099172793522e-05,1.2866117296422397,0.25031960896506533
HI_4861,4862.683,1.4501417809095756,1.4501417809095756,11.012999767501944,34.869878825083916,0.27024734409989914,2.354099172793522e-05,1.2866117296422397,0.25031960896506533
HI_4341,4341.684,0.0,0.0,0.0,10000000000.0,0.27024734409989914,2.354099172793522e-05,1.2866117296422397,0.25031960896506533
HI_4102,4102.892,0.0,0.0,0.0,10000000000.0,0.27024734409989914,2.354099172793522e-05,1.2866117296422397,0.25031960896506533
OIII_4363,4364.436,0.0,0.0,0.0,10000000000.0,0.27024734409989914,2.354099172793522e-05,1.2866117296422397,0.25031960896506533
OIII_5007,5008.24,11.68468027299241,11.68468027299241,88.73848255657153,45.61497070621171,0.27024734409989914,2.354099172793522e-05,1.2866117296422397,0.25031960896506533
OIII_4959,4960.295,37.83256557823552,37.83256557823552,287.3167585418947,76.55241045923307,0.27024734409989914,2.354099172793522e-05,1.2866117296422397,0.25031960896506533
OII_3726,3727.092,0.0,0.0,0.0,10000000000.0,0.27024734409989914,2.354099172793522e-05,1.2866117296422397,0.25031960896506533
OII_3729,3729.875,4.529240354918784,4.529240354918784,34.39699733662892,36.246074978144485,0.27024734409989914,2.354099172793522e-05,1.2866117296422397,0.25031960896506533
OI_6300,6302.046,6.2455084518798,6.2455084518798,47.43107469487675,31.78574362952249,0.27024734409989914,2.354099172793522e-05,1.2866117296422397,0.25031960896506533
SII_6717,6718.29,0.0,0.0,0.0,10000000000.0,0.27024734409989914,2.354099172793522e-05,1.2866117296422397,0.25031960896506533
SII_6731,6732.67,0.0,0.0,0.0,10000000000.0,0.27024734409989914,2.354099172793522e-05,1.2866117296422397,0.25031960896506533
NII_6548,6549.85,0.0,0.0,0.0,10000000000.0,0.27024734409989914,2.354099172793522e-05,1.2866117296422397,0.25031960896506533
NII_6584,6585.28,0.0,0.0,0.0,10000000000.0,0.27024734409989914,2.354099172793522e-05,1.2866117296422397,0.25031960896506533
NII_5755,5756.24,0.0,0.0,0.0,10000000000.0,0.27024734409989914,2.354099172793522e-05,1.2866117296422397,0.25031960896506533
HeI_5876,5877.594,0.0,0.0,0.0,10000000000.0,0.27024734409989914,2.354099172793522e-05,1.2866117296422397,0.25031960896506533
HeII_4686,4687.02,0.0,0.0,0.0,10000000000.0,0.27024734409989914,2.354099172793522e-05,1.2866117296422397,0.25031960896506533
NeIII_3869,3870.16,0.0,10000000000.0,0.0,10000000000.0,0.27024734409989914,2.354099172793522e-05,1.2866117296422397,0.25031960896506533
