line,wl,amp,amp_err,flux,flux_err,z,zerr,FWHM,FWHMerr
HI_6563,6564.61,58.35837919508094,58.35837919508094,1764.0272966111565,81.11058614820152,0.26930660166408965,1.1349858201735658e-05,5.120995819957041,0.14297516582295877
HI_4861,4862.683,24.08507332795466,24.08507332795466,728.0313020580695,63.74505361131578,0.26930660166408965,1.1349858201735658e-05,5.120995819957041,0.14297516582295877
HI_4341,4341.684,14.008269800345374,14.008269800345374,423.43482884435315,61.00575046026085,0.26930660166408965,1.1349858201735658e-05,5.120995819957041,0.14297516582295877
HI_4102,4102.892,6.162516858816048,6.162516858816048,186.27741388154007,59.83991573530227,0.26930660166408965,1.1349858201735658e-05,5.120995819957041,0.14297516582295877
OIII_4363,4364.436,1.44972542734331,1.44972542734331,43.821560188916855,59.57244178442339,0.26930660166408965,1.1349858201735658e-05,5.120995819957041,0.14297516582295877
OIII_5007,5008.24,58.89923051396681,58.89923051396681,1780.3758741947374,81.45785077162938,0.26930660166408965,1.1349858201735658e-05,5.120995819957041,0.14297516582295877
OIII_4959,4960.295,17.213076665030712,17.213076665030712,520.3080948199831,61.73152783196738,0.26930660166408965,1.1349858201735658e-05,5.120995819957041,0.14297516582295877
OII_3726,3727.092,35.54589157374585,35.54589157374585,1074.46306568695,82.67897562749818,0.26930660166408965,1.1349858201735658e-05,5.120995819957041,0.14297516582295877
OII_3729,3729.875,44.11880316845327,44.11880316845327,1333.6006612316335,84.58825897506789,0.26930660166408965,1.1349858201735658e-05,5.120995819957041,0.14297516582295877
OI_6300,6302.046,0.20390676867145885,0.20390676867145885,6.163589716873923,59.5570435222861,0.26930660166408965,1.1349858201735658e-05,5.120995819957041,0.14297516582295877
SII_6717,6718.29,12.28179113741669,12.28179113741669,371.2477131219952,60.6736737158606,0.26930660166408965,1.1349858201735658e-05,5.120995819957041,0.14297516582295877
SII_6731,6732.67,7.906956929741909,7.906956929741909,239.0074578762318,60.02220616726015,0.26930660166408965,1.1349858201735658e-05,5.120995819957041,0.14297516582295877
NII_6548,6549.85,4.731673552371262,4.731673552371262,143.02661280455064,59.72386040914159,0.26930660166408965,1.1349858201735658e-05,5.120995819957041,0.14297516582295877
NII_6584,6585.28,14.049788600227885,14.049788600227885,424.6898379334584,61.014253601036216,0.26930660166408965,1.1349858201735658e-05,5.120995819957041,0.14297516582295877
NII_5755,5756.24,0.0,0.0,0.0,10000000000.0,0.26930660166408965,1.1349858201735658e-05,5.120995819957041,0.14297516582295877
HeI_5876,5877.594,4.973729232726669,4.973729232726669,150.3433483502615,59.741354341719024,0.26930660166408965,1.1349858201735658e-05,5.120995819957041,0.14297516582295877
HeII_4686,4687.02,0.0,0.0,0.0,10000000000.0,0.26930660166408965,1.1349858201735658e-05,5.120995819957041,0.14297516582295877
NeIII_3869,3870.16,7.65510185864332,1.9731799761734312,231.39451134934635,59.9931373180291,0.26930660166408965,1.1349858201735658e-05,5.120995819957041,0.14297516582295877
