line,wl,amp,amp_err,flux,flux_err,z,zerr,FWHM,FWHMerr
HI_6563,6564.61,3.087244032123408,3.087244032123408,85.39182938395503,55.21882958914673,0.2695891770285766,8.845662219840034e-05,4.685950533791649,1.0663563064693187
HI_4861,4862.683,2.797819370895695,2.797819370895695,77.38646892851115,54.44915507723939,0.2695891770285766,8.845662219840034e-05,4.685950533791649,1.0663563064693187
HI_4341,4341.684,0.0,0.0,0.0,10000000000.0,0.2695891770285766,8.845662219840034e-05,4.685950533791649,1.0663563064693187
HI_4102,4102.892,0.735295309023968,0.735295309023968,20.33794896732261,51.0302423247101,0.2695891770285766,8.845662219840034e-05,4.685950533791649,1.0663563064693187
OIII_4363,4364.436,2.433107683380058,2.433107683380058,67.29870201711181,53.57649156095079,0.2695891770285766,8.845662219840034e-05,4.685950533791649,1.0663563064693187
OIII_5007,5008.24,7.154785781108899,7.154785781108899,197.89826795097235,71.49077088726197,0.2695891770285766,8.845662219840034e-05,4.685950533791649,1.0663563064693187
OIII_4959,4960.295,2.388544194521728,2.388544194521728,66.06609526566983,53.477378381715546,0.2695891770285766,8.845662219840034e-05,4.685950533791649,1.0663563064693187
OII_3726,3727.092,0.0,0.0,0.0,10000000000.0,0.2695891770285766,8.845662219840034e-05,4.685950533791649,1.0663563064693187
OII_3729,3729.875,1.4607886293612182,1.4607886293612182,40.40477918379482,57.82617680331136,0.2695891770285766,8.845662219840034e-05,4.685950533791649,1.0663563064693187
OI_6300,6302.046,0.10533873300664709,0.10533873300664709,2.9136236147288908,50.77285448616079,0.2695891770285766,8.845662219840034e-05,4.685950533791649,1.0663563064693187
SII_6717,6718.29,2.512509448234937,2.512509448234937,69.49492035512549,53.7576924083361,0.2695891770285766,8.845662219840034e-05,4.685950533791649,1.0663563064693187
SII_6731,6732.67,0.0,0.0,0.0,10000000000.0,0.2695891770285766,8.845662219840034e-05,4.685950533791649,1.0663563064693187
NII_6548,6549.85,1.1370119404890602,1.1370119404890602,31.449256560059442,51.39390178287458,0.2695891770285766,8.845662219840034e-05,4.685950533791649,1.0663563064693187
NII_6584,6585.28,0.0,0.0,0.0,10000000000.0,0.2695891770285766,8.845662219840034e-05,4.685950533791649,1.0663563064693187
NII_5755,5756.24,0.0,0.0,0.0,10000000000.0,0.2695891770285766,8.845662219840034e-05,4.685950533791649,1.0663563064693187
HeI_5876,5877.594,0.3196987057806382,0.3196987057806382,8.842727382167705,50.81728470081321,0.2695891770285766,8.845662219840034e-05,4.685950533791649,1.0663563064693187
HeII_4686,4687.02,0.0,0.0,0.0,10000000000.0,0.2695891770285766,8.845662219840034e-05,4.685950533791649,1.0663563064693187
NeIII_3869,3870.16,0.44220179456783626,1.8361210169900921,12.23110962467187,50.86252472267201,0.2695891770285766,8.845662219840034e-05,4.685950533791649,1.0663563064693187
