line,wl,amp,amp_err,flux,flux_err,z,zerr,FWHM,FWHMerr
HI_6563,6564.61,1.0698668289421676,1.0698668289421676,18.301922468398374,41.33824264485214,0.26987074062679756,5.344318852094829e-05,2.8981397965155113,0.646967383961584
HI_4861,4862.683,0.0,0.0,0.0,10000000000.0,0.26987074062679756,5.344318852094829e-05,2.8981397965155113,0.646967383961584
HI_4341,4341.684,0.0,0.0,0.0,10000000000.0,0.26987074062679756,5.344318852094829e-05,2.8981397965155113,0.646967383961584
HI_4102,4102.892,0.0,0.0,0.0,10000000000.0,0.26987074062679756,5.344318852094829e-05,2.8981397965155113,0.646967383961584
OIII_4363,4364.436,0.0,0.0,0.0,10000000000.0,0.26987074062679756,5.344318852094829e-05,2.8981397965155113,0.646967383961584
OIII_5007,5008.24,3.1712144597432825,3.1712144597432825,54.24910802241794,43.256447516077145,0.26987074062679756,5.344318852094829e-05,2.8981397965155113,0.646967383961584
OIII_4959,4960.295,7.3839437166238895,7.3839437166238895,126.31512797371985,51.793820576595614,0.26987074062679756,5.344318852094829e-05,2.8981397965155113,0.646967383961584
OII_3726,3727.092,9.121410579717576,9.121410579717576,156.03750365592816,56.085521192760936,0.26987074062679756,5.344318852094829e-05,2.8981397965155113,0.646967383961584
OII_3729,3729.875,0.0,0.0,0.0,10000000000.0,0.26987074062679756,5.344318852094829e-05,2.8981397965155113,0.646967383961584
OI_6300,6302.046,1.0187730440594578,1.0187730440594578,17.427874910100883,41.31949564277117,0.26987074062679756,5.344318852094829e-05,2.8981397965155113,0.646967383961584
SII_6717,6718.29,0.0,0.0,0.0,10000000000.0,0.26987074062679756,5.344318852094829e-05,2.8981397965155113,0.646967383961584
SII_6731,6732.67,6.425570899136346,6.425570899136346,109.92050340271574,49.3991737481253,0.26987074062679756,5.344318852094829e-05,2.8981397965155113,0.646967383961584
NII_6548,6549.85,0.615822876437278,0.615822876437278,10.534715381320025,41.16959688596284,0.26987074062679756,5.344318852094829e-05,2.8981397965155113,0.646967383961584
NII_6584,6585.28,0.0,0.0,0.0,10000000000.0,0.26987074062679756,5.344318852094829e-05,2.8981397965155113,0.646967383961584
NII_5755,5756.24,0.0,0.0,0.0,10000000000.0,0.26987074062679756,5.344318852094829e-05,2.8981397965155113,0.646967383961584
HeI_5876,5877.594,1.7302188465548625,1.7302188465548625,29.598385823700024,41.74498303441819,0.26987074062679756,5.344318852094829e-05,2.8981397965155113,0.646967383961584
HeII_4686,4687.02,0.0,0.0,0.0,10000000000.0,0.26987074062679756,5.344318852094829e-05,2.8981397965155113,0.646967383961584
NeIII_3869,3870.16,3.716439553109467,2.437212021346848,63.576126223813716,44.04212611101407,0.26987074062679756,5.344318852094829e-05,2.8981397965155113,0.646967383961584
