line,wl,amp,amp_err,flux,flux_err,z,zerr,FWHM,FWHMerr
HI_6563,6564.61,237.13498408017676,237.13498408017676,5209.515624004067,75.3992360765487,0.26948039957224784,2.6254447663927538e-06,3.721808790618073,0.034463063551973774
HI_4861,4862.683,72.92269673405599,72.92269673405599,1602.007099265165,55.239430688330664,0.26948039957224784,2.6254447663927538e-06,3.721808790618073,0.034463063551973774
HI_4341,4341.684,31.860449173914503,31.860449173914503,699.9283905877721,53.18679261444187,0.26948039957224784,2.6254447663927538e-06,3.721808790618073,0.034463063551973774
HI_4102,4102.892,12.989666482447205,12.989666482447205,285.3643495640065,52.77361124357018,0.26948039957224784,2.6254447663927538e-06,3.721808790618073,0.034463063551973774
OIII_4363,4364.436,4.077862032519306,4.077862032519306,89.5847824956932,52.69902796356793,0.26948039957224784,2.6254447663927538e-06,3.721808790618073,0.034463063551973774
OIII_5007,5008.24,225.66673076869597,225.66673076869597,4957.574540583008,73.55625873642924,0.26948039957224784,2.6254447663927538e-06,3.721808790618073,0.034463063551973774
OIII_4959,4960.295,74.37491656331144,74.37491656331144,1633.9102868919933,55.33948399145555,0.26948039957224784,2.6254447663927538e-06,3.721808790618073,0.034463063551973774
OII_3726,3727.092,84.6441495147933,84.6441495147933,1859.5106120181847,60.41845248895048,0.26948039957224784,2.6254447663927538e-06,3.721808790618073,0.034463063551973774
OII_3729,3729.875,125.0802923028582,125.0802923028582,2747.834696488406,63.076192921802686,0.26948039957224784,2.6254447663927538e-06,3.721808790618073,0.034463063551973774
OI_6300,6302.046,5.792980917024806,5.792980917024806,127.26348545263387,52.70733268181493,0.26948039957224784,2.6254447663927538e-06,3.721808790618073,0.034463063551973774
SII_6717,6718.29,28.73946408621873,28.73946408621873,631.3648227122804,53.09471787677279,0.26948039957224784,2.6254447663927538e-06,3.721808790618073,0.034463063551973774
SII_6731,6732.67,24.315270157741452,24.315270157741452,534.1716249923115,52.98026432976042,0.26948039957224784,2.6254447663927538e-06,3.721808790618073,0.034463063551973774
NII_6548,6549.85,4.375624229710752,4.375624229710752,96.12619107158747,52.70024434591265,0.26948039957224784,2.6254447663927538e-06,3.721808790618073,0.034463063551973774
NII_6584,6585.28,15.38477275069863,15.38477275069863,337.98140045594573,52.80690045140396,0.26948039957224784,2.6254447663927538e-06,3.721808790618073,0.034463063551973774
NII_5755,5756.24,0.0,0.0,0.0,10000000000.0,0.26948039957224784,2.6254447663927538e-06,3.721808790618073,0.034463063551973774
HeI_5876,5877.594,2.991518113657662,2.991518113657662,65.71936407038787,52.69525251372948,0.26948039957224784,2.6254447663927538e-06,3.721808790618073,0.034463063551973774
HeII_4686,4687.02,0.0,0.0,0.0,10000000000.0,0.26948039957224784,2.6254447663927538e-06,3.721808790618073,0.034463063551973774
NeIII_3869,3870.16,21.281203599644755,2.4004893114979957,467.5175325985511,52.91270067663834,0.26948039957224784,2.6254447663927538e-06,3.721808790618073,0.034463063551973774
