line,wl,amp,amp_err,flux,flux_err,z,zerr,FWHM,FWHMerr
HI_6563,6564.61,0.0,0.0,0.0,10000000000.0,0.2701519901967514,1.9623475694891333e-05,1.2285299470718019,0.47035356769272896
HI_4861,4862.683,0.0,0.0,0.0,10000000000.0,0.2701519901967514,1.9623475694891333e-05,1.2285299470718019,0.47035356769272896
HI_4341,4341.684,2.069629435261163,2.069629435261163,15.00810979266393,25.202249504800555,0.2701519901967514,1.9623475694891333e-05,1.2285299470718019,0.47035356769272896
HI_4102,4102.892,0.0,0.0,0.0,10000000000.0,0.2701519901967514,1.9623475694891333e-05,1.2285299470718019,0.47035356769272896
OIII_4363,4364.436,0.0,0.0,0.0,10000000000.0,0.2701519901967514,1.9623475694891333e-05,1.2285299470718019,0.47035356769272896
OIII_5007,5008.24,2.0675789028854297,2.0675789028854297,14.993240166969544,24.007816843705378,0.2701519901967514,1.9623475694891333e-05,1.2285299470718019,0.47035356769272896
OIII_4959,4960.295,40.43156784111375,40.43156784111375,293.1932639295904,191.48448508089115,0.2701519901967514,1.9623475694891333e-05,1.2285299470718019,0.47035356769272896
OII_3726,3727.092,0.0,0.0,0.0,10000000000.0,0.2701519901967514,1.9623475694891333e-05,1.2285299470718019,0.47035356769272896
OII_3729,3729.875,0.0,0.0,0.0,10000000000.0,0.2701519901967514,1.9623475694891333e-05,1.2285299470718019,0.47035356769272896
OI_6300,6302.046,2.042516895642507,2.042516895642507,14.81150069713114,26.000305385771632,0.2701519901967514,1.9623475694891333e-05,1.2285299470718019,0.47035356769272896
SII_6717,6718.29,0.6928883403140844,0.6928883403140844,5.024544060071431,26.72727160665919,0.2701519901967514,1.9623475694891333e-05,1.2285299470718019,0.47035356769272896
SII_6731,6732.67,0.27351325251265735,0.27351325251265735,1.9834067169326774,29.416639146758687,0.2701519901967514,1.9623475694891333e-05,1.2285299470718019,0.47035356769272896
NII_6548,6549.85,0.0,0.0,0.0,10000000000.0,0.2701519901967514,1.9623475694891333e-05,1.2285299470718019,0.47035356769272896
NII_6584,6585.28,0.0,0.0,0.0,10000000000.0,0.2701519901967514,1.9623475694891333e-05,1.2285299470718019,0.47035356769272896
NII_5755,5756.24,0.0,0.0,0.0,10000000000.0,0.2701519901967514,1.9623475694891333e-05,1.2285299470718019,0.47035356769272896
HeI_5876,5877.594,10.43675711715764,10.43675711715764,75.68311216732522,60.780807483944486,0.2701519901967514,1.9623475694891333e-05,1.2285299470718019,0.47035356769272896
HeII_4686,4687.02,0.0,0.0,0.0,10000000000.0,0.2701519901967514,1.9623475694891333e-05,1.2285299470718019,0.47035356769272896
NeIII_3869,3870.16,0.0,10000000000.0,0.0,10000000000.0,0.2701519901967514,1.9623475694891333e-05,1.2285299470718019,0.47035356769272896
