line,wl,amp,amp_err,flux,flux_err,z,zerr,FWHM,FWHMerr
HI_6563,6564.61,194.06098213976338,194.06098213976338,3571.585327838495,56.59424464883721,0.26989324839923895,2.3738415227912098e-06,3.1179930800496147,0.031128428525854988
HI_4861,4862.683,47.677225747187094,47.677225747187094,877.4730400367579,41.34784274917753,0.26989324839923895,2.3738415227912098e-06,3.1179930800496147,0.031128428525854988
HI_4341,4341.684,18.08486778620727,18.08486778620727,332.8420155814619,40.342201518528114,0.26989324839923895,2.3738415227912098e-06,3.1179930800496147,0.031128428525854988
HI_4102,4102.892,6.071539895864589,6.071539895864589,111.74334258412853,40.190990661330844,0.26989324839923895,2.3738415227912098e-06,3.1179930800496147,0.031128428525854988
OIII_4363,4364.436,0.0,0.0,0.0,10000000000.0,0.26989324839923895,2.3738415227912098e-06,3.1179930800496147,0.031128428525854988
OIII_5007,5008.24,206.96140598443822,206.96140598443822,3809.0105125330415,58.487970487940295,0.26989324839923895,2.3738415227912098e-06,3.1179930800496147,0.031128428525854988
OIII_4959,4960.295,68.60306433537676,68.60306433537676,1262.6015560847077,42.57255796260185,0.26989324839923895,2.3738415227912098e-06,3.1179930800496147,0.031128428525854988
OII_3726,3727.092,52.73479931305042,52.73479931305042,970.5548916440624,42.74748183752047,0.26989324839923895,2.3738415227912098e-06,3.1179930800496147,0.031128428525854988
OII_3729,3729.875,68.3299430503655,68.3299430503655,1257.5749094939774,43.54392402219256,0.26989324839923895,2.3738415227912098e-06,3.1179930800496147,0.031128428525854988
OI_6300,6302.046,5.801855973909028,5.801855973909028,106.77995876431088,40.189649181612594,0.26989324839923895,2.3738415227912098e-06,3.1179930800496147,0.031128428525854988
SII_6717,6718.29,20.450137346551514,20.450137346551514,376.37349710320547,40.39080323384308,0.26989324839923895,2.3738415227912098e-06,3.1179930800496147,0.031128428525854988
SII_6731,6732.67,10.875837038551253,10.875837038551253,200.1637813358924,40.23282133262952,0.26989324839923895,2.3738415227912098e-06,3.1179930800496147,0.031128428525854988
NII_6548,6549.85,0.2642284452807644,0.2642284452807644,4.862978780982817,40.171288115892104,0.26989324839923895,2.3738415227912098e-06,3.1179930800496147,0.031128428525854988
NII_6584,6585.28,6.757247061785051,6.757247061785051,124.36340472125313,40.1952016751648,0.26989324839923895,2.3738415227912098e-06,3.1179930800496147,0.031128428525854988
NII_5755,5756.24,0.0,0.0,0.0,10000000000.0,0.26989324839923895,2.3738415227912098e-06,3.1179930800496147,0.031128428525854988
HeI_5876,5877.594,4.356104903356822,4.356104903356822,80.17170781991344,40.18139411112158,0.26989324839923895,2.3738415227912098e-06,3.1179930800496147,0.031128428525854988
HeII_4686,4687.02,3.319655661471188e-11,3.319655661471188e-11,6.109643125194246e-10,40.17135998988416,0.26989324839923895,2.3738415227912098e-06,3.1179930800496147,0.031128428525854988
NeIII_3869,3870.16,18.091923500806388,2.1845377168994573,332.9718721165663,40.34240292005262,0.26989324839923895,2.3738415227912098e-06,3.1179930800496147,0.031128428525854988
