line,wl,amp,amp_err,flux,flux_err,z,zerr,FWHM,FWHMerr
HI_6563,6564.61,15.660321680194443,15.660321680194443,429.68176316874815,63.245634031274086,0.2691706001411953,3.203291620528493e-05,4.648347468930566,0.3905102426379748
HI_4861,4862.683,10.843174277897106,10.843174277897106,297.5107623724749,56.142094232140664,0.2691706001411953,3.203291620528493e-05,4.648347468930566,0.3905102426379748
HI_4341,4341.684,2.2254390941259317,2.2254390941259317,61.06072488907004,49.02969546337272,0.2691706001411953,3.203291620528493e-05,4.648347468930566,0.3905102426379748
HI_4102,4102.892,2.2567064938152726,2.2567064938152726,61.918627536447275,49.039248189495424,0.2691706001411953,3.203291620528493e-05,4.648347468930566,0.3905102426379748
OIII_4363,4364.436,0.0,0.0,0.0,10000000000.0,0.2691706001411953,3.203291620528493e-05,4.648347468930566,0.3905102426379748
OIII_5007,5008.24,17.912663245835574,17.912663245835574,491.4806275181888,67.09972785345317,0.2691706001411953,3.203291620528493e-05,4.648347468930566,0.3905102426379748
OIII_4959,4960.295,2.4607347913976128,2.4607347913976128,67.51667593109619,49.10451609678882,0.2691706001411953,3.203291620528493e-05,4.648347468930566,0.3905102426379748
OII_3726,3727.092,14.32001874414459,14.32001874414459,392.9070569715891,69.12515825203594,0.2691706001411953,3.203291620528493e-05,4.648347468930566,0.3905102426379748
OII_3729,3729.875,11.959910065528334,11.959910065528334,328.1513208502666,67.42979883404148,0.2691706001411953,3.203291620528493e-05,4.648347468930566,0.3905102426379748
OI_6300,6302.046,0.0,0.0,0.0,10000000000.0,0.2691706001411953,3.203291620528493e-05,4.648347468930566,0.3905102426379748
SII_6717,6718.29,1.3712155361854457,1.3712155361854457,37.622873993558166,48.821177527919275,0.2691706001411953,3.203291620528493e-05,4.648347468930566,0.3905102426379748
SII_6731,6732.67,2.386418573888932,2.386418573888932,65.47761670720125,49.07999950720424,0.2691706001411953,3.203291620528493e-05,4.648347468930566,0.3905102426379748
NII_6548,6549.85,0.0,0.0,0.0,10000000000.0,0.2691706001411953,3.203291620528493e-05,4.648347468930566,0.3905102426379748
NII_6584,6585.28,2.529544571489282,2.529544571489282,69.4046516851597,49.127548962004454,0.2691706001411953,3.203291620528493e-05,4.648347468930566,0.3905102426379748
NII_5755,5756.24,2.61627007609718,2.61627007609718,71.78419206067761,49.15786174017396,0.2691706001411953,3.203291620528493e-05,4.648347468930566,0.3905102426379748
HeI_5876,5877.594,0.7817995993624436,0.7817995993624436,21.450710729877212,48.73477051479954,0.2691706001411953,3.203291620528493e-05,4.648347468930566,0.3905102426379748
HeII_4686,4687.02,0.0,0.0,0.0,10000000000.0,0.2691706001411953,3.203291620528493e-05,4.648347468930566,0.3905102426379748
NeIII_3869,3870.16,0.0,10000000000.0,0.0,10000000000.0,0.2691706001411953,3.203291620528493e-05,4.648347468930566,0.3905102426379748
