line,wl,amp,amp_err,flux,flux_err,z,zerr,FWHM,FWHMerr
HI_6563,6564.61,50.196610283027894,50.196610283027894,980.6835135111678,61.32730877669401,0.26986088527915564,9.592900927180232e-06,3.3098386679082763,0.12229319645438147
HI_4861,4862.683,19.394696564973287,19.394696564973287,378.91122654654436,48.63129073919609,0.26986088527915564,9.592900927180232e-06,3.3098386679082763,0.12229319645438147
HI_4341,4341.684,7.572658273373122,7.572658273373122,147.94586886003177,46.44756993691987,0.26986088527915564,9.592900927180232e-06,3.3098386679082763,0.12229319645438147
HI_4102,4102.892,1.7299663966896333,1.7299663966896333,33.79808944460676,46.06494740411433,0.26986088527915564,9.592900927180232e-06,3.3098386679082763,0.12229319645438147
OIII_4363,4364.436,0.47532841996462594,0.47532841996462594,9.286418790717256,46.04526243185271,0.26986088527915564,9.592900927180232e-06,3.3098386679082763,0.12229319645438147
OIII_5007,5008.24,67.42191983781822,67.42191983781822,1317.2117571567524,71.27802526927007,0.26986088527915564,9.592900927180232e-06,3.3098386679082763,0.12229319645438147
OIII_4959,4960.295,0.0,0.0,0.0,10000000000.0,0.26986088527915564,9.592900927180232e-06,3.3098386679082763,0.12229319645438147
OII_3726,3727.092,22.32250841018083,22.32250841018083,436.11143968979235,50.90536072899884,0.26986088527915564,9.592900927180232e-06,3.3098386679082763,0.12229319645438147
OII_3729,3729.875,14.751283130601905,14.751283130601905,288.19356701079766,49.39895324278375,0.26986088527915564,9.592900927180232e-06,3.3098386679082763,0.12229319645438147
OI_6300,6302.046,0.0,0.0,0.0,10000000000.0,0.26986088527915564,9.592900927180232e-06,3.3098386679082763,0.12229319645438147
SII_6717,6718.29,3.2196727640633753,3.2196727640633753,62.9022553677388,46.116985997429424,0.26986088527915564,9.592900927180232e-06,3.3098386679082763,0.12229319645438147
SII_6731,6732.67,0.10538507867158842,0.10538507867158842,2.0588921969148957,46.043875192947844,0.26986088527915564,9.592900927180232e-06,3.3098386679082763,0.12229319645438147
NII_6548,6549.85,0.28167685307005286,0.28167685307005286,5.503077685644188,46.044203356631265,0.26986088527915564,9.592900927180232e-06,3.3098386679082763,0.12229319645438147
NII_6584,6585.28,2.1413487406489367,2.1413487406489367,41.835203508599164,46.0760529119823,0.26986088527915564,9.592900927180232e-06,3.3098386679082763,0.12229319645438147
NII_5755,5756.24,0.8917161262118043,0.8917161262118043,17.42132185375148,46.04933979426525,0.26986088527915564,9.592900927180232e-06,3.3098386679082763,0.12229319645438147
HeI_5876,5877.594,2.0387509402735304,2.0387509402735304,39.83076594233007,46.07306519977735,0.26986088527915564,9.592900927180232e-06,3.3098386679082763,0.12229319645438147
HeII_4686,4687.02,0.0,0.0,0.0,10000000000.0,0.26986088527915564,9.592900927180232e-06,3.3098386679082763,0.12229319645438147
NeIII_3869,3870.16,7.57518932203368,2.360916102966936,147.9953175713951,46.44785856748608,0.26986088527915564,9.592900927180232e-06,3.3098386679082763,0.12229319645438147
