line,wl,amp,amp_err,flux,flux_err,z,zerr,FWHM,FWHMerr
HI_6563,6564.61,85.02004358679619,85.02004358679619,2960.70794682301,92.01137184277543,0.269365646411136,9.332444260164307e-06,5.899654622245331,0.11788418833301365
HI_4861,4862.683,27.38536275241654,27.38536275241654,953.65819290526,67.41781379306303,0.269365646411136,9.332444260164307e-06,5.899654622245331,0.11788418833301365
HI_4341,4341.684,11.71840862054205,11.71840862054205,408.07771983248307,64.60944184567529,0.269365646411136,9.332444260164307e-06,5.899654622245331,0.11788418833301365
HI_4102,4102.892,7.784567032126802,7.784567032126802,271.0870108066331,64.24909910398827,0.269365646411136,9.332444260164307e-06,5.899654622245331,0.11788418833301365
OIII_4363,4364.436,0.9389986321498327,0.9389986321498327,32.6993564690868,63.9672020302525,0.269365646411136,9.332444260164307e-06,5.899654622245331,0.11788418833301365
OIII_5007,5008.24,67.25686166482774,67.25686166482774,2342.129178117198,82.63770419086052,0.269365646411136,9.332444260164307e-06,5.899654622245331,0.11788418833301365
OIII_4959,4960.295,25.913859376711343,25.913859376711343,902.4150794648446,67.06485594023627,0.269365646411136,9.332444260164307e-06,5.899654622245331,0.11788418833301365
OII_3726,3727.092,46.58924875151797,46.58924875151797,1622.407531164277,94.70388237123314,0.269365646411136,9.332444260164307e-06,5.899654622245331,0.11788418833301365
OII_3729,3729.875,55.50830271316204,55.50830271316204,1933.0015138105512,96.04017659659849,0.269365646411136,9.332444260164307e-06,5.899654622245331,0.11788418833301365
OI_6300,6302.046,2.65378786746453,2.65378786746453,92.41457069312708,63.99634909327068,0.269365646411136,9.332444260164307e-06,5.899654622245331,0.11788418833301365
SII_6717,6718.29,11.037474478203308,11.037474478203308,384.3651099415311,64.53683058219616,0.269365646411136,9.332444260164307e-06,5.899654622245331,0.11788418833301365
SII_6731,6732.67,11.208996463864196,11.208996463864196,390.33813094430934,64.5547224313978,0.269365646411136,9.332444260164307e-06,5.899654622245331,0.11788418833301365
NII_6548,6549.85,1.7921014463917118,1.7921014463917118,62.407507335940345,63.97823322068682,0.269365646411136,9.332444260164307e-06,5.899654622245331,0.11788418833301365
NII_6584,6585.28,11.932895591250826,11.932895591250826,415.54693828823656,64.63318865871508,0.269365646411136,9.332444260164307e-06,5.899654622245331,0.11788418833301365
NII_5755,5756.24,1.4552298853394632,1.4552298853394632,50.67641116392002,63.97304641096424,0.269365646411136,9.332444260164307e-06,5.899654622245331,0.11788418833301365
HeI_5876,5877.594,1.0723171783853331,1.0723171783853331,37.341994400639656,63.96847549664185,0.269365646411136,9.332444260164307e-06,5.899654622245331,0.11788418833301365
HeII_4686,4687.02,0.0,0.0,0.0,10000000000.0,0.269365646411136,9.332444260164307e-06,5.899654622245331,0.11788418833301365
NeIII_3869,3870.16,6.477044932906551,1.8379096837596238,225.55432337797941,64.16120450148173,0.269365646411136,9.332444260164307e-06,5.899654622245331,0.11788418833301365
