line,wl,amp,amp_err,flux,flux_err,z,zerr,FWHM,FWHMerr
HI_6563,6564.61,305.90514507210446,305.90514507210446,9454.931127921933,108.22228228949871,0.26924413242265965,2.9350503392075722e-06,5.236292881730487,0.03760150149476759
HI_4861,4862.683,122.35654767419237,122.35654767419237,3781.8021368587983,82.89585320242197,0.26924413242265965,2.9350503392075722e-06,5.236292881730487,0.03760150149476759
HI_4341,4341.684,55.25585004414347,55.25585004414347,1707.8505052898502,78.3445314418459,0.26924413242265965,2.9350503392075722e-06,5.236292881730487,0.03760150149476759
HI_4102,4102.892,30.06216748767997,30.06216748767997,929.1629373709005,77.49516100912494,0.26924413242265965,2.9350503392075722e-06,5.236292881730487,0.03760150149476759
OIII_4363,4364.436,0.0,0.0,0.0,10000000000.0,0.26924413242265965,2.9350503392075722e-06,5.236292881730487,0.03760150149476759
OIII_5007,5008.24,288.30487773011623,288.30487773011623,8910.94120741148,105.20486340399998,0.26924413242265965,2.9350503392075722e-06,5.236292881730487,0.03760150149476759
OIII_4959,4960.295,100.7039682569075,100.7039682569075,3112.5631572920006,81.08213173897632,0.26924413242265965,2.9350503392075722e-06,5.236292881730487,0.03760150149476759
OII_3726,3727.092,166.33647001261033,166.33647001261033,5141.135719244551,105.33508912511154,0.26924413242265965,2.9350503392075722e-06,5.236292881730487,0.03760150149476759
OII_3729,3729.875,185.81340685672967,185.81340685672967,5743.129832160263,106.39452757408328,0.26924413242265965,2.9350503392075722e-06,5.236292881730487,0.03760150149476759
OI_6300,6302.046,11.407983829665227,11.407983829665227,352.59852001674534,77.18718228028678,0.26924413242265965,2.9350503392075722e-06,5.236292881730487,0.03760150149476759
SII_6717,6718.29,48.89406991035503,48.89406991035503,1511.220294961829,78.08361446344544,0.26924413242265965,2.9350503392075722e-06,5.236292881730487,0.03760150149476759
SII_6731,6732.67,26.90293353713696,26.90293353713696,831.517180506183,77.42359957385217,0.26924413242265965,2.9350503392075722e-06,5.236292881730487,0.03760150149476759
NII_6548,6549.85,22.170100963321715,22.170100963321715,685.2345607259206,77.33118677490646,0.26924413242265965,2.9350503392075722e-06,5.236292881730487,0.03760150149476759
NII_6584,6585.28,45.308730052102646,45.308730052102646,1400.4044359412844,77.95030211367133,0.26924413242265965,2.9350503392075722e-06,5.236292881730487,0.03760150149476759
NII_5755,5756.24,1.6490563064777461,1.6490563064777461,50.9691126644415,77.1363528544352,0.26924413242265965,2.9350503392075722e-06,5.236292881730487,0.03760150149476759
HeI_5876,5877.594,12.167699775591132,12.167699775591132,376.0798574876152,77.1943256273214,0.26924413242265965,2.9350503392075722e-06,5.236292881730487,0.03760150149476759
HeII_4686,4687.02,2.1600499167107046e-12,2.1600499167107046e-12,6.67629280656895e-11,77.13527082339473,0.26924413242265965,2.9350503392075722e-06,5.236292881730487,0.03760150149476759
NeIII_3869,3870.16,28.585893535087507,2.497746405666115,883.5341901184905,77.46073983259907,0.26924413242265965,2.9350503392075722e-06,5.236292881730487,0.03760150149476759
