line,wl,amp,amp_err,flux,flux_err,z,zerr,FWHM,FWHMerr
HI_6563,6564.61,31.840654415459085,31.840654415459085,1007.4082261479806,77.39449090914927,0.2692005393701305,2.0127068194252724e-05,5.360136500297086,0.24998799477337344
HI_4861,4862.683,11.319333087748191,11.319333087748191,358.13300563226306,59.82832537162625,0.2692005393701305,2.0127068194252724e-05,5.360136500297086,0.24998799477337344
HI_4341,4341.684,6.1701867468460705,6.1701867468460705,195.21887975468476,57.74378561086825,0.2692005393701305,2.0127068194252724e-05,5.360136500297086,0.24998799477337344
HI_4102,4102.892,1.0423706568587932,1.0423706568587932,32.97962286557111,56.86549639981839,0.2692005393701305,2.0127068194252724e-05,5.360136500297086,0.24998799477337344
OIII_4363,4364.436,0.0,0.0,0.0,10000000000.0,0.2692005393701305,2.0127068194252724e-05,5.360136500297086,0.24998799477337344
OIII_5007,5008.24,33.75403639733236,33.75403639733236,1067.945824501066,79.57060935206424,0.2692005393701305,2.0127068194252724e-05,5.360136500297086,0.24998799477337344
OIII_4959,4960.295,9.81437549364648,9.81437549364648,310.51756907371526,59.10065037605988,0.2692005393701305,2.0127068194252724e-05,5.360136500297086,0.24998799477337344
OII_3726,3727.092,22.011750555278127,22.011750555278127,696.4309932819214,81.88278235124382,0.2692005393701305,2.0127068194252724e-05,5.360136500297086,0.24998799477337344
OII_3729,3729.875,22.49088344945403,22.49088344945403,711.5903054214529,82.05119880401585,0.2692005393701305,2.0127068194252724e-05,5.360136500297086,0.24998799477337344
OI_6300,6302.046,1.528069630071741,1.528069630071741,48.34667954292353,56.895378202685485,0.2692005393701305,2.0127068194252724e-05,5.360136500297086,0.24998799477337344
SII_6717,6718.29,4.24972304522953,4.24972304522953,134.45722247895412,57.27024019904032,0.2692005393701305,2.0127068194252724e-05,5.360136500297086,0.24998799477337344
SII_6731,6732.67,4.019157591993462,4.019157591993462,127.16234935151049,57.22492851424858,0.2692005393701305,2.0127068194252724e-05,5.360136500297086,0.24998799477337344
NII_6548,6549.85,0.0,0.0,0.0,10000000000.0,0.2692005393701305,2.0127068194252724e-05,5.360136500297086,0.24998799477337344
NII_6584,6585.28,4.423942427358952,4.423942427358952,139.96935914616992,57.306129635757145,0.2692005393701305,2.0127068194252724e-05,5.360136500297086,0.24998799477337344
NII_5755,5756.24,1.2548822687658685,1.2548822687658685,39.70328950865408,56.877192758413365,0.2692005393701305,2.0127068194252724e-05,5.360136500297086,0.24998799477337344
HeI_5876,5877.594,0.0,0.0,0.0,10000000000.0,0.2692005393701305,2.0127068194252724e-05,5.360136500297086,0.24998799477337344
HeII_4686,4687.02,0.0,0.0,0.0,10000000000.0,0.2692005393701305,2.0127068194252724e-05,5.360136500297086,0.24998799477337344
NeIII_3869,3870.16,3.065015974021776,1.7979187443815954,96.97420992721084,57.06396149792826,0.2692005393701305,2.0127068194252724e-05,5.360136500297086,0.24998799477337344
