line,wl,amp,amp_err,flux,flux_err,z,zerr,FWHM,FWHMerr
HI_6563,6564.61,4.841430465862572,4.841430465862572,257.1321013379126,83.83732775472816,0.2690761974266565,0.00012581191041267684,8.997771127902109,1.2994940405581197
HI_4861,4862.683,0.9998986657593605,0.9998986657593605,53.10538834845628,73.3927492500281,0.2690761974266565,0.00012581191041267684,8.997771127902109,1.2994940405581197
HI_4341,4341.684,1.6097771897295843,1.6097771897295843,85.49650653864359,74.18499422298788,0.2690761974266565,0.00012581191041267684,8.997771127902109,1.2994940405581197
HI_4102,4102.892,4.649744532199179,4.649744532199179,246.95151374766897,83.07186548842527,0.2690761974266565,0.00012581191041267684,8.997771127902109,1.2994940405581197
OIII_4363,4364.436,1.0374874803286502,1.0374874803286502,55.101759244445304,73.43113322563364,0.2690761974266565,0.00012581191041267684,8.997771127902109,1.2994940405581197
OIII_5007,5008.24,5.294926621273248,5.294926621273248,281.2176314744352,85.86244410890852,0.2690761974266565,0.00012581191041267684,8.997771127902109,1.2994940405581197
OIII_4959,4960.295,4.237529508359103,4.237529508359103,225.05845630722257,81.43547769396305,0.2690761974266565,0.00012581191041267684,8.997771127902109,1.2994940405581197
OII_3726,3727.092,0.0,0.0,0.0,10000000000.0,0.2690761974266565,0.00012581191041267684,8.997771127902109,1.2994940405581197
OII_3729,3729.875,11.085750111452626,11.085750111452626,588.7727276398989,153.26146948062944,0.2690761974266565,0.00012581191041267684,8.997771127902109,1.2994940405581197
OI_6300,6302.046,1.0357660000033775,1.0357660000033775,55.01033009833438,73.42897885447456,0.2690761974266565,0.00012581191041267684,8.997771127902109,1.2994940405581197
SII_6717,6718.29,0.0,0.0,0.0,10000000000.0,0.2690761974266565,0.00012581191041267684,8.997771127902109,1.2994940405581197
SII_6731,6732.67,0.981521082711879,0.981521082711879,52.129340756772244,73.37109533529879,0.2690761974266565,0.00012581191041267684,8.997771127902109,1.2994940405581197
NII_6548,6549.85,0.0,0.0,0.0,10000000000.0,0.2690761974266565,0.00012581191041267684,8.997771127902109,1.2994940405581197
NII_6584,6585.28,0.5228870983684146,0.5228870983684146,27.77093656802109,73.02850551927251,0.2690761974266565,0.00012581191041267684,8.997771127902109,1.2994940405581197
NII_5755,5756.24,0.7295361931867319,0.7295361931867319,38.74622917314673,73.15849727806572,0.2690761974266565,0.00012581191041267684,8.997771127902109,1.2994940405581197
HeI_5876,5877.594,0.0,0.0,0.0,10000000000.0,0.2690761974266565,0.00012581191041267684,8.997771127902109,1.2994940405581197
HeII_4686,4687.02,0.0,0.0,0.0,10000000000.0,0.2690761974266565,0.00012581191041267684,8.997771127902109,1.2994940405581197
NeIII_3869,3870.16,1.0874191337936736,1.3746621960459158,57.75366782172784,73.48428655262404,0.2690761974266565,0.00012581191041267684,8.997771127902109,1.2994940405581197
