line,wl,amp,amp_err,flux,flux_err,z,zerr,FWHM,FWHMerr
HI_6563,6564.61,19.626098767830626,19.626098767830626,564.7462671267729,68.42028217592184,0.26926994929043785,2.835496667144711e-05,4.874967567083115,0.34711619259484716
HI_4861,4862.683,6.117545096703225,6.117545096703225,176.03400442505378,53.44776999648238,0.26926994929043785,2.835496667144711e-05,4.874967567083115,0.34711619259484716
HI_4341,4341.684,5.035283792654127,5.035283792654127,144.89164451197152,52.85206735545421,0.26926994929043785,2.835496667144711e-05,4.874967567083115,0.34711619259484716
HI_4102,4102.892,0.0,0.0,0.0,10000000000.0,0.26926994929043785,2.835496667144711e-05,4.874967567083115,0.34711619259484716
OIII_4363,4364.436,3.3355917622003517,3.3355917622003517,95.98254949420522,52.14097535886975,0.26926994929043785,2.835496667144711e-05,4.874967567083115,0.34711619259484716
OIII_5007,5008.24,21.9918177796834,21.9918177796834,632.8204675483358,72.09710489386387,0.26926994929043785,2.835496667144711e-05,4.874967567083115,0.34711619259484716
OIII_4959,4960.295,7.095920066234157,7.095920066234157,204.1870071399147,54.0785893059581,0.26926994929043785,2.835496667144711e-05,4.874967567083115,0.34711619259484716
OII_3726,3727.092,12.121263077222011,12.121263077222011,348.7926029875662,71.70859911086316,0.26926994929043785,2.835496667144711e-05,4.874967567083115,0.34711619259484716
OII_3729,3729.875,19.14127607754574,19.14127607754574,550.795363903686,75.86050618511948,0.26926994929043785,2.835496667144711e-05,4.874967567083115,0.34711619259484716
OI_6300,6302.046,0.8371786376051205,0.8371786376051205,24.090040313092207,51.61374568640344,0.26926994929043785,2.835496667144711e-05,4.874967567083115,0.34711619259484716
SII_6717,6718.29,3.1247660212918618,3.1247660212918618,89.9159821340397,52.07238813662067,0.26926994929043785,2.835496667144711e-05,4.874967567083115,0.34711619259484716
SII_6731,6732.67,0.7279166893493993,0.7279166893493993,20.945998384720845,51.60505109755101,0.26926994929043785,2.835496667144711e-05,4.874967567083115,0.34711619259484716
NII_6548,6549.85,0.37967209558860304,0.37967209558860304,10.925166598433645,51.58541803492678,0.26926994929043785,2.835496667144711e-05,4.874967567083115,0.34711619259484716
NII_6584,6585.28,4.041479545017069,4.041479545017069,116.29466017254148,52.402356952034374,0.26926994929043785,2.835496667144711e-05,4.874967567083115,0.34711619259484716
NII_5755,5756.24,0.0,0.0,0.0,10000000000.0,0.26926994929043785,2.835496667144711e-05,4.874967567083115,0.34711619259484716
HeI_5876,5877.594,2.7860507457339736,2.7860507457339736,80.16935904032142,51.971421898472066,0.26926994929043785,2.835496667144711e-05,4.874967567083115,0.34711619259484716
HeII_4686,4687.02,0.0,0.0,0.0,10000000000.0,0.26926994929043785,2.835496667144711e-05,4.874967567083115,0.34711619259484716
NeIII_3869,3870.16,2.653821238488831,1.794931990903056,76.3644194288328,51.93507591280472,0.26926994929043785,2.835496667144711e-05,4.874967567083115,0.34711619259484716
