line,wl,amp,amp_err,flux,flux_err,z,zerr,FWHM,FWHMerr
HI_6563,6564.61,0.0,0.0,0.0,10000000000.0,0.27015718080179224,1.5911178044430697e-05,0.8048152497731426,0.30339911000047365
HI_4861,4862.683,0.0,0.0,0.0,10000000000.0,0.27015718080179224,1.5911178044430697e-05,0.8048152497731426,0.30339911000047365
HI_4341,4341.684,0.0,0.0,0.0,10000000000.0,0.27015718080179224,1.5911178044430697e-05,0.8048152497731426,0.30339911000047365
HI_4102,4102.892,0.0,0.0,0.0,10000000000.0,0.27015718080179224,1.5911178044430697e-05,0.8048152497731426,0.30339911000047365
OIII_4363,4364.436,0.0,0.0,0.0,10000000000.0,0.27015718080179224,1.5911178044430697e-05,0.8048152497731426,0.30339911000047365
OIII_5007,5008.24,0.014620922631252142,0.014620922631252142,0.06945741786903314,18.089129993573543,0.27015718080179224,1.5911178044430697e-05,0.8048152497731426,0.30339911000047365
OIII_4959,4960.295,47.88976113728859,47.88976113728859,227.50268466990528,282.7290468294535,0.27015718080179224,1.5911178044430697e-05,0.8048152497731426,0.30339911000047365
OII_3726,3727.092,22.106695332891604,22.106695332891604,105.01895223479194,91.34111914178774,0.27015718080179224,1.5911178044430697e-05,0.8048152497731426,0.30339911000047365
OII_3729,3729.875,0.17310341220945702,0.17310341220945702,0.822336342214682,18.835899141765243,0.27015718080179224,1.5911178044430697e-05,0.8048152497731426,0.30339911000047365
OI_6300,6302.046,0.0,0.0,0.0,10000000000.0,0.27015718080179224,1.5911178044430697e-05,0.8048152497731426,0.30339911000047365
SII_6717,6718.29,0.7684652542027379,0.7684652542027379,3.650632290803747,23.226999686641054,0.27015718080179224,1.5911178044430697e-05,0.8048152497731426,0.30339911000047365
SII_6731,6732.67,0.0,0.0,0.0,10000000000.0,0.27015718080179224,1.5911178044430697e-05,0.8048152497731426,0.30339911000047365
NII_6548,6549.85,0.9237118451717379,0.9237118451717379,4.388138918369646,43.61248961988181,0.27015718080179224,1.5911178044430697e-05,0.8048152497731426,0.30339911000047365
NII_6584,6585.28,0.0,0.0,0.0,10000000000.0,0.27015718080179224,1.5911178044430697e-05,0.8048152497731426,0.30339911000047365
NII_5755,5756.24,0.0,0.0,0.0,10000000000.0,0.27015718080179224,1.5911178044430697e-05,0.8048152497731426,0.30339911000047365
HeI_5876,5877.594,0.0,0.0,0.0,10000000000.0,0.27015718080179224,1.5911178044430697e-05,0.8048152497731426,0.30339911000047365
HeII_4686,4687.02,0.0,0.0,0.0,10000000000.0,0.27015718080179224,1.5911178044430697e-05,0.8048152497731426,0.30339911000047365
NeIII_3869,3870.16,0.0,10000000000.0,0.0,10000000000.0,0.27015718080179224,1.5911178044430697e-05,0.8048152497731426,0.30339911000047365
