line,wl,amp,amp_err,flux,flux_err,z,zerr,FWHM,FWHMerr
HI_6563,6564.61,92.28157182259292,92.28157182259292,2828.0535501596282,87.66860912182929,0.2691942405389574,7.812635432660793e-06,5.191884079681995,0.09916923195948484
HI_4861,4862.683,36.5312259821892,36.5312259821892,1119.532982481344,67.8969823497509,0.2691942405389574,7.812635432660793e-06,5.191884079681995,0.09916923195948484
HI_4341,4341.684,15.881335799155636,15.881335799155636,486.6981261916842,64.39290255941005,0.2691942405389574,7.812635432660793e-06,5.191884079681995,0.09916923195948484
HI_4102,4102.892,10.350911175936176,10.350911175936176,317.213182657629,63.90859538822429,0.2691942405389574,7.812635432660793e-06,5.191884079681995,0.09916923195948484
OIII_4363,4364.436,0.0,0.0,0.0,10000000000.0,0.2691942405389574,7.812635432660793e-06,5.191884079681995,0.09916923195948484
OIII_5007,5008.24,95.49665924194142,95.49665924194142,2926.582857916131,89.13108281723903,0.2691942405389574,7.812635432660793e-06,5.191884079681995,0.09916923195948484
OIII_4959,4960.295,29.263293760231363,29.263293760231363,896.8005222872142,66.37161655567643,0.2691942405389574,7.812635432660793e-06,5.191884079681995,0.09916923195948484
OII_3726,3727.092,42.352833843219514,42.352833843219514,1297.9415038562827,84.99925875916983,0.2691942405389574,7.812635432660793e-06,5.191884079681995,0.09916923195948484
OII_3729,3729.875,64.64353790231712,64.64353790231712,1981.06060883944,88.15802067900198,0.2691942405389574,7.812635432660793e-06,5.191884079681995,0.09916923195948484
OI_6300,6302.046,0.0,0.0,0.0,10000000000.0,0.2691942405389574,7.812635432660793e-06,5.191884079681995,0.09916923195948484
SII_6717,6718.29,8.64219981833594,8.64219981833594,264.8481532631432,63.799763675841994,0.2691942405389574,7.812635432660793e-06,5.191884079681995,0.09916923195948484
SII_6731,6732.67,7.041774803178555,7.041774803178555,215.8016583185045,63.715432296109554,0.2691942405389574,7.812635432660793e-06,5.191884079681995,0.09916923195948484
NII_6548,6549.85,2.4676980516782123,2.4676980516782123,75.62487393676989,63.56908479846248,0.2691942405389574,7.812635432660793e-06,5.191884079681995,0.09916923195948484
NII_6584,6585.28,15.945717848900472,15.945717848900472,488.67117325570115,64.39970888533034,0.2691942405389574,7.812635432660793e-06,5.191884079681995,0.09916923195948484
NII_5755,5756.24,3.615903263413884,3.615903263413884,110.81267753859215,63.592605245482574,0.2691942405389574,7.812635432660793e-06,5.191884079681995,0.09916923195948484
HeI_5876,5877.594,3.5698941302745197,3.5698941302745197,109.40268538366126,63.59149239001904,0.2691942405389574,7.812635432660793e-06,5.191884079681995,0.09916923195948484
HeII_4686,4687.02,0.0,0.0,0.0,10000000000.0,0.2691942405389574,7.812635432660793e-06,5.191884079681995,0.09916923195948484
NeIII_3869,3870.16,11.440154515228414,2.076514803768646,350.59404550850394,63.98808465978987,0.2691942405389574,7.812635432660793e-06,5.191884079681995,0.09916923195948484
