line,wl,amp,amp_err,flux,flux_err,z,zerr,FWHM,FWHMerr
HI_6563,6564.61,2.3147940445508084,2.3147940445508084,17.30787546051045,36.549347804042895,0.27015325333139484,2.326655781682201e-05,1.2667290985166741,0.5643485111823046
HI_4861,4862.683,0.5717765772901657,0.5717765772901657,4.2752130861367865,28.810845368695897,0.27015325333139484,2.326655781682201e-05,1.2667290985166741,0.5643485111823046
HI_4341,4341.684,0.0,0.0,0.0,10000000000.0,0.27015325333139484,2.326655781682201e-05,1.2667290985166741,0.5643485111823046
HI_4102,4102.892,0.0,0.0,0.0,10000000000.0,0.27015325333139484,2.326655781682201e-05,1.2667290985166741,0.5643485111823046
OIII_4363,4364.436,6.654585598380436,6.654585598380436,49.75679760763568,34.15904237373647,0.27015325333139484,2.326655781682201e-05,1.2667290985166741,0.5643485111823046
OIII_5007,5008.24,0.0,0.0,0.0,10000000000.0,0.27015325333139484,2.326655781682201e-05,1.2667290985166741,0.5643485111823046
OIII_4959,4960.295,46.67441193614809,46.67441193614809,348.98781206263897,257.59972959683563,0.27015325333139484,2.326655781682201e-05,1.2667290985166741,0.5643485111823046
OII_3726,3727.092,0.0,0.0,0.0,10000000000.0,0.27015325333139484,2.326655781682201e-05,1.2667290985166741,0.5643485111823046
OII_3729,3729.875,0.0,0.0,0.0,10000000000.0,0.27015325333139484,2.326655781682201e-05,1.2667290985166741,0.5643485111823046
OI_6300,6302.046,1.5243359547265527,1.5243359547265527,11.397565552967006,29.036816023478252,0.27015325333139484,2.326655781682201e-05,1.2667290985166741,0.5643485111823046
SII_6717,6718.29,0.0,0.0,0.0,10000000000.0,0.27015325333139484,2.326655781682201e-05,1.2667290985166741,0.5643485111823046
SII_6731,6732.67,0.0,0.0,0.0,10000000000.0,0.27015325333139484,2.326655781682201e-05,1.2667290985166741,0.5643485111823046
NII_6548,6549.85,0.0,0.0,0.0,10000000000.0,0.27015325333139484,2.326655781682201e-05,1.2667290985166741,0.5643485111823046
NII_6584,6585.28,3.486762094001392,3.486762094001392,26.070761770564122,38.48929922100978,0.27015325333139484,2.326655781682201e-05,1.2667290985166741,0.5643485111823046
NII_5755,5756.24,1.5878146912918965,1.5878146912918965,11.872200464634371,28.427079725778167,0.27015325333139484,2.326655781682201e-05,1.2667290985166741,0.5643485111823046
HeI_5876,5877.594,2.302251109364761,2.302251109364761,17.214091065038886,38.217209433920345,0.27015325333139484,2.326655781682201e-05,1.2667290985166741,0.5643485111823046
HeII_4686,4687.02,0.0,0.0,0.0,10000000000.0,0.27015325333139484,2.326655781682201e-05,1.2667290985166741,0.5643485111823046
NeIII_3869,3870.16,0.0,10000000000.0,0.0,10000000000.0,0.27015325333139484,2.326655781682201e-05,1.2667290985166741,0.5643485111823046
