line,wl,amp,amp_err,flux,flux_err,z,zerr,FWHM,FWHMerr
HI_6563,6564.61,1.4117402873854417,1.4117402873854417,6.46700455807064,17.96850125017933,0.2702053916193206,1.213651488003351e-05,0.7760696511606913,0.1888480005136645
HI_4861,4862.683,20.79169892404991,20.79169892404991,95.24415568028066,79.41228488448348,0.2702053916193206,1.213651488003351e-05,0.7760696511606913,0.1888480005136645
HI_4341,4341.684,0.0,0.0,0.0,10000000000.0,0.2702053916193206,1.213651488003351e-05,0.7760696511606913,0.1888480005136645
HI_4102,4102.892,4.501211363105426,4.501211363105426,20.61948267832817,37.857926496124456,0.2702053916193206,1.213651488003351e-05,0.7760696511606913,0.1888480005136645
OIII_4363,4364.436,0.0,0.0,0.0,10000000000.0,0.2702053916193206,1.213651488003351e-05,0.7760696511606913,0.1888480005136645
OIII_5007,5008.24,0.0,0.0,0.0,10000000000.0,0.2702053916193206,1.213651488003351e-05,0.7760696511606913,0.1888480005136645
OIII_4959,4960.295,68.00751822035545,68.00751822035545,311.53388073144407,240.76167969734954,0.2702053916193206,1.213651488003351e-05,0.7760696511606913,0.1888480005136645
OII_3726,3727.092,0.0,0.0,0.0,10000000000.0,0.2702053916193206,1.213651488003351e-05,0.7760696511606913,0.1888480005136645
OII_3729,3729.875,0.0,0.0,0.0,10000000000.0,0.2702053916193206,1.213651488003351e-05,0.7760696511606913,0.1888480005136645
OI_6300,6302.046,1.6873465988051066,1.6873465988051066,7.729522379592143,15.875372147121384,0.2702053916193206,1.213651488003351e-05,0.7760696511606913,0.1888480005136645
SII_6717,6718.29,0.0,0.0,0.0,10000000000.0,0.2702053916193206,1.213651488003351e-05,0.7760696511606913,0.1888480005136645
SII_6731,6732.67,20.95828239873947,20.95828239873947,96.00725360965392,82.55389377041217,0.2702053916193206,1.213651488003351e-05,0.7760696511606913,0.1888480005136645
NII_6548,6549.85,0.0,0.0,0.0,10000000000.0,0.2702053916193206,1.213651488003351e-05,0.7760696511606913,0.1888480005136645
NII_6584,6585.28,0.0,0.0,0.0,10000000000.0,0.2702053916193206,1.213651488003351e-05,0.7760696511606913,0.1888480005136645
NII_5755,5756.24,0.0,0.0,0.0,10000000000.0,0.2702053916193206,1.213651488003351e-05,0.7760696511606913,0.1888480005136645
HeI_5876,5877.594,3.2694029326131613,3.2694029326131613,14.976723308319226,26.323101610602585,0.2702053916193206,1.213651488003351e-05,0.7760696511606913,0.1888480005136645
HeII_4686,4687.02,0.0,0.0,0.0,10000000000.0,0.2702053916193206,1.213651488003351e-05,0.7760696511606913,0.1888480005136645
NeIII_3869,3870.16,5.726331689703784,4.006380128740736,26.231604686243514,19.431091828751807,0.2702053916193206,1.213651488003351e-05,0.7760696511606913,0.1888480005136645
