line,wl,amp,amp_err,flux,flux_err,z,zerr,FWHM,FWHMerr
HI_6563,6564.61,59.80525045935133,59.80525045935133,1740.6137355641802,72.69374939630177,0.2692714646393496,7.813199568073582e-06,4.930777829844676,0.08975110045484938
HI_4861,4862.683,43.68093560546936,43.68093560546936,1271.3204261029207,68.54914855867847,0.2692714646393496,7.813199568073582e-06,4.930777829844676,0.08975110045484938
HI_4341,4341.684,20.16008265120115,20.16008265120115,586.753111194486,64.59260273759429,0.2692714646393496,7.813199568073582e-06,4.930777829844676,0.08975110045484938
HI_4102,4102.892,8.414782051820566,8.414782051820566,244.9096878397502,63.6746686176917,0.2692714646393496,7.813199568073582e-06,4.930777829844676,0.08975110045484938
OIII_4363,4364.436,0.0,0.0,0.0,10000000000.0,0.2692714646393496,7.813199568073582e-06,4.930777829844676,0.08975110045484938
OIII_5007,5008.24,118.63786806222811,118.63786806222811,3452.91928586641,94.69592837997278,0.2692714646393496,7.813199568073582e-06,4.930777829844676,0.08975110045484938
OIII_4959,4960.295,47.61625007884777,47.61625007884777,1385.85656420977,69.4624227147553,0.2692714646393496,7.813199568073582e-06,4.930777829844676,0.08975110045484938
OII_3726,3727.092,66.64120695712131,66.64120695712131,1939.5721829303532,90.75402948914052,0.2692714646393496,7.813199568073582e-06,4.930777829844676,0.08975110045484938
OII_3729,3729.875,86.17578830351272,86.17578830351272,2508.120267736643,93.5853342978562,0.2692714646393496,7.813199568073582e-06,4.930777829844676,0.08975110045484938
OI_6300,6302.046,9.851236095418926,9.851236095418926,286.7172485403518,63.74689627386069,0.2692714646393496,7.813199568073582e-06,4.930777829844676,0.08975110045484938
SII_6717,6718.29,15.299473608772473,15.299473608772473,445.2865543708633,64.12284581889604,0.2692714646393496,7.813199568073582e-06,4.930777829844676,0.08975110045484938
SII_6731,6732.67,14.268769977736156,14.268769977736156,415.2882367700185,64.03942272519886,0.2692714646393496,7.813199568073582e-06,4.930777829844676,0.08975110045484938
NII_6548,6549.85,5.6297683126293805,5.6297683126293805,163.85270486689245,63.5668205967109,0.2692714646393496,7.813199568073582e-06,4.930777829844676,0.08975110045484938
NII_6584,6585.28,16.960672301456157,16.960672301456157,493.63524014305625,64.26927062942603,0.2692714646393496,7.813199568073582e-06,4.930777829844676,0.08975110045484938
NII_5755,5756.24,0.0,0.0,0.0,10000000000.0,0.2692714646393496,7.813199568073582e-06,4.930777829844676,0.08975110045484938
HeI_5876,5877.594,7.049265058766309,7.049265058766309,205.16672855104972,63.61646957555853,0.2692714646393496,7.813199568073582e-06,4.930777829844676,0.08975110045484938
HeII_4686,4687.02,0.0,0.0,0.0,10000000000.0,0.2692714646393496,7.813199568073582e-06,4.930777829844676,0.08975110045484938
NeIII_3869,3870.16,19.200215185521415,2.188055785295236,558.816458772657,64.4899219677414,0.2692714646393496,7.813199568073582e-06,4.930777829844676,0.08975110045484938
