line,wl,amp,amp_err,flux,flux_err,z,zerr,FWHM,FWHMerr
HI_6563,6564.61,1.3991495629073825,1.3991495629073825,9.955622195927715,26.493926175362347,0.2701840761900472,4.79824021360804e-06,1.2054705584780145,0.291159209796096
HI_4861,4862.683,3.062556600051721,3.062556600051721,21.79156344115451,30.132661036126763,0.2701840761900472,4.79824021360804e-06,1.2054705584780145,0.291159209796096
HI_4341,4341.684,0.0,0.0,0.0,10000000000.0,0.2701840761900472,4.79824021360804e-06,1.2054705584780145,0.291159209796096
HI_4102,4102.892,0.0,0.0,0.0,10000000000.0,0.2701840761900472,4.79824021360804e-06,1.2054705584780145,0.291159209796096
OIII_4363,4364.436,2.2605577476228973,2.2605577476228973,16.08495580747333,22.74283084065047,0.2701840761900472,4.79824021360804e-06,1.2054705584780145,0.291159209796096
OIII_5007,5008.24,0.0,0.0,0.0,10000000000.0,0.2701840761900472,4.79824021360804e-06,1.2054705584780145,0.291159209796096
OIII_4959,4960.295,95.79188261495051,95.79188261495051,681.6053251443799,295.2593230555364,0.2701840761900472,4.79824021360804e-06,1.2054705584780145,0.291159209796096
OII_3726,3727.092,22.66653126390952,22.66653126390952,161.28327359567973,69.81939220951632,0.2701840761900472,4.79824021360804e-06,1.2054705584780145,0.291159209796096
OII_3729,3729.875,7.004802090660405,7.004802090660405,49.84253650978403,29.021572717175356,0.2701840761900472,4.79824021360804e-06,1.2054705584780145,0.291159209796096
OI_6300,6302.046,5.570000323993668,5.570000323993668,39.633231733744715,24.44607855661253,0.2701840761900472,4.79824021360804e-06,1.2054705584780145,0.291159209796096
SII_6717,6718.29,0.6052611942303656,0.6052611942303656,4.306724555659545,22.830813580179537,0.2701840761900472,4.79824021360804e-06,1.2054705584780145,0.291159209796096
SII_6731,6732.67,3.08516183017025,3.08516183017025,21.952410527612113,34.46450648207343,0.2701840761900472,4.79824021360804e-06,1.2054705584780145,0.291159209796096
NII_6548,6549.85,0.6410443724994366,0.6410443724994366,4.561339082412596,26.32270195692461,0.2701840761900472,4.79824021360804e-06,1.2054705584780145,0.291159209796096
NII_6584,6585.28,4.297869585867488,4.297869585867488,30.58140957808196,27.592501175925257,0.2701840761900472,4.79824021360804e-06,1.2054705584780145,0.291159209796096
NII_5755,5756.24,9.399022986118666,9.399022986118666,66.87856991228028,35.415929137809364,0.2701840761900472,4.79824021360804e-06,1.2054705584780145,0.291159209796096
HeI_5876,5877.594,1.4492303900315164,1.4492303900315164,10.311971372116858,30.444299343206485,0.2701840761900472,4.79824021360804e-06,1.2054705584780145,0.291159209796096
HeII_4686,4687.02,0.0,0.0,0.0,10000000000.0,0.2701840761900472,4.79824021360804e-06,1.2054705584780145,0.291159209796096
NeIII_3869,3870.16,0.0,10000000000.0,0.0,10000000000.0,0.2701840761900472,4.79824021360804e-06,1.2054705584780145,0.291159209796096
