line,wl,amp,amp_err,flux,flux_err,z,zerr,FWHM,FWHMerr
HI_6563,6564.61,3.0206648420904685,3.0206648420904685,26.26653072228413,31.12382387159757,0.2701862484213251,1.4332866507975963e-05,1.473168812312744,0.49691646673564593
HI_4861,4862.683,3.5696363677334375,3.5696363677334375,31.040174339753815,33.76170104975935,0.2701862484213251,1.4332866507975963e-05,1.473168812312744,0.49691646673564593
HI_4341,4341.684,0.0,0.0,0.0,10000000000.0,0.2701862484213251,1.4332866507975963e-05,1.473168812312744,0.49691646673564593
HI_4102,4102.892,1.318759430430191,1.318759430430191,11.467420884312427,30.49582711476652,0.2701862484213251,1.4332866507975963e-05,1.473168812312744,0.49691646673564593
OIII_4363,4364.436,1.8747316197625423,1.8747316197625423,16.30193955991874,28.041265360229495,0.2701862484213251,1.4332866507975963e-05,1.473168812312744,0.49691646673564593
OIII_5007,5008.24,1.47777546286693,1.47777546286693,12.85016267119824,30.051588596529164,0.2701862484213251,1.4332866507975963e-05,1.473168812312744,0.49691646673564593
OIII_4959,4960.295,32.14227572888785,32.14227572888785,279.4967720856714,136.73595916838727,0.2701862484213251,1.4332866507975963e-05,1.473168812312744,0.49691646673564593
OII_3726,3727.092,0.0,0.0,0.0,10000000000.0,0.2701862484213251,1.4332866507975963e-05,1.473168812312744,0.49691646673564593
OII_3729,3729.875,7.507426603767726,7.507426603767726,65.28167202975386,38.25851089607477,0.2701862484213251,1.4332866507975963e-05,1.473168812312744,0.49691646673564593
OI_6300,6302.046,0.0,0.0,0.0,10000000000.0,0.2701862484213251,1.4332866507975963e-05,1.473168812312744,0.49691646673564593
SII_6717,6718.29,0.1930707543576773,0.1930707543576773,1.6788684498346669,27.63014297560557,0.2701862484213251,1.4332866507975963e-05,1.473168812312744,0.49691646673564593
SII_6731,6732.67,0.0,0.0,0.0,10000000000.0,0.2701862484213251,1.4332866507975963e-05,1.473168812312744,0.49691646673564593
NII_6548,6549.85,0.13567011357542924,0.13567011357542924,1.1797347248424261,29.452551291511334,0.2701862484213251,1.4332866507975963e-05,1.473168812312744,0.49691646673564593
NII_6584,6585.28,0.0,0.0,0.0,10000000000.0,0.2701862484213251,1.4332866507975963e-05,1.473168812312744,0.49691646673564593
NII_5755,5756.24,6.195279322581655,6.195279322581655,53.87174783254188,38.126520603378395,0.2701862484213251,1.4332866507975963e-05,1.473168812312744,0.49691646673564593
HeI_5876,5877.594,0.8324850597991826,0.8324850597991826,7.2389674267618975,31.381830231980164,0.2701862484213251,1.4332866507975963e-05,1.473168812312744,0.49691646673564593
HeII_4686,4687.02,0.0,0.0,0.0,10000000000.0,0.2701862484213251,1.4332866507975963e-05,1.473168812312744,0.49691646673564593
NeIII_3869,3870.16,2.02083583601609,3.337635035351256,17.572405197616963,29.62187570252618,0.2701862484213251,1.4332866507975963e-05,1.473168812312744,0.49691646673564593
