line,wl,amp,amp_err,flux,flux_err,z,zerr,FWHM,FWHMerr
HI_6563,6564.61,9.813745265833518,9.813745265833518,64.53569870205548,50.966009941748474,0.2701490715380546,1.8371571833122064e-05,1.1140830769248629,0.34449766783888164
HI_4861,4862.683,4.153907652068597,4.153907652068597,27.316312519682366,28.56581474419115,0.2701490715380546,1.8371571833122064e-05,1.1140830769248629,0.34449766783888164
HI_4341,4341.684,7.78504460443412,7.78504460443412,51.19485775965383,31.08969697065087,0.2701490715380546,1.8371571833122064e-05,1.1140830769248629,0.34449766783888164
HI_4102,4102.892,0.0,0.0,0.0,10000000000.0,0.2701490715380546,1.8371571833122064e-05,1.1140830769248629,0.34449766783888164
OIII_4363,4364.436,0.0,0.0,0.0,10000000000.0,0.2701490715380546,1.8371571833122064e-05,1.1140830769248629,0.34449766783888164
OIII_5007,5008.24,0.0,0.0,0.0,10000000000.0,0.2701490715380546,1.8371571833122064e-05,1.1140830769248629,0.34449766783888164
OIII_4959,4960.295,44.021533455512554,44.021533455512554,289.48789096637717,173.4377095167908,0.2701490715380546,1.8371571833122064e-05,1.1140830769248629,0.34449766783888164
OII_3726,3727.092,13.308094065067849,13.308094065067849,87.51471794075414,50.6808682288679,0.2701490715380546,1.8371571833122064e-05,1.1140830769248629,0.34449766783888164
OII_3729,3729.875,1.27996906235785,1.27996906235785,8.417143049745018,25.008204055607244,0.2701490715380546,1.8371571833122064e-05,1.1140830769248629,0.34449766783888164
OI_6300,6302.046,0.0,0.0,0.0,10000000000.0,0.2701490715380546,1.8371571833122064e-05,1.1140830769248629,0.34449766783888164
SII_6717,6718.29,0.0,0.0,0.0,10000000000.0,0.2701490715380546,1.8371571833122064e-05,1.1140830769248629,0.34449766783888164
SII_6731,6732.67,3.2509978298451188,3.2509978298451188,21.378730621667636,34.81588077712874,0.2701490715380546,1.8371571833122064e-05,1.1140830769248629,0.34449766783888164
NII_6548,6549.85,0.0,0.0,0.0,10000000000.0,0.2701490715380546,1.8371571833122064e-05,1.1140830769248629,0.34449766783888164
NII_6584,6585.28,0.0,0.0,0.0,10000000000.0,0.2701490715380546,1.8371571833122064e-05,1.1140830769248629,0.34449766783888164
NII_5755,5756.24,0.13859978632785896,0.13859978632785896,0.9114393952902623,25.56409617525032,0.2701490715380546,1.8371571833122064e-05,1.1140830769248629,0.34449766783888164
HeI_5876,5877.594,2.3844058283874574,2.3844058283874574,15.679976599756223,40.601840250410106,0.2701490715380546,1.8371571833122064e-05,1.1140830769248629,0.34449766783888164
HeII_4686,4687.02,0.0,0.0,0.0,10000000000.0,0.2701490715380546,1.8371571833122064e-05,1.1140830769248629,0.34449766783888164
NeIII_3869,3870.16,1.4505302535336568,4.90636012385366,9.538762303742505,32.399022419957845,0.2701490715380546,1.8371571833122064e-05,1.1140830769248629,0.34449766783888164
