line,wl,amp,amp_err,flux,flux_err,z,zerr,FWHM,FWHMerr
HI_6563,6564.61,0.0,0.0,0.0,10000000000.0,0.2702137818619458,1.8494435396760925e-05,2.155516409533502,0.24033413490384362
HI_4861,4862.683,0.0,0.0,0.0,10000000000.0,0.2702137818619458,1.8494435396760925e-05,2.155516409533502,0.24033413490384362
HI_4341,4341.684,3.694467248781166,3.694467248781166,47.00573117385426,34.30990741864511,0.2702137818619458,1.8494435396760925e-05,2.155516409533502,0.24033413490384362
HI_4102,4102.892,5.167729813231404,5.167729813231404,65.75045927393357,35.1149592898152,0.2702137818619458,1.8494435396760925e-05,2.155516409533502,0.24033413490384362
OIII_4363,4364.436,0.0,0.0,0.0,10000000000.0,0.2702137818619458,1.8494435396760925e-05,2.155516409533502,0.24033413490384362
OIII_5007,5008.24,0.0,0.0,0.0,10000000000.0,0.2702137818619458,1.8494435396760925e-05,2.155516409533502,0.24033413490384362
OIII_4959,4960.295,33.69022986440609,33.69022986440609,428.6501358792889,64.04826304687651,0.2702137818619458,1.8494435396760925e-05,2.155516409533502,0.24033413490384362
OII_3726,3727.092,4.170395977428939,4.170395977428939,53.06110434954338,34.756529345561674,0.2702137818619458,1.8494435396760925e-05,2.155516409533502,0.24033413490384362
OII_3729,3729.875,0.0,0.0,0.0,10000000000.0,0.2702137818619458,1.8494435396760925e-05,2.155516409533502,0.24033413490384362
OI_6300,6302.046,0.0,0.0,0.0,10000000000.0,0.2702137818619458,1.8494435396760925e-05,2.155516409533502,0.24033413490384362
SII_6717,6718.29,0.0,0.0,0.0,10000000000.0,0.2702137818619458,1.8494435396760925e-05,2.155516409533502,0.24033413490384362
SII_6731,6732.67,0.0,0.0,0.0,10000000000.0,0.2702137818619458,1.8494435396760925e-05,2.155516409533502,0.24033413490384362
NII_6548,6549.85,0.424251586977789,0.424251586977789,5.39787057366339,33.85979006515195,0.2702137818619458,1.8494435396760925e-05,2.155516409533502,0.24033413490384362
NII_6584,6585.28,2.5253848040015328,2.5253848040015328,32.13117107658628,34.080164110307955,0.2702137818619458,1.8494435396760925e-05,2.155516409533502,0.24033413490384362
NII_5755,5756.24,0.0,0.0,0.0,10000000000.0,0.2702137818619458,1.8494435396760925e-05,2.155516409533502,0.24033413490384362
HeI_5876,5877.594,4.200987743900669,4.200987743900669,53.450331876564455,34.609601572957416,0.2702137818619458,1.8494435396760925e-05,2.155516409533502,0.24033413490384362
HeII_4686,4687.02,0.0,0.0,0.0,10000000000.0,0.2702137818619458,1.8494435396760925e-05,2.155516409533502,0.24033413490384362
NeIII_3869,3870.16,8.311044247119867,2.6963081679864542,105.74372036536755,36.275341460919435,0.2702137818619458,1.8494435396760925e-05,2.155516409533502,0.24033413490384362
