line,wl,amp,amp_err,flux,flux_err,z,zerr,FWHM,FWHMerr
HI_6563,6564.61,2.488678174668621,2.488678174668621,55.72547083859776,43.70546698041645,0.2705174277106458,2.8989406748860336e-06,3.793476074598253,0.6105166669392182
HI_4861,4862.683,6.268488475889399,6.268488475889399,140.36144782431484,49.47076075229038,0.2705174277106458,2.8989406748860336e-06,3.793476074598253,0.6105166669392182
HI_4341,4341.684,2.0949292788935736,2.0949292788935736,46.90880549689919,43.36986537317073,0.2705174277106458,2.8989406748860336e-06,3.793476074598253,0.6105166669392182
HI_4102,4102.892,3.2535844080414336,3.2535844080414336,72.85294052750359,44.51406980441973,0.2705174277106458,2.8989406748860336e-06,3.793476074598253,0.6105166669392182
OIII_4363,4364.436,7.14206328430555,7.14206328430555,159.92218010670805,51.356077014108976,0.2705174277106458,2.8989406748860336e-06,3.793476074598253,0.6105166669392182
OIII_5007,5008.24,0.0,0.0,0.0,10000000000.0,0.2705174277106458,2.8989406748860336e-06,3.793476074598253,0.6105166669392182
OIII_4959,4960.295,7.345759091657328,7.345759091657328,164.48325388798858,51.8199184757023,0.2705174277106458,2.8989406748860336e-06,3.793476074598253,0.6105166669392182
OII_3726,3727.092,6.852831909200972,6.852831909200972,153.44582863505028,51.609662444605604,0.2705174277106458,2.8989406748860336e-06,3.793476074598253,0.6105166669392182
OII_3729,3729.875,0.0,0.0,0.0,10000000000.0,0.2705174277106458,2.8989406748860336e-06,3.793476074598253,0.6105166669392182
OI_6300,6302.046,0.914562318211324,0.914562318211324,20.478507953464753,42.69982823329028,0.2705174277106458,2.8989406748860336e-06,3.793476074598253,0.6105166669392182
SII_6717,6718.29,0.0,0.0,0.0,10000000000.0,0.2705174277106458,2.8989406748860336e-06,3.793476074598253,0.6105166669392182
SII_6731,6732.67,0.9817004009648826,0.9817004009648826,21.981836632409337,42.72391857228523,0.2705174277106458,2.8989406748860336e-06,3.793476074598253,0.6105166669392182
NII_6548,6549.85,1.7783168198155863,1.7783168198155863,39.81934791452762,43.13973300325173,0.2705174277106458,2.8989406748860336e-06,3.793476074598253,0.6105166669392182
NII_6584,6585.28,0.0,0.0,0.0,10000000000.0,0.2705174277106458,2.8989406748860336e-06,3.793476074598253,0.6105166669392182
NII_5755,5756.24,2.5008674473634755,2.5008674473634755,55.99840808175547,43.716640859000094,0.2705174277106458,2.8989406748860336e-06,3.793476074598253,0.6105166669392182
HeI_5876,5877.594,0.0,0.0,0.0,10000000000.0,0.2705174277106458,2.8989406748860336e-06,3.793476074598253,0.6105166669392182
HeII_4686,4687.02,0.0,0.0,0.0,10000000000.0,0.2705174277106458,2.8989406748860336e-06,3.793476074598253,0.6105166669392182
NeIII_3869,3870.16,4.187056756898301,1.9294793130131729,93.75487420632776,45.76316108775208,0.2705174277106458,2.8989406748860336e-06,3.793476074598253,0.6105166669392182
