line,wl,amp,amp_err,flux,flux_err,z,zerr,FWHM,FWHMerr
HI_6563,6564.61,46.17318708627022,46.17318708627022,1778.48846115167,107.51442229906361,0.2692314920440256,1.9605531893041546e-05,6.525496198961025,0.24024349534701941
HI_4861,4862.683,17.39758650414865,17.39758650414865,670.1163337870811,83.43123269437095,0.2692314920440256,1.9605531893041546e-05,6.525496198961025,0.24024349534701941
HI_4341,4341.684,4.903629448907168,4.903629448907168,188.8768989749499,79.1222953800137,0.2692314920440256,1.9605531893041546e-05,6.525496198961025,0.24024349534701941
HI_4102,4102.892,4.587864018534333,4.587864018534333,176.71431697038935,79.07467378498541,0.2692314920440256,1.9605531893041546e-05,6.525496198961025,0.24024349534701941
OIII_4363,4364.436,4.291785238538182,4.291785238538182,165.31002094830262,79.03287641644108,0.2692314920440256,1.9605531893041546e-05,6.525496198961025,0.24024349534701941
OIII_5007,5008.24,41.1552972392667,41.1552972392667,1585.2105057973704,102.26307973291125,0.2692314920440256,1.9605531893041546e-05,6.525496198961025,0.24024349534701941
OIII_4959,4960.295,21.506449316750604,21.506449316750604,828.3805897721463,85.80523558838075,0.2692314920440256,1.9605531893041546e-05,6.525496198961025,0.24024349534701941
OII_3726,3727.092,26.294112520763974,26.294112520763974,1012.7907269435117,122.09679414691487,0.2692314920440256,1.9605531893041546e-05,6.525496198961025,0.24024349534701941
OII_3729,3729.875,32.36226063913614,32.36226063913614,1246.5222947670634,123.62962612541912,0.2692314920440256,1.9605531893041546e-05,6.525496198961025,0.24024349534701941
OI_6300,6302.046,4.8777896653276684,4.8777896653276684,187.8816079882365,79.1182879971757,0.2692314920440256,1.9605531893041546e-05,6.525496198961025,0.24024349534701941
SII_6717,6718.29,7.913909128235787,7.913909128235787,304.8261763016878,79.73308073232089,0.2692314920440256,1.9605531893041546e-05,6.525496198961025,0.24024349534701941
SII_6731,6732.67,9.509518576130176,9.509518576130176,366.2855030378442,80.17013796094768,0.2692314920440256,1.9605531893041546e-05,6.525496198961025,0.24024349534701941
NII_6548,6549.85,2.9023235224415203,2.9023235224415203,111.79104629591795,78.87395662824584,0.2692314920440256,1.9605531893041546e-05,6.525496198961025,0.24024349534701941
NII_6584,6585.28,8.131440135908065,8.131440135908065,313.20498685173715,79.78787810120245,0.2692314920440256,1.9605531893041546e-05,6.525496198961025,0.24024349534701941
NII_5755,5756.24,0.3790773795522,0.3790773795522,14.60121745890206,78.74168734535729,0.2692314920440256,1.9605531893041546e-05,6.525496198961025,0.24024349534701941
HeI_5876,5877.594,2.9951412744760546,2.9951412744760546,115.3661796449551,78.8824599484895,0.2692314920440256,1.9605531893041546e-05,6.525496198961025,0.24024349534701941
HeII_4686,4687.02,0.0,0.0,0.0,10000000000.0,0.2692314920440256,1.9605531893041546e-05,6.525496198961025,0.24024349534701941
NeIII_3869,3870.16,2.193489510049403,2.0446342085212494,84.4883368347796,78.81616529703152,0.2692314920440256,1.9605531893041546e-05,6.525496198961025,0.24024349534701941
