line,wl,amp,amp_err,flux,flux_err,z,zerr,FWHM,FWHMerr
HI_6563,6564.61,2.4698827063502904,2.4698827063502904,57.63274171804634,51.21254229090698,0.2696548303009345,6.839998158415348e-05,3.9531681979455784,0.728758932518075
HI_4861,4862.683,2.7846406630164893,2.7846406630164893,64.97736742581884,51.58499382581929,0.2696548303009345,6.839998158415348e-05,3.9531681979455784,0.728758932518075
HI_4341,4341.684,0.0,0.0,0.0,10000000000.0,0.2696548303009345,6.839998158415348e-05,3.9531681979455784,0.728758932518075
HI_4102,4102.892,0.0,0.0,0.0,10000000000.0,0.2696548303009345,6.839998158415348e-05,3.9531681979455784,0.728758932518075
OIII_4363,4364.436,0.0,0.0,0.0,10000000000.0,0.2696548303009345,6.839998158415348e-05,3.9531681979455784,0.728758932518075
OIII_5007,5008.24,6.587781170584435,6.587781170584435,153.72061585075727,59.03956126281013,0.2696548303009345,6.839998158415348e-05,3.9531681979455784,0.728758932518075
OIII_4959,4960.295,0.0,0.0,0.0,10000000000.0,0.2696548303009345,6.839998158415348e-05,3.9531681979455784,0.728758932518075
OII_3726,3727.092,6.346337767234672,6.346337767234672,148.086726731648,62.092787770391055,0.2696548303009345,6.839998158415348e-05,3.9531681979455784,0.728758932518075
OII_3729,3729.875,0.0,0.0,0.0,10000000000.0,0.2696548303009345,6.839998158415348e-05,3.9531681979455784,0.728758932518075
OI_6300,6302.046,0.964976990172886,0.964976990172886,22.516967909246212,50.03178880817613,0.2696548303009345,6.839998158415348e-05,3.9531681979455784,0.728758932518075
SII_6717,6718.29,0.0,0.0,0.0,10000000000.0,0.2696548303009345,6.839998158415348e-05,3.9531681979455784,0.728758932518075
SII_6731,6732.67,1.3748370011115867,1.3748370011115867,32.08072415169981,50.2530254433644,0.2696548303009345,6.839998158415348e-05,3.9531681979455784,0.728758932518075
NII_6548,6549.85,0.0,0.0,0.0,10000000000.0,0.2696548303009345,6.839998158415348e-05,3.9531681979455784,0.728758932518075
NII_6584,6585.28,0.0,0.0,0.0,10000000000.0,0.2696548303009345,6.839998158415348e-05,3.9531681979455784,0.728758932518075
NII_5755,5756.24,0.0,0.0,0.0,10000000000.0,0.2696548303009345,6.839998158415348e-05,3.9531681979455784,0.728758932518075
HeI_5876,5877.594,0.1449933711680842,0.1449933711680842,3.383304595750258,49.82082802107835,0.2696548303009345,6.839998158415348e-05,3.9531681979455784,0.728758932518075
HeII_4686,4687.02,0.0,0.0,0.0,10000000000.0,0.2696548303009345,6.839998158415348e-05,3.9531681979455784,0.728758932518075
NeIII_3869,3870.16,5.332477076010832,2.1907631330756066,124.42909667288019,56.03024743259872,0.2696548303009345,6.839998158415348e-05,3.9531681979455784,0.728758932518075
