line,wl,amp,amp_err,flux,flux_err,z,zerr,FWHM,FWHMerr
HI_6563,6564.61,38.94151466013068,38.94151466013068,1030.4939318431716,80.3121020436747,0.26985367253249093,1.6599226764584847e-05,4.483167247538049,0.21728035723276318
HI_4861,4862.683,8.951253834780346,8.951253834780346,236.87349707979007,59.132578819828005,0.26985367253249093,1.6599226764584847e-05,4.483167247538049,0.21728035723276318
HI_4341,4341.684,7.7249764236114515,7.7249764236114515,204.42300197206694,58.7759601484632,0.26985367253249093,1.6599226764584847e-05,4.483167247538049,0.21728035723276318
HI_4102,4102.892,3.371032837594271,3.371032837594271,89.20631140065949,57.924736009107974,0.26985367253249093,1.6599226764584847e-05,4.483167247538049,0.21728035723276318
OIII_4363,4364.436,2.671543272758072,2.671543272758072,70.69599514197226,57.849669030588295,0.26985367253249093,1.6599226764584847e-05,4.483167247538049,0.21728035723276318
OIII_5007,5008.24,38.1809854499661,38.1809854499661,1010.368347543122,79.55770312194467,0.26985367253249093,1.6599226764584847e-05,4.483167247538049,0.21728035723276318
OIII_4959,4960.295,24.01555466759646,24.01555466759646,635.5141439874096,67.21480666519385,0.26985367253249093,1.6599226764584847e-05,4.483167247538049,0.21728035723276318
OII_3726,3727.092,14.781324570371453,14.781324570371453,391.1523577681259,68.84018040635235,0.26985367253249093,1.6599226764584847e-05,4.483167247538049,0.21728035723276318
OII_3729,3729.875,16.542347230283895,16.542347230283895,437.7536053240165,69.36313082781233,0.26985367253249093,1.6599226764584847e-05,4.483167247538049,0.21728035723276318
OI_6300,6302.046,0.6718080707338459,0.6718080707338459,17.77779180642105,57.7307309394869,0.26985367253249093,1.6599226764584847e-05,4.483167247538049,0.21728035723276318
SII_6717,6718.29,6.163957481041734,6.163957481041734,163.11437384473615,58.39548400371626,0.26985367253249093,1.6599226764584847e-05,4.483167247538049,0.21728035723276318
SII_6731,6732.67,4.843038177724111,4.843038177724111,128.1594077011888,58.138945878272374,0.26985367253249093,1.6599226764584847e-05,4.483167247538049,0.21728035723276318
NII_6548,6549.85,0.5342703026027493,0.5342703026027493,14.138184135909539,57.727772768350945,0.26985367253249093,1.6599226764584847e-05,4.483167247538049,0.21728035723276318
NII_6584,6585.28,3.641787798560017,3.641787798560017,96.3711930629872,57.95842931832775,0.26985367253249093,1.6599226764584847e-05,4.483167247538049,0.21728035723276318
NII_5755,5756.24,0.0,0.0,0.0,10000000000.0,0.26985367253249093,1.6599226764584847e-05,4.483167247538049,0.21728035723276318
HeI_5876,5877.594,2.0220299121938297,2.0220299121938297,53.50817945082289,57.79546603493084,0.26985367253249093,1.6599226764584847e-05,4.483167247538049,0.21728035723276318
HeII_4686,4687.02,0.0,0.0,0.0,10000000000.0,0.26985367253249093,1.6599226764584847e-05,4.483167247538049,0.21728035723276318
NeIII_3869,3870.16,7.536387786858995,2.188926289279096,199.43245531552012,58.725589886699424,0.26985367253249093,1.6599226764584847e-05,4.483167247538049,0.21728035723276318
