line,wl,amp,amp_err,flux,flux_err,z,zerr,FWHM,FWHMerr
HI_6563,6564.61,5.089591165892102,5.089591165892102,207.58942493212967,81.5351103758384,0.26912346856343444,0.0001161346783993476,6.90994625791843,1.4666982644226643
HI_4861,4862.683,1.905334351781562,1.905334351781562,77.71297330135133,67.53718319425954,0.26912346856343444,0.0001161346783993476,6.90994625791843,1.4666982644226643
HI_4341,4341.684,0.43427144690826935,0.43427144690826935,17.712652547079394,65.10612863250171,0.26912346856343444,0.0001161346783993476,6.90994625791843,1.4666982644226643
HI_4102,4102.892,0.0,0.0,0.0,10000000000.0,0.26912346856343444,0.0001161346783993476,6.90994625791843,1.4666982644226643
OIII_4363,4364.436,3.5507247096514902,3.5507247096514902,144.82359713064665,73.50037156540765,0.26912346856343444,0.0001161346783993476,6.90994625791843,1.4666982644226643
OIII_5007,5008.24,3.395024745699402,3.395024745699402,138.47305443964015,72.80803597809864,0.26912346856343444,0.0001161346783993476,6.90994625791843,1.4666982644226643
OIII_4959,4960.295,0.0,0.0,0.0,10000000000.0,0.26912346856343444,0.0001161346783993476,6.90994625791843,1.4666982644226643
OII_3726,3727.092,3.8405646301752085,3.8405646301752085,156.64531334767932,98.78623823373033,0.26912346856343444,0.0001161346783993476,6.90994625791843,1.4666982644226643
OII_3729,3729.875,1.2346233039625076,1.2346233039625076,50.356646206662376,95.83634753570693,0.26912346856343444,0.0001161346783993476,6.90994625791843,1.4666982644226643
OI_6300,6302.046,1.348131751019082,1.348131751019082,54.98632125940961,66.2675939405634,0.26912346856343444,0.0001161346783993476,6.90994625791843,1.4666982644226643
SII_6717,6718.29,1.533668747143338,1.533668747143338,62.553828564746986,66.64378973581576,0.26912346856343444,0.0001161346783993476,6.90994625791843,1.4666982644226643
SII_6731,6732.67,0.0,0.0,0.0,10000000000.0,0.26912346856343444,0.0001161346783993476,6.90994625791843,1.4666982644226643
NII_6548,6549.85,2.8403776844934328,2.8403776844934328,115.85063532518434,70.55068735815615,0.26912346856343444,0.0001161346783993476,6.90994625791843,1.4666982644226643
NII_6584,6585.28,2.3633445091007843,2.3633445091007843,96.39385788951574,68.87868001236649,0.26912346856343444,0.0001161346783993476,6.90994625791843,1.4666982644226643
NII_5755,5756.24,1.4060487097102623,1.4060487097102623,57.34858332656578,66.38083503147153,0.26912346856343444,0.0001161346783993476,6.90994625791843,1.4666982644226643
HeI_5876,5877.594,2.0987831765738747,2.0987831765738747,85.60318078236686,68.07251857781296,0.26912346856343444,0.0001161346783993476,6.90994625791843,1.4666982644226643
HeII_4686,4687.02,0.0,0.0,0.0,10000000000.0,0.26912346856343444,0.0001161346783993476,6.90994625791843,1.4666982644226643
NeIII_3869,3870.16,0.0,10000000000.0,0.0,10000000000.0,0.26912346856343444,0.0001161346783993476,6.90994625791843,1.4666982644226643
