line,wl,amp,amp_err,flux,flux_err,z,zerr,FWHM,FWHMerr
HI_6563,6564.61,3.2353100558179904,3.2353100558179904,28.556208133198446,27.654140732147457,0.2702051729486706,1.9467133712095343e-05,1.4953297468104103,0.3935658660720421
HI_4861,4862.683,0.0,0.0,0.0,10000000000.0,0.2702051729486706,1.9467133712095343e-05,1.4953297468104103,0.3935658660720421
HI_4341,4341.684,0.0,0.0,0.0,10000000000.0,0.2702051729486706,1.9467133712095343e-05,1.4953297468104103,0.3935658660720421
HI_4102,4102.892,4.8725446088690205,4.8725446088690205,43.007129328746316,32.25066957171272,0.2702051729486706,1.9467133712095343e-05,1.4953297468104103,0.3935658660720421
OIII_4363,4364.436,0.0,0.0,0.0,10000000000.0,0.2702051729486706,1.9467133712095343e-05,1.4953297468104103,0.3935658660720421
OIII_5007,5008.24,7.934642939115065,7.934642939115065,70.03449787587536,36.359646523329225,0.2702051729486706,1.9467133712095343e-05,1.4953297468104103,0.3935658660720421
OIII_4959,4960.295,23.066390692644177,23.066390692644177,203.59367174602406,77.915351448857,0.2702051729486706,1.9467133712095343e-05,1.4953297468104103,0.3935658660720421
OII_3726,3727.092,2.6266680062606156,2.6266680062606156,23.18407725673983,31.349160970799257,0.2702051729486706,1.9467133712095343e-05,1.4953297468104103,0.3935658660720421
OII_3729,3729.875,6.0883156739763535,6.0883156739763535,53.73803640675359,32.890079022798275,0.2702051729486706,1.9467133712095343e-05,1.4953297468104103,0.3935658660720421
OI_6300,6302.046,0.0,0.0,0.0,10000000000.0,0.2702051729486706,1.9467133712095343e-05,1.4953297468104103,0.3935658660720421
SII_6717,6718.29,1.4874438189820012,1.4874438189820012,13.128805137209747,26.0415218552536,0.2702051729486706,1.9467133712095343e-05,1.4953297468104103,0.3935658660720421
SII_6731,6732.67,0.0,0.0,0.0,10000000000.0,0.2702051729486706,1.9467133712095343e-05,1.4953297468104103,0.3935658660720421
NII_6548,6549.85,2.5618940954875598,2.5618940954875598,22.612355460150248,27.20833177708803,0.2702051729486706,1.9467133712095343e-05,1.4953297468104103,0.3935658660720421
NII_6584,6585.28,0.0,0.0,0.0,10000000000.0,0.2702051729486706,1.9467133712095343e-05,1.4953297468104103,0.3935658660720421
NII_5755,5756.24,6.194381200758357,6.194381200758357,54.67421538381872,35.46487907764314,0.2702051729486706,1.9467133712095343e-05,1.4953297468104103,0.3935658660720421
HeI_5876,5877.594,0.0,0.0,0.0,10000000000.0,0.2702051729486706,1.9467133712095343e-05,1.4953297468104103,0.3935658660720421
HeII_4686,4687.02,0.0,0.0,0.0,10000000000.0,0.2702051729486706,1.9467133712095343e-05,1.4953297468104103,0.3935658660720421
NeIII_3869,3870.16,0.0,10000000000.0,0.0,10000000000.0,0.2702051729486706,1.9467133712095343e-05,1.4953297468104103,0.3935658660720421
