line,wl,amp,amp_err,flux,flux_err,z,zerr,FWHM,FWHMerr
HI_6563,6564.61,0.0,0.0,0.0,10000000000.0,0.27003808506670285,1.8089783227300574e-05,0.645175316798472,0.48147713921034624
HI_4861,4862.683,0.0,0.0,0.0,10000000000.0,0.27003808506670285,1.8089783227300574e-05,0.645175316798472,0.48147713921034624
HI_4341,4341.684,0.0,0.0,0.0,10000000000.0,0.27003808506670285,1.8089783227300574e-05,0.645175316798472,0.48147713921034624
HI_4102,4102.892,0.0,0.0,0.0,10000000000.0,0.27003808506670285,1.8089783227300574e-05,0.645175316798472,0.48147713921034624
OIII_4363,4364.436,69.2775275035624,69.2775275035624,263.8261144585428,1028.4482884183997,0.27003808506670285,1.8089783227300574e-05,0.645175316798472,0.48147713921034624
OIII_5007,5008.24,0.0,0.0,0.0,10000000000.0,0.27003808506670285,1.8089783227300574e-05,0.645175316798472,0.48147713921034624
OIII_4959,4960.295,20.724366999923973,20.724366999923973,78.92356175560151,60.88299971443201,0.27003808506670285,1.8089783227300574e-05,0.645175316798472,0.48147713921034624
OII_3726,3727.092,10.13594781874724,10.13594781874724,38.60021894166355,31.335308174349617,0.27003808506670285,1.8089783227300574e-05,0.645175316798472,0.48147713921034624
OII_3729,3729.875,0.0,0.0,0.0,10000000000.0,0.27003808506670285,1.8089783227300574e-05,0.645175316798472,0.48147713921034624
OI_6300,6302.046,2.2556866574799415,2.2556866574799415,8.590217747714927,20.498897755294173,0.27003808506670285,1.8089783227300574e-05,0.645175316798472,0.48147713921034624
SII_6717,6718.29,0.0,0.0,0.0,10000000000.0,0.27003808506670285,1.8089783227300574e-05,0.645175316798472,0.48147713921034624
SII_6731,6732.67,0.0,0.0,0.0,10000000000.0,0.27003808506670285,1.8089783227300574e-05,0.645175316798472,0.48147713921034624
NII_6548,6549.85,1.73459344793946,1.73459344793946,6.605764755556294,13.173265010506679,0.27003808506670285,1.8089783227300574e-05,0.645175316798472,0.48147713921034624
NII_6584,6585.28,0.3922875893614446,0.3922875893614446,1.4939290442519955,12.273915637291847,0.27003808506670285,1.8089783227300574e-05,0.645175316798472,0.48147713921034624
NII_5755,5756.24,0.0,0.0,0.0,10000000000.0,0.27003808506670285,1.8089783227300574e-05,0.645175316798472,0.48147713921034624
HeI_5876,5877.594,1.3451538903829032,1.3451538903829032,5.122681727206054,13.077224889500195,0.27003808506670285,1.8089783227300574e-05,0.645175316798472,0.48147713921034624
HeII_4686,4687.02,0.0,0.0,0.0,10000000000.0,0.27003808506670285,1.8089783227300574e-05,0.645175316798472,0.48147713921034624
NeIII_3869,3870.16,26.67931517918123,42.16047077618956,101.60149061001432,177.56066653497584,0.27003808506670285,1.8089783227300574e-05,0.645175316798472,0.48147713921034624
