line,wl,amp,amp_err,flux,flux_err,z,zerr,FWHM,FWHMerr
HI_6563,6564.61,7.872508131568452,7.872508131568452,283.2342469914282,69.41139756723192,0.26949598040510186,6.143089982705906e-05,6.095158286540597,0.6469994847778913
HI_4861,4862.683,1.6780880895969403,1.6780880895969403,60.37364566654066,61.15251427189586,0.26949598040510186,6.143089982705906e-05,6.095158286540597,0.6469994847778913
HI_4341,4341.684,6.018819479173203,6.018819479173203,216.54290785995354,65.94433363655327,0.26949598040510186,6.143089982705906e-05,6.095158286540597,0.6469994847778913
HI_4102,4102.892,0.0,0.0,0.0,10000000000.0,0.26949598040510186,6.143089982705906e-05,6.095158286540597,0.6469994847778913
OIII_4363,4364.436,0.0,0.0,0.0,10000000000.0,0.26949598040510186,6.143089982705906e-05,6.095158286540597,0.6469994847778913
OIII_5007,5008.24,8.150993089376243,8.150993089376243,293.2534779664764,69.99540437752688,0.26949598040510186,6.143089982705906e-05,6.095158286540597,0.6469994847778913
OIII_4959,4960.295,10.437191732824203,10.437191732824203,375.50550494797153,75.32828522123854,0.26949598040510186,6.143089982705906e-05,6.095158286540597,0.6469994847778913
OII_3726,3727.092,17.111763455790197,17.111763455790197,615.6408295929665,104.37032060187023,0.26949598040510186,6.143089982705906e-05,6.095158286540597,0.6469994847778913
OII_3729,3729.875,0.0,0.0,0.0,10000000000.0,0.26949598040510186,6.143089982705906e-05,6.095158286540597,0.6469994847778913
OI_6300,6302.046,0.9461092042059818,0.9461092042059818,34.038774371078674,60.86554059095381,0.26949598040510186,6.143089982705906e-05,6.095158286540597,0.6469994847778913
SII_6717,6718.29,0.40693465991387257,0.40693465991387257,14.640547846910339,60.75621530980941,0.26949598040510186,6.143089982705906e-05,6.095158286540597,0.6469994847778913
SII_6731,6732.67,0.0,0.0,0.0,10000000000.0,0.26949598040510186,6.143089982705906e-05,6.095158286540597,0.6469994847778913
NII_6548,6549.85,2.0240449880866436,2.0240449880866436,72.82035769244477,61.343090932069565,0.26949598040510186,6.143089982705906e-05,6.095158286540597,0.6469994847778913
NII_6584,6585.28,1.6780102423869039,1.6780102423869039,60.370844907805754,61.15241466078259,0.26949598040510186,6.143089982705906e-05,6.095158286540597,0.6469994847778913
NII_5755,5756.24,0.0,0.0,0.0,10000000000.0,0.26949598040510186,6.143089982705906e-05,6.095158286540597,0.6469994847778913
HeI_5876,5877.594,0.0,0.0,0.0,10000000000.0,0.26949598040510186,6.143089982705906e-05,6.095158286540597,0.6469994847778913
HeII_4686,4687.02,0.0,0.0,0.0,10000000000.0,0.26949598040510186,6.143089982705906e-05,6.095158286540597,0.6469994847778913
NeIII_3869,3870.16,3.3851276464175726,1.6975554179921442,121.78889673778298,62.42729542779414,0.26949598040510186,6.143089982705906e-05,6.095158286540597,0.6469994847778913
