line,wl,amp,amp_err,flux,flux_err,z,zerr,FWHM,FWHMerr
HI_6563,6564.61,48.33281231139381,48.33281231139381,1685.5605406831398,80.92060356881345,0.2692635164359414,1.3532622802591702e-05,5.908192427914055,0.16711579913795727
HI_4861,4862.683,20.524100861088982,20.524100861088982,715.7583614536998,64.95638147627821,0.2692635164359414,1.3532622802591702e-05,5.908192427914055,0.16711579913795727
HI_4341,4341.684,7.660876045431337,7.660876045431337,267.16571520916284,61.46872024695705,0.2692635164359414,1.3532622802591702e-05,5.908192427914055,0.16711579913795727
HI_4102,4102.892,10.671931877685438,10.671931877685438,372.173403649525,62.01239573867688,0.2692635164359414,1.3532622802591702e-05,5.908192427914055,0.16711579913795727
OIII_4363,4364.436,0.0,0.0,0.0,10000000000.0,0.2692635164359414,1.3532622802591702e-05,5.908192427914055,0.16711579913795727
OIII_5007,5008.24,50.99176069951818,50.99176069951818,1778.2888192252713,82.88110121358206,0.2692635164359414,1.3532622802591702e-05,5.908192427914055,0.16711579913795727
OIII_4959,4960.295,21.320444874972395,21.320444874972395,743.5300962735807,65.2677939203044,0.2692635164359414,1.3532622802591702e-05,5.908192427914055,0.16711579913795727
OII_3726,3727.092,20.7760233665457,20.7760233665457,724.5439175635348,86.42211224473465,0.2692635164359414,1.3532622802591702e-05,5.908192427914055,0.16711579913795727
OII_3729,3729.875,38.576528168736104,38.576528168736104,1345.319474870385,89.86978756873897,0.2692635164359414,1.3532622802591702e-05,5.908192427914055,0.16711579913795727
OI_6300,6302.046,3.034390723990896,3.034390723990896,105.8214704416918,60.97725488663731,0.2692635164359414,1.3532622802591702e-05,5.908192427914055,0.16711579913795727
SII_6717,6718.29,11.879830970841454,11.879830970841454,414.29772770982333,62.27898967261165,0.2692635164359414,1.3532622802591702e-05,5.908192427914055,0.16711579913795727
SII_6731,6732.67,8.80706941194262,8.80706941194262,307.1381111487376,61.65518829062012,0.2692635164359414,1.3532622802591702e-05,5.908192427914055,0.16711579913795727
NII_6548,6549.85,4.161207867916687,4.161207867916687,145.11813917534317,61.05806698545602,0.2692635164359414,1.3532622802591702e-05,5.908192427914055,0.16711579913795727
NII_6584,6585.28,7.668839936538575,7.668839936538575,267.4434482844528,61.46992858879317,0.2692635164359414,1.3532622802591702e-05,5.908192427914055,0.16711579913795727
NII_5755,5756.24,2.7102311537789774,2.7102311537789774,94.51671588046774,60.958645445666804,0.2692635164359414,1.3532622802591702e-05,5.908192427914055,0.16711579913795727
HeI_5876,5877.594,2.580400056590179,2.580400056590179,89.98898070616984,60.951821729824104,0.2692635164359414,1.3532622802591702e-05,5.908192427914055,0.16711579913795727
HeII_4686,4687.02,0.0,0.0,0.0,10000000000.0,0.2692635164359414,1.3532622802591702e-05,5.908192427914055,0.16711579913795727
NeIII_3869,3870.16,12.858702265316538,1.75530656538995,448.43492663266926,62.51495776516787,0.2692635164359414,1.3532622802591702e-05,5.908192427914055,0.16711579913795727
