line,wl,amp,amp_err,flux,flux_err,z,zerr,FWHM,FWHMerr
HI_6563,6564.61,178.57542477181096,178.57542477181096,5014.862548962228,78.26913897364604,0.2692726687102693,3.5214814181528693e-06,4.757619264322838,0.04476452686117218
HI_4861,4862.683,76.15811676333351,76.15811676333351,2138.718068535834,62.04243492827578,0.2692726687102693,3.5214814181528693e-06,4.757619264322838,0.04476452686117218
HI_4341,4341.684,32.247805244343,32.247805244343,905.6022742924004,58.59904548302175,0.2692726687102693,3.5214814181528693e-06,4.757619264322838,0.04476452686117218
HI_4102,4102.892,14.64012268924023,14.64012268924023,411.1327360990404,57.98100856579763,0.2692726687102693,3.5214814181528693e-06,4.757619264322838,0.04476452686117218
OIII_4363,4364.436,0.0,0.0,0.0,10000000000.0,0.2692726687102693,3.5214814181528693e-06,4.757619264322838,0.04476452686117218
OIII_5007,5008.24,201.2715235809228,201.2715235809228,5652.228054718696,82.93609531040917,0.2692726687102693,3.5214814181528693e-06,4.757619264322838,0.04476452686117218
OIII_4959,4960.295,63.695198112737216,63.695198112737216,1788.726886538074,60.80421847447337,0.2692726687102693,3.5214814181528693e-06,4.757619264322838,0.04476452686117218
OII_3726,3727.092,86.08719301089059,86.08719301089059,2417.55236325075,74.38442470238806,0.2692726687102693,3.5214814181528693e-06,4.757619264322838,0.04476452686117218
OII_3729,3729.875,127.37937874726686,127.37937874726686,3577.1443736225683,77.33641495977758,0.2692726687102693,3.5214814181528693e-06,4.757619264322838,0.04476452686117218
OI_6300,6302.046,7.457418771540574,7.457418771540574,209.42372197694576,57.86141900648091,0.2692726687102693,3.5214814181528693e-06,4.757619264322838,0.04476452686117218
SII_6717,6718.29,26.60039756633728,26.60039756633728,747.0083731475927,58.35102232340066,0.2692726687102693,3.5214814181528693e-06,4.757619264322838,0.04476452686117218
SII_6731,6732.67,15.966247747778084,15.966247747778084,448.3737780833999,58.011540856671054,0.2692726687102693,3.5214814181528693e-06,4.757619264322838,0.04476452686117218
NII_6548,6549.85,6.667488392709174,6.667488392709174,187.24042168156012,57.85302196036945,0.2692726687102693,3.5214814181528693e-06,4.757619264322838,0.04476452686117218
NII_6584,6585.28,26.863304165106,26.863304165106,754.3914744770452,58.361527666195855,0.2692726687102693,3.5214814181528693e-06,4.757619264322838,0.04476452686117218
NII_5755,5756.24,4.570950108658963,4.570950108658963,128.36417184716183,57.83524152201284,0.2692726687102693,3.5214814181528693e-06,4.757619264322838,0.04476452686117218
HeI_5876,5877.594,8.536167306183415,8.536167306183415,239.7177875407883,57.87442794504837,0.2692726687102693,3.5214814181528693e-06,4.757619264322838,0.04476452686117218
HeII_4686,4687.02,0.0,0.0,0.0,10000000000.0,0.2692726687102693,3.5214814181528693e-06,4.757619264322838,0.04476452686117218
NeIII_3869,3870.16,15.033927180124238,2.060121703034801,422.19179081203305,57.98979627463398,0.2692726687102693,3.5214814181528693e-06,4.757619264322838,0.04476452686117218
