line,wl,amp,amp_err,flux,flux_err,z,zerr,FWHM,FWHMerr
HI_6563,6564.61,0.0,0.0,0.0,10000000000.0,0.2702287719942686,2.3303481867172636e-05,1.990671532167242,0.2978842314184539
HI_4861,4862.683,3.7107661897123307,3.7107661897123307,43.60244620284837,34.77361136398774,0.2702287719942686,2.3303481867172636e-05,1.990671532167242,0.2978842314184539
HI_4341,4341.684,0.0,0.0,0.0,10000000000.0,0.2702287719942686,2.3303481867172636e-05,1.990671532167242,0.2978842314184539
HI_4102,4102.892,0.6545905020504961,0.6545905020504961,7.691604830743836,33.91444562120978,0.2702287719942686,2.3303481867172636e-05,1.990671532167242,0.2978842314184539
OIII_4363,4364.436,2.1542295313568047,2.1542295313568047,25.31274471293327,33.70358127240931,0.2702287719942686,2.3303481867172636e-05,1.990671532167242,0.2978842314184539
OIII_5007,5008.24,3.979535274255113,3.979535274255113,46.760551281593294,34.843403550977584,0.2702287719942686,2.3303481867172636e-05,1.990671532167242,0.2978842314184539
OIII_4959,4960.295,26.93436165808066,26.93436165808066,316.48559762682515,63.51731755768864,0.2702287719942686,2.3303481867172636e-05,1.990671532167242,0.2978842314184539
OII_3726,3727.092,0.0,0.0,0.0,10000000000.0,0.2702287719942686,2.3303481867172636e-05,1.990671532167242,0.2978842314184539
OII_3729,3729.875,0.0,0.0,0.0,10000000000.0,0.2702287719942686,2.3303481867172636e-05,1.990671532167242,0.2978842314184539
OI_6300,6302.046,0.16381513053715935,0.16381513053715935,1.9248694343129173,33.37502009049509,0.2702287719942686,2.3303481867172636e-05,1.990671532167242,0.2978842314184539
SII_6717,6718.29,1.5325212679360902,1.5325212679360902,18.007514546499774,33.46450439230793,0.2702287719942686,2.3303481867172636e-05,1.990671532167242,0.2978842314184539
SII_6731,6732.67,2.423972288828736,2.423972288828736,28.482290696155037,33.87061024179361,0.2702287719942686,2.3303481867172636e-05,1.990671532167242,0.2978842314184539
NII_6548,6549.85,1.2905460913523257,1.2905460913523257,15.1642446987069,33.28401078444926,0.2702287719942686,2.3303481867172636e-05,1.990671532167242,0.2978842314184539
NII_6584,6585.28,8.263079123380749,8.263079123380749,97.09328061303137,36.707838009771045,0.2702287719942686,2.3303481867172636e-05,1.990671532167242,0.2978842314184539
NII_5755,5756.24,1.9188560544952225,1.9188560544952225,22.547046515378515,34.15151594874954,0.2702287719942686,2.3303481867172636e-05,1.990671532167242,0.2978842314184539
HeI_5876,5877.594,0.0,0.0,0.0,10000000000.0,0.2702287719942686,2.3303481867172636e-05,1.990671532167242,0.2978842314184539
HeII_4686,4687.02,0.0,0.0,0.0,10000000000.0,0.2702287719942686,2.3303481867172636e-05,1.990671532167242,0.2978842314184539
NeIII_3869,3870.16,3.5599482239287,2.8366559509835456,41.83029675895856,33.91408754182001,0.2702287719942686,2.3303481867172636e-05,1.990671532167242,0.2978842314184539
