line,wl,amp,amp_err,flux,flux_err,z,zerr,FWHM,FWHMerr
HI_6563,6564.61,5.791821929976095,5.791821929976095,71.0486427622415,36.346835449083954,0.2699650677380278,1.8432679022085964e-05,2.0782267323108035,0.2583098254904452
HI_4861,4862.683,0.0,0.0,0.0,10000000000.0,0.2699650677380278,1.8432679022085964e-05,2.0782267323108035,0.2583098254904452
HI_4341,4341.684,0.0,0.0,0.0,10000000000.0,0.2699650677380278,1.8432679022085964e-05,2.0782267323108035,0.2583098254904452
HI_4102,4102.892,0.0,0.0,0.0,10000000000.0,0.2699650677380278,1.8432679022085964e-05,2.0782267323108035,0.2583098254904452
OIII_4363,4364.436,0.0,0.0,0.0,10000000000.0,0.2699650677380278,1.8432679022085964e-05,2.0782267323108035,0.2583098254904452
OIII_5007,5008.24,9.03908550117751,9.03908550117751,110.88302859358943,38.23637514914917,0.2699650677380278,1.8432679022085964e-05,2.0782267323108035,0.2583098254904452
OIII_4959,4960.295,34.108132402281626,34.108132402281626,418.4065987586299,68.69630631662919,0.2699650677380278,1.8432679022085964e-05,2.0782267323108035,0.2583098254904452
OII_3726,3727.092,3.9688346306683115,3.9688346306683115,48.68594326033249,35.40765768329529,0.2699650677380278,1.8432679022085964e-05,2.0782267323108035,0.2583098254904452
OII_3729,3729.875,6.428130030696252,6.428130030696252,78.85427413029245,36.760376956001075,0.2699650677380278,1.8432679022085964e-05,2.0782267323108035,0.2583098254904452
OI_6300,6302.046,0.0,0.0,0.0,10000000000.0,0.2699650677380278,1.8432679022085964e-05,2.0782267323108035,0.2583098254904452
SII_6717,6718.29,0.8554794049027805,0.8554794049027805,10.49421949849958,34.756373894499106,0.2699650677380278,1.8432679022085964e-05,2.0782267323108035,0.2583098254904452
SII_6731,6732.67,0.3068868032978571,0.3068868032978571,3.764599657856836,34.83538099261633,0.2699650677380278,1.8432679022085964e-05,2.0782267323108035,0.2583098254904452
NII_6548,6549.85,0.0,0.0,0.0,10000000000.0,0.2699650677380278,1.8432679022085964e-05,2.0782267323108035,0.2583098254904452
NII_6584,6585.28,0.0,0.0,0.0,10000000000.0,0.2699650677380278,1.8432679022085964e-05,2.0782267323108035,0.2583098254904452
NII_5755,5756.24,5.932484474829039,5.932484474829039,72.77415901949388,36.262369145468334,0.2699650677380278,1.8432679022085964e-05,2.0782267323108035,0.2583098254904452
HeI_5876,5877.594,0.0,0.0,0.0,10000000000.0,0.2699650677380278,1.8432679022085964e-05,2.0782267323108035,0.2583098254904452
HeII_4686,4687.02,0.0,0.0,0.0,10000000000.0,0.2699650677380278,1.8432679022085964e-05,2.0782267323108035,0.2583098254904452
NeIII_3869,3870.16,1.002523115371332,2.813134189297347,12.29801391445769,34.54273049999212,0.2699650677380278,1.8432679022085964e-05,2.0782267323108035,0.2583098254904452
