line,wl,amp,amp_err,flux,flux_err,z,zerr,FWHM,FWHMerr
HI_6563,6564.61,180.822718290309,180.822718290309,4595.849388410534,72.88440116091003,0.2693562555856381,3.331536622719184e-06,4.305911862530421,0.04347177371101786
HI_4861,4862.683,60.779054553184096,60.779054553184096,1544.7803425228788,54.08468403147131,0.2693562555856381,3.331536622719184e-06,4.305911862530421,0.04347177371101786
HI_4341,4341.684,23.479226779765327,23.479226779765327,596.7557122047748,51.638092964559576,0.2693562555856381,3.331536622719184e-06,4.305911862530421,0.04347177371101786
HI_4102,4102.892,17.685880570589347,17.685880570589347,449.5101288840706,51.44769535600756,0.2693562555856381,3.331536622719184e-06,4.305911862530421,0.04347177371101786
OIII_4363,4364.436,0.0,0.0,0.0,10000000000.0,0.2693562555856381,3.331536622719184e-06,4.305911862530421,0.04347177371101786
OIII_5007,5008.24,172.11580653528358,172.11580653528358,4374.551669613755,71.12815033882599,0.2693562555856381,3.331536622719184e-06,4.305911862530421,0.04347177371101786
OIII_4959,4960.295,55.68961833518392,55.68961833518392,1415.4255659162268,53.631785630621145,0.2693562555856381,3.331536622719184e-06,4.305911862530421,0.04347177371101786
OII_3726,3727.092,71.1567230327687,71.1567230327687,1808.5425610426425,62.702091194297296,0.2693562555856381,3.331536622719184e-06,4.305911862530421,0.04347177371101786
OII_3729,3729.875,116.61868665416046,116.61868665416046,2964.0187074075598,66.2366855765284,0.2693562555856381,3.331536622719184e-06,4.305911862530421,0.04347177371101786
OI_6300,6302.046,12.913688915207558,12.913688915207558,328.21854390992917,51.330740629707726,0.2693562555856381,3.331536622719184e-06,4.305911862530421,0.04347177371101786
SII_6717,6718.29,21.230885711886344,21.230885711886344,539.6111397779831,51.55791574919405,0.2693562555856381,3.331536622719184e-06,4.305911862530421,0.04347177371101786
SII_6731,6732.67,17.022414738823727,17.022414738823727,432.64726416230553,51.429247781163056,0.2693562555856381,3.331536622719184e-06,4.305911862530421,0.04347177371101786
NII_6548,6549.85,3.2590964835006844,3.2590964835006844,82.83426287409311,51.20542273375944,0.2693562555856381,3.331536622719184e-06,4.305911862530421,0.04347177371101786
NII_6584,6585.28,15.699229966460166,15.699229966460166,399.0167669309899,51.39459366667099,0.2693562555856381,3.331536622719184e-06,4.305911862530421,0.04347177371101786
NII_5755,5756.24,2.7544257561052063,2.7544257561052063,70.00738649606274,51.20296556920535,0.2693562555856381,3.331536622719184e-06,4.305911862530421,0.04347177371101786
HeI_5876,5877.594,4.162522180661426,4.162522180661426,105.79602606971407,51.2108133572131,0.2693562555856381,3.331536622719184e-06,4.305911862530421,0.04347177371101786
HeII_4686,4687.02,2.1600499167107046e-12,2.1600499167107046e-12,5.4900535632436387e-11,51.19687497898484,0.2693562555856381,3.331536622719184e-06,4.305911862530421,0.04347177371101786
NeIII_3869,3870.16,13.150189038509211,2.0154240684831937,334.22950844642,51.335696004809684,0.2693562555856381,3.331536622719184e-06,4.305911862530421,0.04347177371101786
