line,wl,amp,amp_err,flux,flux_err,z,zerr,FWHM,FWHMerr
HI_6563,6564.61,18.157939376272566,18.157939376272566,546.3043825994465,73.80824519637368,0.2695658182214566,3.250249135273508e-05,5.097068434430568,0.38913735501242536
HI_4861,4862.683,7.7289542456766185,7.7289542456766185,232.53528331751127,60.55982071536725,0.2695658182214566,3.250249135273508e-05,5.097068434430568,0.38913735501242536
HI_4341,4341.684,5.1904025320816345,5.1904025320816345,156.1597707742505,58.74695158263471,0.2695658182214566,3.250249135273508e-05,5.097068434430568,0.38913735501242536
HI_4102,4102.892,3.5422509096993053,3.5422509096993053,106.5730618510772,57.93345532834651,0.2695658182214566,3.250249135273508e-05,5.097068434430568,0.38913735501242536
OIII_4363,4364.436,0.0,0.0,0.0,10000000000.0,0.2695658182214566,3.250249135273508e-05,5.097068434430568,0.38913735501242536
OIII_5007,5008.24,21.353072880962827,21.353072880962827,642.4339819130959,79.24746340311665,0.2695658182214566,3.250249135273508e-05,5.097068434430568,0.38913735501242536
OIII_4959,4960.295,6.9752252418225,6.9752252418225,209.8584007943829,59.95293369415704,0.2695658182214566,3.250249135273508e-05,5.097068434430568,0.38913735501242536
OII_3726,3727.092,10.849952562715998,10.849952562715998,326.4344325189948,80.56982535798844,0.2695658182214566,3.250249135273508e-05,5.097068434430568,0.38913735501242536
OII_3729,3729.875,19.643297998841035,19.643297998841035,590.993259923345,85.8795703893854,0.2695658182214566,3.250249135273508e-05,5.097068434430568,0.38913735501242536
OI_6300,6302.046,0.9732542602765761,0.9732542602765761,29.281575224744525,57.2695195451578,0.2695658182214566,3.250249135273508e-05,5.097068434430568,0.38913735501242536
SII_6717,6718.29,4.663906195362529,4.663906195362529,140.31946807183863,58.454986346878,0.2695658182214566,3.250249135273508e-05,5.097068434430568,0.38913735501242536
SII_6731,6732.67,1.081399055158272,1.081399055158272,32.53524703049964,57.28231273214846,0.2695658182214566,3.250249135273508e-05,5.097068434430568,0.38913735501242536
NII_6548,6549.85,0.0,0.0,0.0,10000000000.0,0.2695658182214566,3.250249135273508e-05,5.097068434430568,0.38913735501242536
NII_6584,6585.28,1.375792392870153,1.375792392870153,41.39243986870451,57.323937450988375,0.2695658182214566,3.250249135273508e-05,5.097068434430568,0.38913735501242536
NII_5755,5756.24,0.0,0.0,0.0,10000000000.0,0.2695658182214566,3.250249135273508e-05,5.097068434430568,0.38913735501242536
HeI_5876,5877.594,2.8767527733061797,2.8767527733061797,86.55071564815907,57.689868831680386,0.2695658182214566,3.250249135273508e-05,5.097068434430568,0.38913735501242536
HeII_4686,4687.02,0.0,0.0,0.0,10000000000.0,0.2695658182214566,3.250249135273508e-05,5.097068434430568,0.38913735501242536
NeIII_3869,3870.16,4.392220913991082,1.909069947472161,132.1454755925525,58.316065683510075,0.2695658182214566,3.250249135273508e-05,5.097068434430568,0.38913735501242536
