line,wl,amp,amp_err,flux,flux_err,z,zerr,FWHM,FWHMerr
HI_6563,6564.61,9.268750762923446,9.268750762923446,177.52213525285336,51.949291350827764,0.26955558158818904,4.133313382203118e-05,3.244768002686401,0.45222930180977156
HI_4861,4862.683,5.1479360782497,5.1479360782497,98.59717108930471,46.57839752822295,0.26955558158818904,4.133313382203118e-05,3.244768002686401,0.45222930180977156
HI_4341,4341.684,0.6339068164487571,0.6339068164487571,12.141063503128247,44.013470198041574,0.26955558158818904,4.133313382203118e-05,3.244768002686401,0.45222930180977156
HI_4102,4102.892,0.0,0.0,0.0,10000000000.0,0.26955558158818904,4.133313382203118e-05,3.244768002686401,0.45222930180977156
OIII_4363,4364.436,0.0,0.0,0.0,10000000000.0,0.26955558158818904,4.133313382203118e-05,3.244768002686401,0.45222930180977156
OIII_5007,5008.24,8.261867839746515,8.261867839746515,158.23755084186567,50.41285815719203,0.26955558158818904,4.133313382203118e-05,3.244768002686401,0.45222930180977156
OIII_4959,4960.295,3.5638453915046284,3.5638453915046284,68.25746638281552,45.240261308361944,0.26955558158818904,4.133313382203118e-05,3.244768002686401,0.45222930180977156
OII_3726,3727.092,18.810917139492176,18.810917139492176,360.280933437667,72.06787938360381,0.26955558158818904,4.133313382203118e-05,3.244768002686401,0.45222930180977156
OII_3729,3729.875,4.371045520997541,4.371045520997541,83.71757467887296,52.62261072192565,0.26955558158818904,4.133313382203118e-05,3.244768002686401,0.45222930180977156
OI_6300,6302.046,1.2463042977209398,1.2463042977209398,23.870163926648296,44.12974161651878,0.26955558158818904,4.133313382203118e-05,3.244768002686401,0.45222930180977156
SII_6717,6718.29,0.0,0.0,0.0,10000000000.0,0.26955558158818904,4.133313382203118e-05,3.244768002686401,0.45222930180977156
SII_6731,6732.67,5.25923919521756,5.25923919521756,100.72893269233228,46.68889029256676,0.26955558158818904,4.133313382203118e-05,3.244768002686401,0.45222930180977156
NII_6548,6549.85,2.4069180196115667,2.4069180196115667,46.09911703842668,44.55581998287706,0.26955558158818904,4.133313382203118e-05,3.244768002686401,0.45222930180977156
NII_6584,6585.28,1.1658147223159858,1.1658147223159858,22.328566611437264,44.11042967225752,0.26955558158818904,4.133313382203118e-05,3.244768002686401,0.45222930180977156
NII_5755,5756.24,0.41158735311842065,0.41158735311842065,7.883032744922635,43.99016258159973,0.26955558158818904,4.133313382203118e-05,3.244768002686401,0.45222930180977156
HeI_5876,5877.594,0.0,0.0,0.0,10000000000.0,0.26955558158818904,4.133313382203118e-05,3.244768002686401,0.45222930180977156
HeII_4686,4687.02,0.0,0.0,0.0,10000000000.0,0.26955558158818904,4.133313382203118e-05,3.244768002686401,0.45222930180977156
NeIII_3869,3870.16,0.0,10000000000.0,0.0,10000000000.0,0.26955558158818904,4.133313382203118e-05,3.244768002686401,0.45222930180977156
