line,wl,amp,amp_err,flux,flux_err,z,zerr,FWHM,FWHMerr
HI_6563,6564.61,23.927855459580314,23.927855459580314,866.7008438847012,75.94763236697503,0.26916184432586165,2.6819876024435645e-05,6.13645826173272,0.32557860344366885
HI_4861,4862.683,10.438532317716636,10.438532317716636,378.09843777957263,60.23490090624781,0.26916184432586165,2.6819876024435645e-05,6.13645826173272,0.32557860344366885
HI_4341,4341.684,7.347836819850954,7.347836819850954,266.1490656047117,58.09041778012946,0.26916184432586165,2.6819876024435645e-05,6.13645826173272,0.32557860344366885
HI_4102,4102.892,3.5931997613824933,3.5931997613824933,130.1507889287098,56.43478232641164,0.26916184432586165,2.6819876024435645e-05,6.13645826173272,0.32557860344366885
OIII_4363,4364.436,0.0,0.0,0.0,10000000000.0,0.26916184432586165,2.6819876024435645e-05,6.13645826173272,0.32557860344366885
OIII_5007,5008.24,22.574215963498204,22.574215963498204,817.6701024732181,74.00951200196923,0.26916184432586165,2.6819876024435645e-05,6.13645826173272,0.32557860344366885
OIII_4959,4960.295,7.9575139546554965,7.9575139546554965,288.23243568043404,58.46027402598545,0.26916184432586165,2.6819876024435645e-05,6.13645826173272,0.32557860344366885
OII_3726,3727.092,11.552165526325211,11.552165526325211,418.43581123577326,83.53902926870997,0.26916184432586165,2.6819876024435645e-05,6.13645826173272,0.32557860344366885
OII_3729,3729.875,19.735248668077134,19.735248668077134,714.8386826303943,86.57757694700031,0.26916184432586165,2.6819876024435645e-05,6.13645826173272,0.32557860344366885
OI_6300,6302.046,1.444262938799966,1.444262938799966,52.313250970769786,55.990401195880736,0.26916184432586165,2.6819876024435645e-05,6.13645826173272,0.32557860344366885
SII_6717,6718.29,3.9382568030200673,3.9382568030200673,142.64924411542,56.54106394282585,0.26916184432586165,2.6819876024435645e-05,6.13645826173272,0.32557860344366885
SII_6731,6732.67,2.1274015060583906,2.1274015060583906,77.05749826586137,56.090907228494984,0.26916184432586165,2.6819876024435645e-05,6.13645826173272,0.32557860344366885
NII_6548,6549.85,0.0,0.0,0.0,10000000000.0,0.26916184432586165,2.6819876024435645e-05,6.13645826173272,0.32557860344366885
NII_6584,6585.28,1.3322318638115576,1.3322318638115576,48.255326624069184,55.97757977992684,0.26916184432586165,2.6819876024435645e-05,6.13645826173272,0.32557860344366885
NII_5755,5756.24,0.7624858819132214,0.7624858819132214,27.618319511361285,55.92834647148297,0.26916184432586165,2.6819876024435645e-05,6.13645826173272,0.32557860344366885
HeI_5876,5877.594,0.22645697753023342,0.22645697753023342,8.202592742194483,55.906464536554566,0.26916184432586165,2.6819876024435645e-05,6.13645826173272,0.32557860344366885
HeII_4686,4687.02,0.0,0.0,0.0,10000000000.0,0.26916184432586165,2.6819876024435645e-05,6.13645826173272,0.32557860344366885
NeIII_3869,3870.16,2.248043641968252,1.5445566864377895,81.42732744582096,56.11259287458551,0.26916184432586165,2.6819876024435645e-05,6.13645826173272,0.32557860344366885
