line,wl,amp,amp_err,flux,flux_err,z,zerr,FWHM,FWHMerr
HI_6563,6564.61,255.11966330497148,255.11966330497148,7154.421472076938,84.39363706485227,0.269241354636662,2.6347377988120416e-06,4.7509770211806455,0.033377449353001264
HI_4861,4862.683,111.183955543205,111.183955543205,3117.9755750063837,67.55859270628562,0.269241354636662,2.6347377988120416e-06,4.7509770211806455,0.033377449353001264
HI_4341,4341.684,45.0481601781687,45.0481601781687,1263.3033466768884,63.740406332819816,0.269241354636662,2.6347377988120416e-06,4.7509770211806455,0.033377449353001264
HI_4102,4102.892,22.201015964142016,22.201015964142016,622.5918584954691,63.15292893731904,0.269241354636662,2.6347377988120416e-06,4.7509770211806455,0.033377449353001264
OIII_4363,4364.436,1.5829698402582153,1.5829698402582153,44.39184839020161,62.9642717002382,0.269241354636662,2.6347377988120416e-06,4.7509770211806455,0.033377449353001264
OIII_5007,5008.24,296.57299142024954,296.57299142024954,8316.913523512696,90.72976661977202,0.269241354636662,2.6347377988120416e-06,4.7509770211806455,0.033377449353001264
OIII_4959,4960.295,98.30032207840532,98.30032207840532,2756.674753639489,66.58239061485529,0.269241354636662,2.6347377988120416e-06,4.7509770211806455,0.033377449353001264
OII_3726,3727.092,150.8302800874069,150.8302800874069,4229.793111661315,82.5935326957696,0.269241354636662,2.6347377988120416e-06,4.7509770211806455,0.033377449353001264
OII_3729,3729.875,172.65872482797658,172.65872482797658,4841.936808195167,83.78138702486288,0.269241354636662,2.6347377988120416e-06,4.7509770211806455,0.033377449353001264
OI_6300,6302.046,9.315405364769958,9.315405364769958,261.2355915629345,62.996733703137,0.269241354636662,2.6347377988120416e-06,4.7509770211806455,0.033377449353001264
SII_6717,6718.29,34.66020746611321,34.66020746611321,971.9898862745539,63.42448522801527,0.269241354636662,2.6347377988120416e-06,4.7509770211806455,0.033377449353001264
SII_6731,6732.67,26.33037899300689,26.33037899300689,738.3932167169065,63.229864181016055,0.269241354636662,2.6347377988120416e-06,4.7509770211806455,0.033377449353001264
NII_6548,6549.85,7.177003935732955,7.177003935732955,201.26755577286758,62.98315025978507,0.269241354636662,2.6347377988120416e-06,4.7509770211806455,0.033377449353001264
NII_6584,6585.28,45.65400831769034,45.65400831769034,1280.293385320166,63.76131806306682,0.269241354636662,2.6347377988120416e-06,4.7509770211806455,0.033377449353001264
NII_5755,5756.24,3.9899448254998333,3.9899448254998333,111.89159848425534,62.9694406077324,0.269241354636662,2.6347377988120416e-06,4.7509770211806455,0.033377449353001264
HeI_5876,5877.594,11.7508234913646,11.7508234913646,329.532983902957,63.01648693129138,0.269241354636662,2.6347377988120416e-06,4.7509770211806455,0.033377449353001264
HeII_4686,4687.02,4.888534022029489e-12,4.888534022029489e-12,1.3709109020098363e-10,62.96330842693215,0.269241354636662,2.6347377988120416e-06,4.7509770211806455,0.033377449353001264
NeIII_3869,3870.16,24.446266989817104,2.246851478560089,685.5563197220044,63.19314897498488,0.269241354636662,2.6347377988120416e-06,4.7509770211806455,0.033377449353001264
