line,wl,amp,amp_err,flux,flux_err,z,zerr,FWHM,FWHMerr
HI_6563,6564.61,0.0,0.0,0.0,10000000000.0,0.26945088098096914,6.85551826644935e-05,3.3939458419476742,0.7444393261576093
HI_4861,4862.683,1.2506944481588107,1.2506944481588107,25.055541208983826,43.005222877480556,0.26945088098096914,6.85551826644935e-05,3.3939458419476742,0.7444393261576093
HI_4341,4341.684,0.1840492654495165,0.1840492654495165,3.687114755919992,42.57378945389003,0.26945088098096914,6.85551826644935e-05,3.3939458419476742,0.7444393261576093
HI_4102,4102.892,0.0,0.0,0.0,10000000000.0,0.26945088098096914,6.85551826644935e-05,3.3939458419476742,0.7444393261576093
OIII_4363,4364.436,2.1803232273174444,2.1803232273174444,43.67907649336597,43.89171362412,0.26945088098096914,6.85551826644935e-05,3.3939458419476742,0.7444393261576093
OIII_5007,5008.24,0.0,0.0,0.0,10000000000.0,0.26945088098096914,6.85551826644935e-05,3.3939458419476742,0.7444393261576093
OIII_4959,4960.295,0.0,0.0,0.0,10000000000.0,0.26945088098096914,6.85551826644935e-05,3.3939458419476742,0.7444393261576093
OII_3726,3727.092,13.062845904879168,13.062845904879168,261.69195390459276,74.58642987370888,0.26945088098096914,6.85551826644935e-05,3.3939458419476742,0.7444393261576093
OII_3729,3729.875,0.0,0.0,0.0,10000000000.0,0.26945088098096914,6.85551826644935e-05,3.3939458419476742,0.7444393261576093
OI_6300,6302.046,0.44983588169839095,0.44983588169839095,9.01169865091018,42.62164265869718,0.26945088098096914,6.85551826644935e-05,3.3939458419476742,0.7444393261576093
SII_6717,6718.29,0.0,0.0,0.0,10000000000.0,0.26945088098096914,6.85551826644935e-05,3.3939458419476742,0.7444393261576093
SII_6731,6732.67,0.0,0.0,0.0,10000000000.0,0.26945088098096914,6.85551826644935e-05,3.3939458419476742,0.7444393261576093
NII_6548,6549.85,0.0,0.0,0.0,10000000000.0,0.26945088098096914,6.85551826644935e-05,3.3939458419476742,0.7444393261576093
NII_6584,6585.28,0.19646138579457784,0.19646138579457784,3.9357705273231303,42.57500120316479,0.26945088098096914,6.85551826644935e-05,3.3939458419476742,0.7444393261576093
NII_5755,5756.24,0.610839594546178,0.610839594546178,12.237134861965377,42.669745971019786,0.26945088098096914,6.85551826644935e-05,3.3939458419476742,0.7444393261576093
HeI_5876,5877.594,3.1975769090200856,3.1975769090200856,64.0580280265822,45.37192703690244,0.26945088098096914,6.85551826644935e-05,3.3939458419476742,0.7444393261576093
HeII_4686,4687.02,0.0,0.0,0.0,10000000000.0,0.26945088098096914,6.85551826644935e-05,3.3939458419476742,0.7444393261576093
NeIII_3869,3870.16,1.829133035504924,2.134080454359582,36.643576866656005,43.501649594864745,0.26945088098096914,6.85551826644935e-05,3.3939458419476742,0.7444393261576093
