line,wl,amp,amp_err,flux,flux_err,z,zerr,FWHM,FWHMerr
HI_6563,6564.61,0.0,0.0,0.0,10000000000.0,0.27043910176782204,1.714635927545656e-05,0.48465011901173305,0.4468107981481839
HI_4861,4862.683,0.0,0.0,0.0,10000000000.0,0.27043910176782204,1.714635927545656e-05,0.48465011901173305,0.4468107981481839
HI_4341,4341.684,1.7052765808438153,1.7052765808438153,4.878325893295482,19.629922565333732,0.27043910176782204,1.714635927545656e-05,0.48465011901173305,0.4468107981481839
HI_4102,4102.892,0.0,0.0,0.0,10000000000.0,0.27043910176782204,1.714635927545656e-05,0.48465011901173305,0.4468107981481839
OIII_4363,4364.436,0.0,0.0,0.0,10000000000.0,0.27043910176782204,1.714635927545656e-05,0.48465011901173305,0.4468107981481839
OIII_5007,5008.24,30.65056168292631,30.65056168292631,87.68280194634568,179.1731200279121,0.27043910176782204,1.714635927545656e-05,0.48465011901173305,0.4468107981481839
OIII_4959,4960.295,0.0,0.0,0.0,10000000000.0,0.27043910176782204,1.714635927545656e-05,0.48465011901173305,0.4468107981481839
OII_3726,3727.092,0.0,0.0,0.0,10000000000.0,0.27043910176782204,1.714635927545656e-05,0.48465011901173305,0.4468107981481839
OII_3729,3729.875,4.375248834996228,4.375248834996228,12.516379994388641,14.685627145342036,0.27043910176782204,1.714635927545656e-05,0.48465011901173305,0.4468107981481839
OI_6300,6302.046,0.931049184903145,0.931049184903145,2.6634748859315156,24.09135804710717,0.27043910176782204,1.714635927545656e-05,0.48465011901173305,0.4468107981481839
SII_6717,6718.29,1.9857657873429844,1.9857657873429844,5.680728139491651,39.634749051726935,0.27043910176782204,1.714635927545656e-05,0.48465011901173305,0.4468107981481839
SII_6731,6732.67,0.0,0.0,0.0,10000000000.0,0.27043910176782204,1.714635927545656e-05,0.48465011901173305,0.4468107981481839
NII_6548,6549.85,0.9520755121608317,0.9520755121608317,2.7236254080546316,10.660362734393974,0.27043910176782204,1.714635927545656e-05,0.48465011901173305,0.4468107981481839
NII_6584,6585.28,0.0,0.0,0.0,10000000000.0,0.27043910176782204,1.714635927545656e-05,0.48465011901173305,0.4468107981481839
NII_5755,5756.24,147.77576111340863,147.77576111340863,422.7456882591267,3629.8697343684494,0.27043910176782204,1.714635927545656e-05,0.48465011901173305,0.4468107981481839
HeI_5876,5877.594,0.0,0.0,0.0,10000000000.0,0.27043910176782204,1.714635927545656e-05,0.48465011901173305,0.4468107981481839
HeII_4686,4687.02,0.0,0.0,0.0,10000000000.0,0.27043910176782204,1.714635927545656e-05,0.48465011901173305,0.4468107981481839
NeIII_3869,3870.16,25.21389517939474,192.91961022808903,72.12999879680228,555.8816206061248,0.27043910176782204,1.714635927545656e-05,0.48465011901173305,0.4468107981481839
