line,wl,amp,amp_err,flux,flux_err,z,zerr,FWHM,FWHMerr
HI_6563,6564.61,0.0,0.0,0.0,10000000000.0,0.27026738045357634,2.4038995224309908e-05,1.5031358353523983,0.22845696235773585
HI_4861,4862.683,3.8425769843125863,3.8425769843125863,34.09325478305676,30.30852728490276,0.27026738045357634,2.4038995224309908e-05,1.5031358353523983,0.22845696235773585
HI_4341,4341.684,0.0,0.0,0.0,10000000000.0,0.27026738045357634,2.4038995224309908e-05,1.5031358353523983,0.22845696235773585
HI_4102,4102.892,1.195062454943013,1.195062454943013,10.603188673740055,30.700389863918375,0.27026738045357634,2.4038995224309908e-05,1.5031358353523983,0.22845696235773585
OIII_4363,4364.436,5.929992772941887,5.929992772941887,52.61384620138208,31.04532103310691,0.27026738045357634,2.4038995224309908e-05,1.5031358353523983,0.22845696235773585
OIII_5007,5008.24,0.3407152477125237,0.3407152477125237,3.0229951920698905,30.440912056948452,0.27026738045357634,2.4038995224309908e-05,1.5031358353523983,0.22845696235773585
OIII_4959,4960.295,25.616451600273194,25.616451600273194,227.2819034235153,46.079546858512515,0.27026738045357634,2.4038995224309908e-05,1.5031358353523983,0.22845696235773585
OII_3726,3727.092,4.702128049123303,4.702128049123303,41.719619478228104,30.708422036671628,0.27026738045357634,2.4038995224309908e-05,1.5031358353523983,0.22845696235773585
OII_3729,3729.875,13.389077568871926,13.389077568871926,118.79455759227208,39.600004101394696,0.27026738045357634,2.4038995224309908e-05,1.5031358353523983,0.22845696235773585
OI_6300,6302.046,0.8157389684351983,0.8157389684351983,7.237641978513116,29.869513051505326,0.27026738045357634,2.4038995224309908e-05,1.5031358353523983,0.22845696235773585
SII_6717,6718.29,1.8428236429771232,1.8428236429771232,16.350448211384215,29.909429210152854,0.27026738045357634,2.4038995224309908e-05,1.5031358353523983,0.22845696235773585
SII_6731,6732.67,0.19555473228251685,0.19555473228251685,1.735058878184845,26.419170480925473,0.27026738045357634,2.4038995224309908e-05,1.5031358353523983,0.22845696235773585
NII_6548,6549.85,0.0,0.0,0.0,10000000000.0,0.27026738045357634,2.4038995224309908e-05,1.5031358353523983,0.22845696235773585
NII_6584,6585.28,0.0,0.0,0.0,10000000000.0,0.27026738045357634,2.4038995224309908e-05,1.5031358353523983,0.22845696235773585
NII_5755,5756.24,0.0,0.0,0.0,10000000000.0,0.27026738045357634,2.4038995224309908e-05,1.5031358353523983,0.22845696235773585
HeI_5876,5877.594,4.950452048126294,4.950452048126294,43.92287354478809,27.26194340054389,0.27026738045357634,2.4038995224309908e-05,1.5031358353523983,0.22845696235773585
HeII_4686,4687.02,0.0,0.0,0.0,10000000000.0,0.27026738045357634,2.4038995224309908e-05,1.5031358353523983,0.22845696235773585
NeIII_3869,3870.16,0.0,10000000000.0,0.0,10000000000.0,0.27026738045357634,2.4038995224309908e-05,1.5031358353523983,0.22845696235773585
