line,wl,amp,amp_err,flux,flux_err,z,zerr,FWHM,FWHMerr
HI_6563,6564.61,23.1604788898494,23.1604788898494,442.3249888293902,51.082648326212784,0.26981622692016427,1.6605008205847596e-05,3.2355363398199217,0.20723477608035526
HI_4861,4862.683,8.772942773936848,8.772942773936848,167.54799557202628,41.83335921677443,0.26981622692016427,1.6605008205847596e-05,3.2355363398199217,0.20723477608035526
HI_4341,4341.684,1.961927227217302,1.961927227217302,37.46940825318195,40.16602464240526,0.26981622692016427,1.6605008205847596e-05,3.2355363398199217,0.20723477608035526
HI_4102,4102.892,6.8428257427535755,6.8428257427535755,130.6861069073784,41.153985536359244,0.26981622692016427,1.6605008205847596e-05,3.2355363398199217,0.20723477608035526
OIII_4363,4364.436,0.0,0.0,0.0,10000000000.0,0.26981622692016427,1.6605008205847596e-05,3.2355363398199217,0.20723477608035526
OIII_5007,5008.24,30.612441688982244,30.612441688982244,584.6445573305448,57.95720524921573,0.26981622692016427,1.6605008205847596e-05,3.2355363398199217,0.20723477608035526
OIII_4959,4960.295,17.72254345315855,17.72254345315855,338.4698508277569,46.83423379138933,0.26981622692016427,1.6605008205847596e-05,3.2355363398199217,0.20723477608035526
OII_3726,3727.092,6.801534439761781,6.801534439761781,129.89751461524745,42.785111705539826,0.26981622692016427,1.6605008205847596e-05,3.2355363398199217,0.20723477608035526
OII_3729,3729.875,13.631201980829132,13.631201980829132,260.3323226854319,45.271780274753006,0.26981622692016427,1.6605008205847596e-05,3.2355363398199217,0.20723477608035526
OI_6300,6302.046,0.0,0.0,0.0,10000000000.0,0.26981622692016427,1.6605008205847596e-05,3.2355363398199217,0.20723477608035526
SII_6717,6718.29,2.69917843319854,2.69917843319854,51.54962796716327,40.24553819538083,0.26981622692016427,1.6605008205847596e-05,3.2355363398199217,0.20723477608035526
SII_6731,6732.67,3.0688073353703658,3.0688073353703658,58.608899098893986,40.29558045809545,0.26981622692016427,1.6605008205847596e-05,3.2355363398199217,0.20723477608035526
NII_6548,6549.85,0.0,0.0,0.0,10000000000.0,0.26981622692016427,1.6605008205847596e-05,3.2355363398199217,0.20723477608035526
NII_6584,6585.28,0.0,0.0,0.0,10000000000.0,0.26981622692016427,1.6605008205847596e-05,3.2355363398199217,0.20723477608035526
NII_5755,5756.24,0.3865749266764169,0.3865749266764169,7.382910817047458,40.07981278373753,0.26981622692016427,1.6605008205847596e-05,3.2355363398199217,0.20723477608035526
HeI_5876,5877.594,0.8828184398677195,0.8828184398677195,16.860301482108422,40.094068974155526,0.26981622692016427,1.6605008205847596e-05,3.2355363398199217,0.20723477608035526
HeII_4686,4687.02,0.0,0.0,0.0,10000000000.0,0.26981622692016427,1.6605008205847596e-05,3.2355363398199217,0.20723477608035526
NeIII_3869,3870.16,2.6207070781063067,2.100105115743229,50.050961146426175,40.236275199179886,0.26981622692016427,1.6605008205847596e-05,3.2355363398199217,0.20723477608035526
