line,wl,amp,amp_err,flux,flux_err,z,zerr,FWHM,FWHMerr
HI_6563,6564.61,0.0,0.0,0.0,10000000000.0,0.27013699679358305,1.0874196790868565e-05,0.41960440292765633,5.834422696588349
HI_4861,4862.683,4.985983373418662,4.985983373418662,12.349191370232358,262.9700845040057,0.27013699679358305,1.0874196790868565e-05,0.41960440292765633,5.834422696588349
HI_4341,4341.684,7.1346920437181325,7.1346920437181325,17.67107325011756,731.2836823118037,0.27013699679358305,1.0874196790868565e-05,0.41960440292765633,5.834422696588349
HI_4102,4102.892,5.840493529838341,5.840493529838341,14.465626315782211,250.49154922819488,0.27013699679358305,1.0874196790868565e-05,0.41960440292765633,5.834422696588349
OIII_4363,4364.436,0.0,0.0,0.0,10000000000.0,0.27013699679358305,1.0874196790868565e-05,0.41960440292765633,5.834422696588349
OIII_5007,5008.24,0.0,0.0,0.0,10000000000.0,0.27013699679358305,1.0874196790868565e-05,0.41960440292765633,5.834422696588349
OIII_4959,4960.295,106.51304063026873,106.51304063026873,263.8095283632379,20925.135942100438,0.27013699679358305,1.0874196790868565e-05,0.41960440292765633,5.834422696588349
OII_3726,3727.092,7.152257768789468,7.152257768789468,17.714579712978882,910.7378934686508,0.27013699679358305,1.0874196790868565e-05,0.41960440292765633,5.834422696588349
OII_3729,3729.875,0.0,0.0,0.0,10000000000.0,0.27013699679358305,1.0874196790868565e-05,0.41960440292765633,5.834422696588349
OI_6300,6302.046,0.0,0.0,0.0,10000000000.0,0.27013699679358305,1.0874196790868565e-05,0.41960440292765633,5.834422696588349
SII_6717,6718.29,60.99370474542252,60.99370474542252,151.06807942767398,12630.12436705654,0.27013699679358305,1.0874196790868565e-05,0.41960440292765633,5.834422696588349
SII_6731,6732.67,0.0,0.0,0.0,10000000000.0,0.27013699679358305,1.0874196790868565e-05,0.41960440292765633,5.834422696588349
NII_6548,6549.85,0.0,0.0,0.0,10000000000.0,0.27013699679358305,1.0874196790868565e-05,0.41960440292765633,5.834422696588349
NII_6584,6585.28,1890.6875553056484,1890.6875553056484,4682.81995609168,803619.1131411564,0.27013699679358305,1.0874196790868565e-05,0.41960440292765633,5.834422696588349
NII_5755,5756.24,3.692425830184675,3.692425830184675,9.145331980133507,144.95265940774792,0.27013699679358305,1.0874196790868565e-05,0.41960440292765633,5.834422696588349
HeI_5876,5877.594,81.66312403976758,81.66312403976758,202.26171471700033,23883.32010646525,0.27013699679358305,1.0874196790868565e-05,0.41960440292765633,5.834422696588349
HeII_4686,4687.02,0.0,0.0,0.0,10000000000.0,0.27013699679358305,1.0874196790868565e-05,0.41960440292765633,5.834422696588349
NeIII_3869,3870.16,0.0,10000000000.0,0.0,10000000000.0,0.27013699679358305,1.0874196790868565e-05,0.41960440292765633,5.834422696588349
