line,wl,amp,amp_err,flux,flux_err,z,zerr,FWHM,FWHMerr
HI_6563,6564.61,7.421078821901688,7.421078821901688,139.70022530094602,60.92669606243194,0.2696124429890776,6.101184644907138e-05,3.1892047621555477,0.6859850733482014
HI_4861,4862.683,3.2579876264433096,3.2579876264433096,61.33092187332305,52.926267580005266,0.2696124429890776,6.101184644907138e-05,3.1892047621555477,0.6859850733482014
HI_4341,4341.684,2.6307010661964796,2.6307010661964796,49.522386228059354,52.2065346308742,0.2696124429890776,6.101184644907138e-05,3.1892047621555477,0.6859850733482014
HI_4102,4102.892,0.0,0.0,0.0,10000000000.0,0.2696124429890776,6.101184644907138e-05,3.1892047621555477,0.6859850733482014
OIII_4363,4364.436,2.995507052760672,2.995507052760672,56.38978108226088,52.60745750934957,0.2696124429890776,6.101184644907138e-05,3.1892047621555477,0.6859850733482014
OIII_5007,5008.24,4.958796888462416,4.958796888462416,93.34829330950433,55.565453438442105,0.2696124429890776,6.101184644907138e-05,3.1892047621555477,0.6859850733482014
OIII_4959,4960.295,0.0,0.0,0.0,10000000000.0,0.2696124429890776,6.101184644907138e-05,3.1892047621555477,0.6859850733482014
OII_3726,3727.092,1.7768875902746686,1.7768875902746686,33.4495297318801,56.2639904582274,0.2696124429890776,6.101184644907138e-05,3.1892047621555477,0.6859850733482014
OII_3729,3729.875,11.664598203681408,11.664598203681408,219.58357217417662,73.76540539102724,0.2696124429890776,6.101184644907138e-05,3.1892047621555477,0.6859850733482014
OI_6300,6302.046,0.0,0.0,0.0,10000000000.0,0.2696124429890776,6.101184644907138e-05,3.1892047621555477,0.6859850733482014
SII_6717,6718.29,1.5139387842209544,1.5139387842209544,28.499574566344567,51.29064001140329,0.2696124429890776,6.101184644907138e-05,3.1892047621555477,0.6859850733482014
SII_6731,6732.67,1.545821887751913,1.545821887751913,29.099767187048588,51.31109824695875,0.2696124429890776,6.101184644907138e-05,3.1892047621555477,0.6859850733482014
NII_6548,6549.85,0.5716750623796543,0.5716750623796543,10.761661064382112,50.897077439358384,0.2696124429890776,6.101184644907138e-05,3.1892047621555477,0.6859850733482014
NII_6584,6585.28,1.630267691825793,1.630267691825793,30.68944142956223,51.363968593224236,0.2696124429890776,6.101184644907138e-05,3.1892047621555477,0.6859850733482014
NII_5755,5756.24,0.0,0.0,0.0,10000000000.0,0.2696124429890776,6.101184644907138e-05,3.1892047621555477,0.6859850733482014
HeI_5876,5877.594,0.0,0.0,0.0,10000000000.0,0.2696124429890776,6.101184644907138e-05,3.1892047621555477,0.6859850733482014
HeII_4686,4687.02,0.0,0.0,0.0,10000000000.0,0.2696124429890776,6.101184644907138e-05,3.1892047621555477,0.6859850733482014
NeIII_3869,3870.16,6.619606685481017,2.79216763840297,124.6126833521992,59.00167101910933,0.2696124429890776,6.101184644907138e-05,3.1892047621555477,0.6859850733482014
