line,wl,amp,amp_err,flux,flux_err,z,zerr,FWHM,FWHMerr
HI_6563,6564.61,6.536799916897962,6.536799916897962,35.03274919494131,57.560367337089914,0.26975600366817465,8.993064460047914e-06,0.9079488225116489,0.356553562062863
HI_4861,4862.683,0.6354993463022538,0.6354993463022538,3.4058391713970417,28.155572856415457,0.26975600366817465,8.993064460047914e-06,0.9079488225116489,0.356553562062863
HI_4341,4341.684,0.5922378787556681,0.5922378787556681,3.173987476128412,39.6285848754022,0.26975600366817465,8.993064460047914e-06,0.9079488225116489,0.356553562062863
HI_4102,4102.892,0.0,0.0,0.0,10000000000.0,0.26975600366817465,8.993064460047914e-06,0.9079488225116489,0.356553562062863
OIII_4363,4364.436,0.0,0.0,0.0,10000000000.0,0.26975600366817465,8.993064460047914e-06,0.9079488225116489,0.356553562062863
OIII_5007,5008.24,24.478170714600537,24.478170714600537,131.1861501495218,145.90564820115597,0.26975600366817465,8.993064460047914e-06,0.9079488225116489,0.356553562062863
OIII_4959,4960.295,0.0,0.0,0.0,10000000000.0,0.26975600366817465,8.993064460047914e-06,0.9079488225116489,0.356553562062863
OII_3726,3727.092,0.0,0.0,0.0,10000000000.0,0.26975600366817465,8.993064460047914e-06,0.9079488225116489,0.356553562062863
OII_3729,3729.875,12.172626929416083,12.172626929416083,65.23690363528665,30.390955745391423,0.26975600366817465,8.993064460047914e-06,0.9079488225116489,0.356553562062863
OI_6300,6302.046,4.157224007864215,4.157224007864215,22.279859849803806,22.894353806429727,0.26975600366817465,8.993064460047914e-06,0.9079488225116489,0.356553562062863
SII_6717,6718.29,0.0,0.0,0.0,10000000000.0,0.26975600366817465,8.993064460047914e-06,0.9079488225116489,0.356553562062863
SII_6731,6732.67,1.9191171028285225,1.9191171028285225,10.285147012885616,21.139716909237475,0.26975600366817465,8.993064460047914e-06,0.9079488225116489,0.356553562062863
NII_6548,6549.85,0.0,0.0,0.0,10000000000.0,0.26975600366817465,8.993064460047914e-06,0.9079488225116489,0.356553562062863
NII_6584,6585.28,12.526367348417693,12.526367348417693,67.13270885137742,85.52985829119443,0.26975600366817465,8.993064460047914e-06,0.9079488225116489,0.356553562062863
NII_5755,5756.24,1.2524234235515905,1.2524234235515905,6.712127683414532,30.79523084093161,0.26975600366817465,8.993064460047914e-06,0.9079488225116489,0.356553562062863
HeI_5876,5877.594,0.0,0.0,0.0,10000000000.0,0.26975600366817465,8.993064460047914e-06,0.9079488225116489,0.356553562062863
HeII_4686,4687.02,0.0,0.0,0.0,10000000000.0,0.26975600366817465,8.993064460047914e-06,0.9079488225116489,0.356553562062863
NeIII_3869,3870.16,0.0,10000000000.0,0.0,10000000000.0,0.26975600366817465,8.993064460047914e-06,0.9079488225116489,0.356553562062863
