line,wl,amp,amp_err,flux,flux_err,z,zerr,FWHM,FWHMerr
HI_6563,6564.61,38.37025935243241,38.37025935243241,743.0209069437261,67.27579003982005,0.26986637725124635,1.436015686926285e-05,3.28064049314529,0.18470725882487127
HI_4861,4862.683,10.122499762560437,10.122499762560437,196.01715185275424,49.90631420111701,0.26986637725124635,1.436015686926285e-05,3.28064049314529,0.18470725882487127
HI_4341,4341.684,3.233189294287172,3.233189294287172,62.60909575034471,48.51730416917133,0.26986637725124635,1.436015686926285e-05,3.28064049314529,0.18470725882487127
HI_4102,4102.892,1.1497994321866827,1.1497994321866827,22.265291695313287,48.37735883860893,0.26986637725124635,1.436015686926285e-05,3.28064049314529,0.18470725882487127
OIII_4363,4364.436,1.3181000889003371,1.3181000889003371,25.52434984871294,48.38356039143457,0.26986637725124635,1.436015686926285e-05,3.28064049314529,0.18470725882487127
OIII_5007,5008.24,38.895594102802306,38.895594102802306,753.193751987166,67.72219946816989,0.26986637725124635,1.436015686926285e-05,3.28064049314529,0.18470725882487127
OIII_4959,4960.295,15.849335836803107,15.849335836803107,306.91447195471204,52.07417789498178,0.26986637725124635,1.436015686926285e-05,3.28064049314529,0.18470725882487127
OII_3726,3727.092,14.257851115341737,14.257851115341737,276.09616524831375,53.87838392550775,0.26986637725124635,1.436015686926285e-05,3.28064049314529,0.18470725882487127
OII_3729,3729.875,20.570213029918136,20.570213029918136,398.3319007862405,56.338064489502905,0.26986637725124635,1.436015686926285e-05,3.28064049314529,0.18470725882487127
OI_6300,6302.046,0.0,0.0,0.0,10000000000.0,0.26986637725124635,1.436015686926285e-05,3.28064049314529,0.18470725882487127
SII_6717,6718.29,5.001913947483104,5.001913947483104,96.85956520587779,48.739869093841605,0.26986637725124635,1.436015686926285e-05,3.28064049314529,0.18470725882487127
SII_6731,6732.67,4.67656955970449,4.67656955970449,90.55943364158611,48.69184547394659,0.26986637725124635,1.436015686926285e-05,3.28064049314529,0.18470725882487127
NII_6548,6549.85,0.0,0.0,0.0,10000000000.0,0.26986637725124635,1.436015686926285e-05,3.28064049314529,0.18470725882487127
NII_6584,6585.28,2.4635794881561424,2.4635794881561424,47.70598626411673,48.45001511819732,0.26986637725124635,1.436015686926285e-05,3.28064049314529,0.18470725882487127
NII_5755,5756.24,1.683099424120428,1.683099424120428,32.59237966310867,48.40043089210845,0.26986637725124635,1.436015686926285e-05,3.28064049314529,0.18470725882487127
HeI_5876,5877.594,2.341615580612256,2.341615580612256,45.34421611382156,48.44109350470643,0.26986637725124635,1.436015686926285e-05,3.28064049314529,0.18470725882487127
HeII_4686,4687.02,0.0,0.0,0.0,10000000000.0,0.26986637725124635,1.436015686926285e-05,3.28064049314529,0.18470725882487127
NeIII_3869,3870.16,4.3691565450073995,2.5002257534861902,84.60653416054424,48.64939661865918,0.26986637725124635,1.436015686926285e-05,3.28064049314529,0.18470725882487127
