line,wl,amp,amp_err,flux,flux_err,z,zerr,FWHM,FWHMerr
HI_6563,6564.61,0.0,0.0,0.0,10000000000.0,0.27017116364269306,1.0760420392292607e-05,1.4543277650193613,0.39923139834714905
HI_4861,4862.683,2.0974425956874256,2.0974425956874256,18.005286540360558,30.624690282210224,0.27017116364269306,1.0760420392292607e-05,1.4543277650193613,0.39923139834714905
HI_4341,4341.684,1.0029972232460977,1.0029972232460977,8.610129517186216,27.764044637990505,0.27017116364269306,1.0760420392292607e-05,1.4543277650193613,0.39923139834714905
HI_4102,4102.892,0.0,0.0,0.0,10000000000.0,0.27017116364269306,1.0760420392292607e-05,1.4543277650193613,0.39923139834714905
OIII_4363,4364.436,0.0,0.0,0.0,10000000000.0,0.27017116364269306,1.0760420392292607e-05,1.4543277650193613,0.39923139834714905
OIII_5007,5008.24,4.673096490473881,4.673096490473881,40.11573023010861,30.89666901301154,0.27017116364269306,1.0760420392292607e-05,1.4543277650193613,0.39923139834714905
OIII_4959,4960.295,43.59167220383438,43.59167220383438,374.20835755758463,150.28898893735553,0.27017116364269306,1.0760420392292607e-05,1.4543277650193613,0.39923139834714905
OII_3726,3727.092,11.86882126442913,11.86882126442913,101.88671108413887,48.452495637076815,0.27017116364269306,1.0760420392292607e-05,1.4543277650193613,0.39923139834714905
OII_3729,3729.875,5.533887892084977,5.533887892084977,47.505108070223805,31.89451014719231,0.27017116364269306,1.0760420392292607e-05,1.4543277650193613,0.39923139834714905
OI_6300,6302.046,0.7580074322880819,0.7580074322880819,6.5070391180821625,27.75526696254705,0.27017116364269306,1.0760420392292607e-05,1.4543277650193613,0.39923139834714905
SII_6717,6718.29,1.1071648872057267,1.1071648872057267,9.504346427670198,28.254936946652993,0.27017116364269306,1.0760420392292607e-05,1.4543277650193613,0.39923139834714905
SII_6731,6732.67,0.0,0.0,0.0,10000000000.0,0.27017116364269306,1.0760420392292607e-05,1.4543277650193613,0.39923139834714905
NII_6548,6549.85,2.085558312238504,2.085558312238504,17.90326709569749,31.173740388446245,0.27017116364269306,1.0760420392292607e-05,1.4543277650193613,0.39923139834714905
NII_6584,6585.28,3.4883695050277765,3.4883695050277765,29.945559714398527,32.135752968391714,0.27017116364269306,1.0760420392292607e-05,1.4543277650193613,0.39923139834714905
NII_5755,5756.24,1.790703040538915,1.790703040538915,15.372111456061507,30.051412720715604,0.27017116364269306,1.0760420392292607e-05,1.4543277650193613,0.39923139834714905
HeI_5876,5877.594,0.0,0.0,0.0,10000000000.0,0.27017116364269306,1.0760420392292607e-05,1.4543277650193613,0.39923139834714905
HeII_4686,4687.02,0.0,0.0,0.0,10000000000.0,0.27017116364269306,1.0760420392292607e-05,1.4543277650193613,0.39923139834714905
NeIII_3869,3870.16,9.45126951906525,3.65772718902393,81.13347951016144,38.49638172955859,0.27017116364269306,1.0760420392292607e-05,1.4543277650193613,0.39923139834714905
