line,wl,amp,amp_err,flux,flux_err,z,zerr,FWHM,FWHMerr
HI_6563,6564.61,1254.1367248254264,1254.1367248254264,2842.660803829752,79637.5885631565,0.2705276693306361,4.881885232650132e-05,0.384001125783176,0.7739795917538187
HI_4861,4862.683,30.459000894631117,30.459000894631117,69.03920940440975,1036.0045457340004,0.2705276693306361,4.881885232650132e-05,0.384001125783176,0.7739795917538187
HI_4341,4341.684,0.0,0.0,0.0,10000000000.0,0.2705276693306361,4.881885232650132e-05,0.384001125783176,0.7739795917538187
HI_4102,4102.892,0.0,0.0,0.0,10000000000.0,0.2705276693306361,4.881885232650132e-05,0.384001125783176,0.7739795917538187
OIII_4363,4364.436,0.0,0.0,0.0,10000000000.0,0.2705276693306361,4.881885232650132e-05,0.384001125783176,0.7739795917538187
OIII_5007,5008.24,664.8635298683369,664.8635298683369,1506.9979682763012,29515.78930722596,0.2705276693306361,4.881885232650132e-05,0.384001125783176,0.7739795917538187
OIII_4959,4960.295,0.0,0.0,0.0,10000000000.0,0.2705276693306361,4.881885232650132e-05,0.384001125783176,0.7739795917538187
OII_3726,3727.092,1617.6077351172362,1617.6077351172362,3666.51419543564,76695.07782010864,0.2705276693306361,4.881885232650132e-05,0.384001125783176,0.7739795917538187
OII_3729,3729.875,15.284404139699177,15.284404139699177,34.64405092185143,269.767665994074,0.2705276693306361,4.881885232650132e-05,0.384001125783176,0.7739795917538187
OI_6300,6302.046,0.0,0.0,0.0,10000000000.0,0.2705276693306361,4.881885232650132e-05,0.384001125783176,0.7739795917538187
SII_6717,6718.29,19.312045026982105,19.312045026982105,43.77321256391639,431.20795627927083,0.2705276693306361,4.881885232650132e-05,0.384001125783176,0.7739795917538187
SII_6731,6732.67,0.0,0.0,0.0,10000000000.0,0.2705276693306361,4.881885232650132e-05,0.384001125783176,0.7739795917538187
NII_6548,6549.85,699.4552761617506,699.4552761617506,1585.404572100137,44907.75709251057,0.2705276693306361,4.881885232650132e-05,0.384001125783176,0.7739795917538187
NII_6584,6585.28,0.0,0.0,0.0,10000000000.0,0.2705276693306361,4.881885232650132e-05,0.384001125783176,0.7739795917538187
NII_5755,5756.24,0.0,0.0,0.0,10000000000.0,0.2705276693306361,4.881885232650132e-05,0.384001125783176,0.7739795917538187
HeI_5876,5877.594,0.0,0.0,0.0,10000000000.0,0.2705276693306361,4.881885232650132e-05,0.384001125783176,0.7739795917538187
HeII_4686,4687.02,0.0,0.0,0.0,10000000000.0,0.2705276693306361,4.881885232650132e-05,0.384001125783176,0.7739795917538187
NeIII_3869,3870.16,0.0,10000000000.0,0.0,10000000000.0,0.2705276693306361,4.881885232650132e-05,0.384001125783176,0.7739795917538187
