line,wl,amp,amp_err,flux,flux_err,z,zerr,FWHM,FWHMerr
HI_6563,6564.61,599.8439776946409,599.8439776946409,16768.219376649304,109.07061232543913,0.26919292134502015,1.4695185270867517e-06,4.735883233127371,0.019085675281431756
HI_4861,4862.683,222.18324790791416,222.18324790791416,6210.9774896047065,83.4948954334269,0.26919292134502015,1.4695185270867517e-06,4.735883233127371,0.019085675281431756
HI_4341,4341.684,94.18595906374162,94.18595906374162,2632.9026922145927,79.55492865399366,0.26919292134502015,1.4695185270867517e-06,4.735883233127371,0.019085675281431756
HI_4102,4102.892,48.35591462613138,48.35591462613138,1351.7558144465802,78.90085949974103,0.26919292134502015,1.4695185270867517e-06,4.735883233127371,0.019085675281431756
OIII_4363,4364.436,6.390684195435938,6.390684195435938,178.64711248381803,78.66953847165384,0.26919292134502015,1.4695185270867517e-06,4.735883233127371,0.019085675281431756
OIII_5007,5008.24,646.6313214433728,646.6313214433728,18076.126887940212,113.23246201662847,0.26919292134502015,1.4695185270867517e-06,4.735883233127371,0.019085675281431756
OIII_4959,4960.295,212.03278967496885,212.03278967496885,5927.228520284907,83.0751163468324,0.26919292134502015,1.4695185270867517e-06,4.735883233127371,0.019085675281431756
OII_3726,3727.092,243.96934950791683,243.96934950791683,6819.992741195318,97.70943273089554,0.26919292134502015,1.4695185270867517e-06,4.735883233127371,0.019085675281431756
OII_3729,3729.875,327.0607222372837,327.0607222372837,9142.754022533438,99.9953200368423,0.26919292134502015,1.4695185270867517e-06,4.735883233127371,0.019085675281431756
OI_6300,6302.046,12.526989568133786,12.526989568133786,350.18324267380785,78.68123722355375,0.26919292134502015,1.4695185270867517e-06,4.735883233127371,0.019085675281431756
SII_6717,6718.29,64.25313742053049,64.25313742053049,1796.1515726909925,79.0806024828955,0.26919292134502015,1.4695185270867517e-06,4.735883233127371,0.019085675281431756
SII_6731,6732.67,56.305903112415535,56.305903112415535,1573.9921891321835,78.98444528571173,0.26919292134502015,1.4695185270867517e-06,4.735883233127371,0.019085675281431756
NII_6548,6549.85,31.53218671673949,31.53218671673949,881.46025292083,78.76561053480759,0.26919292134502015,1.4695185270867517e-06,4.735883233127371,0.019085675281431756
NII_6584,6585.28,95.87403456787206,95.87403456787206,2680.09166373081,79.58685378766206,0.26919292134502015,1.4695185270867517e-06,4.735883233127371,0.019085675281431756
NII_5755,5756.24,6.001135111743679,6.001135111743679,167.75753996793,78.6690463486318,0.26919292134502015,1.4695185270867517e-06,4.735883233127371,0.019085675281431756
HeI_5876,5877.594,28.11871209613423,28.11871209613423,786.038954377642,78.74510374232655,0.26919292134502015,1.4695185270867517e-06,4.735883233127371,0.019085675281431756
HeII_4686,4687.02,0.0,0.0,0.0,10000000000.0,0.26919292134502015,1.4695185270867517e-06,4.735883233127371,0.019085675281431756
NeIII_3869,3870.16,54.27563637265007,2.8161965817674135,1517.237500660788,78.96190468552241,0.26919292134502015,1.4695185270867517e-06,4.735883233127371,0.019085675281431756
