line,wl,amp,amp_err,flux,flux_err,z,zerr,FWHM,FWHMerr
HI_6563,6564.61,8.424223266683839,8.424223266683839,127.15729463754613,41.91336803474288,0.26916450877466763,3.273716852499209e-05,2.5571944477267294,0.3168997188069715
HI_4861,4862.683,0.6501658740850189,0.6501658740850189,9.813763358013478,38.030802193020556,0.26916450877466763,3.273716852499209e-05,2.5571944477267294,0.3168997188069715
HI_4341,4341.684,4.803670337128324,4.803670337128324,72.50777965673674,39.31961566757943,0.26916450877466763,3.273716852499209e-05,2.5571944477267294,0.3168997188069715
HI_4102,4102.892,1.618133546111494,1.618133546111494,24.424505093487646,38.120494761979366,0.26916450877466763,3.273716852499209e-05,2.5571944477267294,0.3168997188069715
OIII_4363,4364.436,0.0,0.0,0.0,10000000000.0,0.26916450877466763,3.273716852499209e-05,2.5571944477267294,0.3168997188069715
OIII_5007,5008.24,11.24705615987807,11.24705615987807,169.76582750157982,44.65134379766339,0.26916450877466763,3.273716852499209e-05,2.5571944477267294,0.3168997188069715
OIII_4959,4960.295,0.0,0.0,0.0,10000000000.0,0.26916450877466763,3.273716852499209e-05,2.5571944477267294,0.3168997188069715
OII_3726,3727.092,7.549313143718223,7.549313143718223,113.95118639878571,43.232900252299636,0.26916450877466763,3.273716852499209e-05,2.5571944477267294,0.3168997188069715
OII_3729,3729.875,20.017138692015465,20.017138692015465,302.14360682099914,57.30160472880844,0.26916450877466763,3.273716852499209e-05,2.5571944477267294,0.3168997188069715
OI_6300,6302.046,2.64938775543294,2.64938775543294,39.990509363518846,38.38493516084023,0.26916450877466763,3.273716852499209e-05,2.5571944477267294,0.3168997188069715
SII_6717,6718.29,1.072186154198107,1.072186154198107,16.183841097237963,38.07745657981119,0.26916450877466763,3.273716852499209e-05,2.5571944477267294,0.3168997188069715
SII_6731,6732.67,0.12077028767987485,0.12077028767987485,1.8229363785625547,37.97018673078645,0.26916450877466763,3.273716852499209e-05,2.5571944477267294,0.3168997188069715
NII_6548,6549.85,0.0,0.0,0.0,10000000000.0,0.26916450877466763,3.273716852499209e-05,2.5571944477267294,0.3168997188069715
NII_6584,6585.28,2.8419851929907054,2.8419851929907054,42.89762238019576,38.471350162393406,0.26916450877466763,3.273716852499209e-05,2.5571944477267294,0.3168997188069715
NII_5755,5756.24,0.0,0.0,0.0,10000000000.0,0.26916450877466763,3.273716852499209e-05,2.5571944477267294,0.3168997188069715
HeI_5876,5877.594,0.702302167240191,0.702302167240191,10.600721369473137,38.00712418117452,0.26916450877466763,3.273716852499209e-05,2.5571944477267294,0.3168997188069715
HeII_4686,4687.02,0.0,0.0,0.0,10000000000.0,0.26916450877466763,3.273716852499209e-05,2.5571944477267294,0.3168997188069715
NeIII_3869,3870.16,5.833245241990426,2.5443030018471395,88.048436092889,39.92431767995964,0.26916450877466763,3.273716852499209e-05,2.5571944477267294,0.3168997188069715
