line,wl,amp,amp_err,flux,flux_err,z,zerr,FWHM,FWHMerr
HI_6563,6564.61,26.07359109303343,26.07359109303343,63.6389030747891,1264.6258604756124,0.2709131666747249,6.180542369846994e-05,0.4134987268821344,1.01868048580923
HI_4861,4862.683,0.8622550517234231,0.8622550517234231,2.1045419277529294,20.680165125670445,0.2709131666747249,6.180542369846994e-05,0.4134987268821344,1.01868048580923
HI_4341,4341.684,0.0,0.0,0.0,10000000000.0,0.2709131666747249,6.180542369846994e-05,0.4134987268821344,1.01868048580923
HI_4102,4102.892,100.7094657237351,100.7094657237351,245.80580039927818,2640.101587208133,0.2709131666747249,6.180542369846994e-05,0.4134987268821344,1.01868048580923
OIII_4363,4364.436,68.39045018057277,68.39045018057277,166.92342894974473,2875.167471071132,0.2709131666747249,6.180542369846994e-05,0.4134987268821344,1.01868048580923
OIII_5007,5008.24,0.0,0.0,0.0,10000000000.0,0.2709131666747249,6.180542369846994e-05,0.4134987268821344,1.01868048580923
OIII_4959,4960.295,381.50731541890445,381.50731541890445,931.1608432316657,25074.029863725067,0.2709131666747249,6.180542369846994e-05,0.4134987268821344,1.01868048580923
OII_3726,3727.092,0.0,0.0,0.0,10000000000.0,0.2709131666747249,6.180542369846994e-05,0.4134987268821344,1.01868048580923
OII_3729,3729.875,0.0,0.0,0.0,10000000000.0,0.2709131666747249,6.180542369846994e-05,0.4134987268821344,1.01868048580923
OI_6300,6302.046,0.0,0.0,0.0,10000000000.0,0.2709131666747249,6.180542369846994e-05,0.4134987268821344,1.01868048580923
SII_6717,6718.29,0.0,0.0,0.0,10000000000.0,0.2709131666747249,6.180542369846994e-05,0.4134987268821344,1.01868048580923
SII_6731,6732.67,0.0,0.0,0.0,10000000000.0,0.2709131666747249,6.180542369846994e-05,0.4134987268821344,1.01868048580923
NII_6548,6549.85,0.0,0.0,0.0,10000000000.0,0.2709131666747249,6.180542369846994e-05,0.4134987268821344,1.01868048580923
NII_6584,6585.28,0.0,0.0,0.0,10000000000.0,0.2709131666747249,6.180542369846994e-05,0.4134987268821344,1.01868048580923
NII_5755,5756.24,0.0,0.0,0.0,10000000000.0,0.2709131666747249,6.180542369846994e-05,0.4134987268821344,1.01868048580923
HeI_5876,5877.594,4.11529831671055,4.11529831671055,10.04438052919225,29.939757181338607,0.2709131666747249,6.180542369846994e-05,0.4134987268821344,1.01868048580923
HeII_4686,4687.02,0.0,0.0,0.0,10000000000.0,0.2709131666747249,6.180542369846994e-05,0.4134987268821344,1.01868048580923
NeIII_3869,3870.16,1.9299098079486612,3.4453238764184757,4.710411495405599,14.330939067086005,0.2709131666747249,6.180542369846994e-05,0.4134987268821344,1.01868048580923
