line,wl,amp,amp_err,flux,flux_err,z,zerr,FWHM,FWHMerr
HI_6563,6564.61,5.53319477986031,5.53319477986031,20.706184347018475,59.709825131770984,0.27016076629003904,1.4893820498152002e-05,0.6339813166575003,0.2984976942501233
HI_4861,4862.683,0.0,0.0,0.0,10000000000.0,0.27016076629003904,1.4893820498152002e-05,0.6339813166575003,0.2984976942501233
HI_4341,4341.684,0.0,0.0,0.0,10000000000.0,0.27016076629003904,1.4893820498152002e-05,0.6339813166575003,0.2984976942501233
HI_4102,4102.892,0.0,0.0,0.0,10000000000.0,0.27016076629003904,1.4893820498152002e-05,0.6339813166575003,0.2984976942501233
OIII_4363,4364.436,0.01457531132564327,0.01457531132564327,0.054543368746468555,12.236127402635573,0.27016076629003904,1.4893820498152002e-05,0.6339813166575003,0.2984976942501233
OIII_5007,5008.24,1.3249117283403393,1.3249117283403393,4.95805182756182,15.78386167247709,0.27016076629003904,1.4893820498152002e-05,0.6339813166575003,0.2984976942501233
OIII_4959,4960.295,139.19250996319875,139.19250996319875,520.8827604465718,1277.1579932735833,0.27016076629003904,1.4893820498152002e-05,0.6339813166575003,0.2984976942501233
OII_3726,3727.092,4.801538265851605,4.801538265851605,17.968197476774296,50.41995554293888,0.27016076629003904,1.4893820498152002e-05,0.6339813166575003,0.2984976942501233
OII_3729,3729.875,0.0,0.0,0.0,10000000000.0,0.27016076629003904,1.4893820498152002e-05,0.6339813166575003,0.2984976942501233
OI_6300,6302.046,0.40459669903202666,0.40459669903202666,1.5140717378765034,16.793037357342335,0.27016076629003904,1.4893820498152002e-05,0.6339813166575003,0.2984976942501233
SII_6717,6718.29,0.7578548970973316,0.7578548970973316,2.8360258100265594,20.14067758406294,0.27016076629003904,1.4893820498152002e-05,0.6339813166575003,0.2984976942501233
SII_6731,6732.67,0.0,0.0,0.0,10000000000.0,0.27016076629003904,1.4893820498152002e-05,0.6339813166575003,0.2984976942501233
NII_6548,6549.85,0.0,0.0,0.0,10000000000.0,0.27016076629003904,1.4893820498152002e-05,0.6339813166575003,0.2984976942501233
NII_6584,6585.28,0.0,0.0,0.0,10000000000.0,0.27016076629003904,1.4893820498152002e-05,0.6339813166575003,0.2984976942501233
NII_5755,5756.24,0.0,0.0,0.0,10000000000.0,0.27016076629003904,1.4893820498152002e-05,0.6339813166575003,0.2984976942501233
HeI_5876,5877.594,0.0,0.0,0.0,10000000000.0,0.27016076629003904,1.4893820498152002e-05,0.6339813166575003,0.2984976942501233
HeII_4686,4687.02,0.0,0.0,0.0,10000000000.0,0.27016076629003904,1.4893820498152002e-05,0.6339813166575003,0.2984976942501233
NeIII_3869,3870.16,7.036945905888047,8.771520963162713,26.333484535491692,35.08814202074896,0.27016076629003904,1.4893820498152002e-05,0.6339813166575003,0.2984976942501233
