line,wl,amp,amp_err,flux,flux_err,z,zerr,FWHM,FWHMerr
HI_6563,6564.61,1656.1707287668046,1656.1707287668046,46143.321400957444,208.93528010563014,0.26924548239783086,1.0447101213648835e-06,4.720153139845665,0.014171063675538331
HI_4861,4862.683,498.66261282196615,498.66261282196615,13893.464492769137,147.78125393462554,0.26924548239783086,1.0447101213648835e-06,4.720153139845665,0.014171063675538331
HI_4341,4341.684,218.7346876618808,218.7346876618808,6094.266019201794,141.71424207760137,0.26924548239783086,1.0447101213648835e-06,4.720153139845665,0.014171063675538331
HI_4102,4102.892,106.85104584830538,106.85104584830538,2977.0252939309275,140.5857216438959,0.26924548239783086,1.0447101213648835e-06,4.720153139845665,0.014171063675538331
OIII_4363,4364.436,13.488378267855865,13.488378267855865,375.80580478849834,140.2357618843737,0.26924548239783086,1.0447101213648835e-06,4.720153139845665,0.014171063675538331
OIII_5007,5008.24,1388.8577084945582,1388.8577084945582,38695.5924954554,191.1410942838376,0.26924548239783086,1.0447101213648835e-06,4.720153139845665,0.014171063675538331
OIII_4959,4960.295,465.8789433420254,465.8789433420254,12980.063856445813,146.84255301100313,0.26924548239783086,1.0447101213648835e-06,4.720153139845665,0.014171063675538331
OII_3726,3727.092,527.4481658393508,527.4481658393508,14695.471798848335,169.5678983951659,0.26924548239783086,1.0447101213648835e-06,4.720153139845665,0.014171063675538331
OII_3729,3729.875,609.348209262849,609.348209262849,16977.32593429536,171.0444462912217,0.26924548239783086,1.0447101213648835e-06,4.720153139845665,0.014171063675538331
OI_6300,6302.046,35.47777109844242,35.47777109844242,988.4622194741931,140.26930922424182,0.26924548239783086,1.0447101213648835e-06,4.720153139845665,0.014171063675538331
SII_6717,6718.29,189.72115638335936,189.72115638335936,5285.90690772395,141.3480132554044,0.26924548239783086,1.0447101213648835e-06,4.720153139845665,0.014171063675538331
SII_6731,6732.67,140.34528641040743,140.34528641040743,3910.2234724115215,140.84294125636384,0.26924548239783086,1.0447101213648835e-06,4.720153139845665,0.014171063675538331
NII_6548,6549.85,84.18612177041382,84.18612177041382,2345.5475977678125,140.45090289913196,0.26924548239783086,1.0447101213648835e-06,4.720153139845665,0.014171063675538331
NII_6584,6585.28,267.8085064931961,267.8085064931961,7461.533871104868,142.44902190745486,0.26924548239783086,1.0447101213648835e-06,4.720153139845665,0.014171063675538331
NII_5755,5756.24,0.0,0.0,0.0,10000000000.0,0.26924548239783086,1.0447101213648835e-06,4.720153139845665,0.014171063675538331
HeI_5876,5877.594,58.04049895972889,58.04049895972889,1617.0925806452924,140.33503259586894,0.26924548239783086,1.0447101213648835e-06,4.720153139845665,0.014171063675538331
HeII_4686,4687.02,0.0,0.0,0.0,10000000000.0,0.26924548239783086,1.0447101213648835e-06,4.720153139845665,0.014171063675538331
NeIII_3869,3870.16,126.67971951313348,5.036710161034437,3529.4809351148224,140.7295580427839,0.26924548239783086,1.0447101213648835e-06,4.720153139845665,0.014171063675538331
