line,wl,amp,amp_err,flux,flux_err,z,zerr,FWHM,FWHMerr
HI_6563,6564.61,35.533282181526374,35.533282181526374,76.98769240840589,541.7032697137487,0.2701761397179699,3.7622494356551842e-06,0.36706106429420127,0.4670861791961726
HI_4861,4862.683,0.0,0.0,0.0,10000000000.0,0.2701761397179699,3.7622494356551842e-06,0.36706106429420127,0.4670861791961726
HI_4341,4341.684,1.2641452817429126,1.2641452817429126,2.7389428202317645,9.993025492434027,0.2701761397179699,3.7622494356551842e-06,0.36706106429420127,0.4670861791961726
HI_4102,4102.892,13.995973538797898,13.995973538797898,30.32418171382317,175.87011607010638,0.2701761397179699,3.7622494356551842e-06,0.36706106429420127,0.4670861791961726
OIII_4363,4364.436,0.0,0.0,0.0,10000000000.0,0.2701761397179699,3.7622494356551842e-06,0.36706106429420127,0.4670861791961726
OIII_5007,5008.24,0.0,0.0,0.0,10000000000.0,0.2701761397179699,3.7622494356551842e-06,0.36706106429420127,0.4670861791961726
OIII_4959,4960.295,49941.7464735974,49941.7464735974,108205.59148478706,1904757.222967926,0.2701761397179699,3.7622494356551842e-06,0.36706106429420127,0.4670861791961726
OII_3726,3727.092,0.0,0.0,0.0,10000000000.0,0.2701761397179699,3.7622494356551842e-06,0.36706106429420127,0.4670861791961726
OII_3729,3729.875,5.13224279632459,5.13224279632459,11.119702586160637,54.09411225572514,0.2701761397179699,3.7622494356551842e-06,0.36706106429420127,0.4670861791961726
OI_6300,6302.046,0.0,0.0,0.0,10000000000.0,0.2701761397179699,3.7622494356551842e-06,0.36706106429420127,0.4670861791961726
SII_6717,6718.29,5.451996859549581,5.451996859549581,11.812493287006783,24.63730956709558,0.2701761397179699,3.7622494356551842e-06,0.36706106429420127,0.4670861791961726
SII_6731,6732.67,8173.184694860249,8173.184694860249,17708.317122816436,343938.9986605482,0.2701761397179699,3.7622494356551842e-06,0.36706106429420127,0.4670861791961726
NII_6548,6549.85,0.0,0.0,0.0,10000000000.0,0.2701761397179699,3.7622494356551842e-06,0.36706106429420127,0.4670861791961726
NII_6584,6585.28,0.0,0.0,0.0,10000000000.0,0.2701761397179699,3.7622494356551842e-06,0.36706106429420127,0.4670861791961726
NII_5755,5756.24,0.0,0.0,0.0,10000000000.0,0.2701761397179699,3.7622494356551842e-06,0.36706106429420127,0.4670861791961726
HeI_5876,5877.594,176.4574201981593,176.4574201981593,382.3190191099075,5002.634937105961,0.2701761397179699,3.7622494356551842e-06,0.36706106429420127,0.4670861791961726
HeII_4686,4687.02,0.0,0.0,0.0,10000000000.0,0.2701761397179699,3.7622494356551842e-06,0.36706106429420127,0.4670861791961726
NeIII_3869,3870.16,0.0,10000000000.0,0.0,10000000000.0,0.2701761397179699,3.7622494356551842e-06,0.36706106429420127,0.4670861791961726
