line,wl,amp,amp_err,flux,flux_err,z,zerr,FWHM,FWHMerr
HI_6563,6564.61,122.38216149357936,122.38216149357936,3405.677170660725,98.47048719342442,0.2692286577607626,6.0921642167191366e-06,4.714522367928114,0.0757041607786502
HI_4861,4862.683,63.36671995712504,63.36671995712504,1763.382742254917,83.42845629666601,0.2692286577607626,6.0921642167191366e-06,4.714522367928114,0.0757041607786502
HI_4341,4341.684,35.01289082914673,35.01289082914673,974.3462733489731,79.14583041818264,0.2692286577607626,6.0921642167191366e-06,4.714522367928114,0.0757041607786502
HI_4102,4102.892,15.049569868178992,15.049569868178992,418.802674366964,77.55391041187984,0.2692286577607626,6.0921642167191366e-06,4.714522367928114,0.0757041607786502
OIII_4363,4364.436,3.217996014196274,3.217996014196274,89.55108675213609,77.20532337115539,0.2692286577607626,6.0921642167191366e-06,4.714522367928114,0.0757041607786502
OIII_5007,5008.24,163.21474879707512,163.21474879707512,4541.975211987787,112.28173962527653,0.2692286577607626,6.0921642167191366e-06,4.714522367928114,0.0757041607786502
OIII_4959,4960.295,62.98166407550207,62.98166407550207,1752.667324178723,83.35564565665175,0.2692286577607626,6.0921642167191366e-06,4.714522367928114,0.0757041607786502
OII_3726,3727.092,60.117923539293315,60.117923539293315,1672.974535231099,98.5545596104432,0.2692286577607626,6.0921642167191366e-06,4.714522367928114,0.0757041607786502
OII_3729,3729.875,109.26193270334124,109.26193270334124,3040.5646156981798,104.49742541066237,0.2692286577607626,6.0921642167191366e-06,4.714522367928114,0.0757041607786502
OI_6300,6302.046,6.621591551662505,6.621591551662505,184.26707704553843,77.25944038940743,0.2692286577607626,6.0921642167191366e-06,4.714522367928114,0.0757041607786502
SII_6717,6718.29,22.29212695915237,22.29212695915237,620.3501142953644,77.98790505678377,0.2692286577607626,6.0921642167191366e-06,4.714522367928114,0.0757041607786502
SII_6731,6732.67,14.472940204838892,14.472940204838892,402.75609979762874,77.52651163562673,0.2692286577607626,6.0921642167191366e-06,4.714522367928114,0.0757041607786502
NII_6548,6549.85,2.857080457776874,2.857080457776874,79.50745084937955,77.20177837260609,0.2692286577607626,6.0921642167191366e-06,4.714522367928114,0.0757041607786502
NII_6584,6585.28,24.79504494440721,24.79504494440721,690.0018555163736,78.17627508031684,0.2692286577607626,6.0921642167191366e-06,4.714522367928114,0.0757041607786502
NII_5755,5756.24,2.7421888272153865,2.7421888272153865,76.31022178815095,77.20074014358352,0.2692286577607626,6.0921642167191366e-06,4.714522367928114,0.0757041607786502
HeI_5876,5877.594,7.216867602019647,7.216867602019647,200.8325472921868,77.27274642853077,0.2692286577607626,6.0921642167191366e-06,4.714522367928114,0.0757041607786502
HeII_4686,4687.02,0.0,0.0,0.0,10000000000.0,0.2692286577607626,6.0921642167191366e-06,4.714522367928114,0.0757041607786502
NeIII_3869,3870.16,15.134588804422378,2.776412906762857,421.16859965137036,77.55804179147695,0.2692286577607626,6.0921642167191366e-06,4.714522367928114,0.0757041607786502
