line,wl,amp,amp_err,flux,flux_err,z,zerr,FWHM,FWHMerr
HI_6563,6564.61,0.0,0.0,0.0,10000000000.0,0.2701454462610523,1.1780403722816258e-05,0.9163693056360278,0.1920794142919402
HI_4861,4862.683,0.0,0.0,0.0,10000000000.0,0.2701454462610523,1.1780403722816258e-05,0.9163693056360278,0.1920794142919402
HI_4341,4341.684,5.120016340820598,5.120016340820598,27.69424558222498,22.438957360096108,0.2701454462610523,1.1780403722816258e-05,0.9163693056360278,0.1920794142919402
HI_4102,4102.892,8.263709064434693,8.263709064434693,44.69852692185617,22.099609662534043,0.2701454462610523,1.1780403722816258e-05,0.9163693056360278,0.1920794142919402
OIII_4363,4364.436,0.0,0.0,0.0,10000000000.0,0.2701454462610523,1.1780403722816258e-05,0.9163693056360278,0.1920794142919402
OIII_5007,5008.24,1.1943388493933753,1.1943388493933753,6.460196843471583,18.100642256109992,0.2701454462610523,1.1780403722816258e-05,0.9163693056360278,0.1920794142919402
OIII_4959,4960.295,68.60774300315552,68.60774300315552,371.10031630622535,190.04989287961402,0.2701454462610523,1.1780403722816258e-05,0.9163693056360278,0.1920794142919402
OII_3726,3727.092,0.370159334421146,0.370159334421146,2.002197420793615,26.90710252831209,0.2701454462610523,1.1780403722816258e-05,0.9163693056360278,0.1920794142919402
OII_3729,3729.875,0.0,0.0,0.0,10000000000.0,0.2701454462610523,1.1780403722816258e-05,0.9163693056360278,0.1920794142919402
OI_6300,6302.046,0.0813491461231024,0.0813491461231024,0.4400187578847501,23.944171127108966,0.2701454462610523,1.1780403722816258e-05,0.9163693056360278,0.1920794142919402
SII_6717,6718.29,5.0973254294463,5.0973254294463,27.571510100489473,28.149804219156927,0.2701454462610523,1.1780403722816258e-05,0.9163693056360278,0.1920794142919402
SII_6731,6732.67,6.01971731550293,6.01971731550293,32.560741719115484,31.746760065367425,0.2701454462610523,1.1780403722816258e-05,0.9163693056360278,0.1920794142919402
NII_6548,6549.85,2.1573230424296526,2.1573230424296526,11.668992862562623,42.89049843202963,0.2701454462610523,1.1780403722816258e-05,0.9163693056360278,0.1920794142919402
NII_6584,6585.28,0.0,0.0,0.0,10000000000.0,0.2701454462610523,1.1780403722816258e-05,0.9163693056360278,0.1920794142919402
NII_5755,5756.24,0.0,0.0,0.0,10000000000.0,0.2701454462610523,1.1780403722816258e-05,0.9163693056360278,0.1920794142919402
HeI_5876,5877.594,4.540015223660589,4.540015223660589,24.55701079480246,45.173925368887055,0.2701454462610523,1.1780403722816258e-05,0.9163693056360278,0.1920794142919402
HeII_4686,4687.02,0.0,0.0,0.0,10000000000.0,0.2701454462610523,1.1780403722816258e-05,0.9163693056360278,0.1920794142919402
NeIII_3869,3870.16,0.0,10000000000.0,0.0,10000000000.0,0.2701454462610523,1.1780403722816258e-05,0.9163693056360278,0.1920794142919402
