line,wl,amp,amp_err,flux,flux_err,z,zerr,FWHM,FWHMerr
HI_6563,6564.61,489.4966036454848,489.4966036454848,14504.927461469959,117.27994139416676,0.26922840341564275,1.9819043741934784e-06,5.020167643802056,0.026102218059548835
HI_4861,4862.683,184.94973537237934,184.94973537237934,5480.49256239037,87.5202623683528,0.26922840341564275,1.9819043741934784e-06,5.020167643802056,0.026102218059548835
HI_4341,4341.684,74.30599446968199,74.30599446968199,2201.8601389841674,82.51444011949707,0.26922840341564275,1.9819043741934784e-06,5.020167643802056,0.026102218059548835
HI_4102,4102.892,33.139267793868385,33.139267793868385,981.9938931066011,81.7152521396196,0.26922840341564275,1.9819043741934784e-06,5.020167643802056,0.026102218059548835
OIII_4363,4364.436,7.533246989283384,7.533246989283384,223.22770028457654,81.52592134273571,0.26922840341564275,1.9819043741934784e-06,5.020167643802056,0.026102218059548835
OIII_5007,5008.24,441.8698170498501,441.8698170498501,13093.634554332823,111.52741314398439,0.26922840341564275,1.9819043741934784e-06,5.020167643802056,0.026102218059548835
OIII_4959,4960.295,147.09731786050247,147.09731786050247,4358.83703677064,85.36301103475331,0.26922840341564275,1.9819043741934784e-06,5.020167643802056,0.026102218059548835
OII_3726,3727.092,216.49730577746755,216.49730577746755,6415.320744860931,105.36905595495398,0.26922840341564275,1.9819043741934784e-06,5.020167643802056,0.026102218059548835
OII_3729,3729.875,240.9528901819683,240.9528901819683,7139.996820595356,106.26476498064159,0.26922840341564275,1.9819043741934784e-06,5.020167643802056,0.026102218059548835
OI_6300,6302.046,16.533826708038305,16.533826708038305,489.9358959276865,81.56533742072547,0.26922840341564275,1.9819043741934784e-06,5.020167643802056,0.026102218059548835
SII_6717,6718.29,60.8391470296383,60.8391470296383,1802.8060009211647,82.18650882042614,0.26922840341564275,1.9819043741934784e-06,5.020167643802056,0.026102218059548835
SII_6731,6732.67,50.41608547145165,50.41608547145165,1493.9463465293056,81.97691311004598,0.26922840341564275,1.9819043741934784e-06,5.020167643802056,0.026102218059548835
NII_6548,6549.85,20.719232087903606,20.719232087903606,613.9592312882735,81.59369304453858,0.26922840341564275,1.9819043741934784e-06,5.020167643802056,0.026102218059548835
NII_6584,6585.28,81.82453957372832,81.82453957372832,2424.6521880766372,82.72517628056717,0.26922840341564275,1.9819043741934784e-06,5.020167643802056,0.026102218059548835
NII_5755,5756.24,0.0,0.0,0.0,10000000000.0,0.26922840341564275,1.9819043741934784e-06,5.020167643802056,0.026102218059548835
HeI_5876,5877.594,16.709871148652383,16.709871148652383,495.15250381032587,81.56639072443693,0.26922840341564275,1.9819043741934784e-06,5.020167643802056,0.026102218059548835
HeII_4686,4687.02,2.1600499167107046e-12,2.1600499167107046e-12,6.400732328213366e-11,81.51559031226492,0.26922840341564275,1.9819043741934784e-06,5.020167643802056,0.026102218059548835
NeIII_3869,3870.16,50.94116160167914,2.7540864094522943,1509.5055784503816,81.98655397766484,0.26922840341564275,1.9819043741934784e-06,5.020167643802056,0.026102218059548835
