line,wl,amp,amp_err,flux,flux_err,z,zerr,FWHM,FWHMerr
HI_6563,6564.61,0.0,0.0,0.0,10000000000.0,0.27027089769865115,8.741419801127623e-06,0.43867955143196136,0.5322492484938149
HI_4861,4862.683,0.0,0.0,0.0,10000000000.0,0.27027089769865115,8.741419801127623e-06,0.43867955143196136,0.5322492484938149
HI_4341,4341.684,7.197940766306601,7.197940766306601,18.638172089072423,63.3449915293289,0.27027089769865115,8.741419801127623e-06,0.43867955143196136,0.5322492484938149
HI_4102,4102.892,532.8707389177666,532.8707389177666,1379.8024817973985,14477.93119300934,0.27027089769865115,8.741419801127623e-06,0.43867955143196136,0.5322492484938149
OIII_4363,4364.436,0.0,0.0,0.0,10000000000.0,0.27027089769865115,8.741419801127623e-06,0.43867955143196136,0.5322492484938149
OIII_5007,5008.24,78.24431908111569,78.24431908111569,202.6039295644863,1872.599928436254,0.27027089769865115,8.741419801127623e-06,0.43867955143196136,0.5322492484938149
OIII_4959,4960.295,0.0,0.0,0.0,10000000000.0,0.27027089769865115,8.741419801127623e-06,0.43867955143196136,0.5322492484938149
OII_3726,3727.092,127.00464104181037,127.00464104181037,328.8627168104293,2004.0274708893544,0.27027089769865115,8.741419801127623e-06,0.43867955143196136,0.5322492484938149
OII_3729,3729.875,0.0,0.0,0.0,10000000000.0,0.27027089769865115,8.741419801127623e-06,0.43867955143196136,0.5322492484938149
OI_6300,6302.046,22.155803825497173,22.155803825497173,57.36969751186694,506.6375958897877,0.27027089769865115,8.741419801127623e-06,0.43867955143196136,0.5322492484938149
SII_6717,6718.29,0.0,0.0,0.0,10000000000.0,0.27027089769865115,8.741419801127623e-06,0.43867955143196136,0.5322492484938149
SII_6731,6732.67,3.6303647098077363,3.6303647098077363,9.400377747511168,13.838401825657678,0.27027089769865115,8.741419801127623e-06,0.43867955143196136,0.5322492484938149
NII_6548,6549.85,0.0,0.0,0.0,10000000000.0,0.27027089769865115,8.741419801127623e-06,0.43867955143196136,0.5322492484938149
NII_6584,6585.28,42.54786627381873,42.54786627381873,110.17240616182296,299.29763667587076,0.27027089769865115,8.741419801127623e-06,0.43867955143196136,0.5322492484938149
NII_5755,5756.24,0.0,0.0,0.0,10000000000.0,0.27027089769865115,8.741419801127623e-06,0.43867955143196136,0.5322492484938149
HeI_5876,5877.594,0.0,0.0,0.0,10000000000.0,0.27027089769865115,8.741419801127623e-06,0.43867955143196136,0.5322492484938149
HeII_4686,4687.02,0.0,0.0,0.0,10000000000.0,0.27027089769865115,8.741419801127623e-06,0.43867955143196136,0.5322492484938149
NeIII_3869,3870.16,0.0,10000000000.0,0.0,10000000000.0,0.27027089769865115,8.741419801127623e-06,0.43867955143196136,0.5322492484938149
