line,wl,amp,amp_err,flux,flux_err,z,zerr,FWHM,FWHMerr
HI_6563,6564.61,14.736625764644486,14.736625764644486,486.03366538879146,76.78505875042836,0.2691662746505819,4.407846214293776e-05,5.587539920128491,0.5457264862364467
HI_4861,4862.683,0.4759607968446744,0.4759607968446744,15.69782488653486,55.50604677626119,0.2691662746505819,4.407846214293776e-05,5.587539920128491,0.5457264862364467
HI_4341,4341.684,0.10852870435451223,0.10852870435451223,3.5794221024376136,55.480966218898885,0.2691662746505819,4.407846214293776e-05,5.587539920128491,0.5457264862364467
HI_4102,4102.892,1.6037152756246087,1.6037152756246087,52.89267883302516,55.779425023743784,0.2691662746505819,4.407846214293776e-05,5.587539920128491,0.5457264862364467
OIII_4363,4364.436,0.48074358712642606,0.48074358712642606,15.85556771915824,55.50659114136537,0.2691662746505819,4.407846214293776e-05,5.587539920128491,0.5457264862364467
OIII_5007,5008.24,15.092004221878824,15.092004221878824,497.754523129796,77.67449648107593,0.2691662746505819,4.407846214293776e-05,5.587539920128491,0.5457264862364467
OIII_4959,4960.295,1.3416297534997739,1.3416297534997739,44.248747108214765,55.68978230399334,0.2691662746505819,4.407846214293776e-05,5.587539920128491,0.5457264862364467
OII_3726,3727.092,2.4760282751300338,2.4760282751300338,81.66273049119326,76.3306694835525,0.2691662746505819,4.407846214293776e-05,5.587539920128491,0.5457264862364467
OII_3729,3729.875,14.159116750613293,14.159116750613293,466.9866442207528,84.09658229406712,0.2691662746505819,4.407846214293776e-05,5.587539920128491,0.5457264862364467
OI_6300,6302.046,2.018852557364994,2.018852557364994,66.58446268546572,55.954194739243846,0.2691662746505819,4.407846214293776e-05,5.587539920128491,0.5457264862364467
SII_6717,6718.29,0.29266697405842024,0.29266697405842024,9.652548989954754,55.489576664586394,0.2691662746505819,4.407846214293776e-05,5.587539920128491,0.5457264862364467
SII_6731,6732.67,0.4005901514628931,0.4005901514628931,13.212000002149619,55.498305937273294,0.2691662746505819,4.407846214293776e-05,5.587539920128491,0.5457264862364467
NII_6548,6549.85,0.0,0.0,0.0,10000000000.0,0.2691662746505819,4.407846214293776e-05,5.587539920128491,0.5457264862364467
NII_6584,6585.28,0.14157033636899996,0.14157033636899996,4.669179403390322,55.4819268566015,0.2691662746505819,4.407846214293776e-05,5.587539920128491,0.5457264862364467
NII_5755,5756.24,0.0,0.0,0.0,10000000000.0,0.2691662746505819,4.407846214293776e-05,5.587539920128491,0.5457264862364467
HeI_5876,5877.594,0.5257004913065657,0.5257004913065657,17.338306663077745,55.511874061653806,0.2691662746505819,4.407846214293776e-05,5.587539920128491,0.5457264862364467
HeII_4686,4687.02,0.0,0.0,0.0,10000000000.0,0.2691662746505819,4.407846214293776e-05,5.587539920128491,0.5457264862364467
NeIII_3869,3870.16,2.9580753320398117,1.6883561085831118,97.56128839050834,56.4936346373797,0.2691662746505819,4.407846214293776e-05,5.587539920128491,0.5457264862364467
