line,wl,amp,amp_err,flux,flux_err,z,zerr,FWHM,FWHMerr
HI_6563,6564.61,3.1121945168232514,3.1121945168232514,7.195527136417498,30.12157774953871,0.27063149063235276,3.633966354963085e-05,0.3916951769151056,1.1982259801420911
HI_4861,4862.683,1.1358177439965402,1.1358177439965402,2.626059314343224,12.160106766498126,0.27063149063235276,3.633966354963085e-05,0.3916951769151056,1.1982259801420911
HI_4341,4341.684,2395.245102754632,2395.245102754632,5537.9093569108345,239104.99951219992,0.27063149063235276,3.633966354963085e-05,0.3916951769151056,1.1982259801420911
HI_4102,4102.892,6.2315946495466505,6.2315946495466505,14.407713965686407,149.51430649410335,0.27063149063235276,3.633966354963085e-05,0.3916951769151056,1.1982259801420911
OIII_4363,4364.436,0.0,0.0,0.0,10000000000.0,0.27063149063235276,3.633966354963085e-05,0.3916951769151056,1.1982259801420911
OIII_5007,5008.24,0.0,0.0,0.0,10000000000.0,0.27063149063235276,3.633966354963085e-05,0.3916951769151056,1.1982259801420911
OIII_4959,4960.295,0.0,0.0,0.0,10000000000.0,0.27063149063235276,3.633966354963085e-05,0.3916951769151056,1.1982259801420911
OII_3726,3727.092,64.55414657980782,64.55414657980782,149.2519541989991,1540.8948460655881,0.27063149063235276,3.633966354963085e-05,0.3916951769151056,1.1982259801420911
OII_3729,3729.875,0.0,0.0,0.0,10000000000.0,0.27063149063235276,3.633966354963085e-05,0.3916951769151056,1.1982259801420911
OI_6300,6302.046,0.0,0.0,0.0,10000000000.0,0.27063149063235276,3.633966354963085e-05,0.3916951769151056,1.1982259801420911
SII_6717,6718.29,0.0,0.0,0.0,10000000000.0,0.27063149063235276,3.633966354963085e-05,0.3916951769151056,1.1982259801420911
SII_6731,6732.67,8.106095864056783,8.106095864056783,18.74164112973238,58.14743038785293,0.27063149063235276,3.633966354963085e-05,0.3916951769151056,1.1982259801420911
NII_6548,6549.85,0.0,0.0,0.0,10000000000.0,0.27063149063235276,3.633966354963085e-05,0.3916951769151056,1.1982259801420911
NII_6584,6585.28,2.151011196686568,2.151011196686568,4.973230096264928,23.565237228901584,0.27063149063235276,3.633966354963085e-05,0.3916951769151056,1.1982259801420911
NII_5755,5756.24,0.0,0.0,0.0,10000000000.0,0.27063149063235276,3.633966354963085e-05,0.3916951769151056,1.1982259801420911
HeI_5876,5877.594,7.349763852753995,7.349763852753995,16.99296909716755,172.79191213134783,0.27063149063235276,3.633966354963085e-05,0.3916951769151056,1.1982259801420911
HeII_4686,4687.02,0.0,0.0,0.0,10000000000.0,0.27063149063235276,3.633966354963085e-05,0.3916951769151056,1.1982259801420911
NeIII_3869,3870.16,28.217064492242343,176.48777414915557,65.23906271489115,454.23708246337645,0.27063149063235276,3.633966354963085e-05,0.3916951769151056,1.1982259801420911
