line,wl,amp,amp_err,flux,flux_err,z,zerr,FWHM,FWHMerr
HI_6563,6564.61,141.8505198779801,141.8505198779801,4193.621601535754,93.26554380355311,0.2691995834977814,5.554287715388807e-06,5.008534281157903,0.07235005988478965
HI_4861,4862.683,49.37756996673329,49.37756996673329,1459.7820594662483,68.31641419299244,0.2691995834977814,5.554287715388807e-06,5.008534281157903,0.07235005988478965
HI_4341,4341.684,22.073143776687743,22.073143776687743,652.5630828519197,64.97981660099425,0.2691995834977814,5.554287715388807e-06,5.008534281157903,0.07235005988478965
HI_4102,4102.892,14.03615207298526,14.03615207298526,414.96013258425296,64.46872599971357,0.2691995834977814,5.554287715388807e-06,5.008534281157903,0.07235005988478965
OIII_4363,4364.436,2.507175312417189,2.507175312417189,74.1212972503319,64.13063001148757,0.2691995834977814,5.554287715388807e-06,5.008534281157903,0.07235005988478965
OIII_5007,5008.24,117.3413341637222,117.3413341637222,3469.040184874209,85.1484013580498,0.2691995834977814,5.554287715388807e-06,5.008534281157903,0.07235005988478965
OIII_4959,4960.295,39.79324090661112,39.79324090661112,1176.4341421140293,66.87524760946263,0.2691995834977814,5.554287715388807e-06,5.008534281157903,0.07235005988478965
OII_3726,3727.092,72.96771280141752,72.96771280141752,2157.1931980362283,86.80910213447255,0.2691995834977814,5.554287715388807e-06,5.008534281157903,0.07235005988478965
OII_3729,3729.875,87.41579553635393,87.41579553635393,2584.3315117352154,88.47232283559447,0.2691995834977814,5.554287715388807e-06,5.008534281157903,0.07235005988478965
OI_6300,6302.046,1.54248269234904,1.54248269234904,45.60144541024063,64.12368651466844,0.2691995834977814,5.554287715388807e-06,5.008534281157903,0.07235005988478965
SII_6717,6718.29,14.789989778545191,14.789989778545191,437.2463398453024,64.5071474975397,0.2691995834977814,5.554287715388807e-06,5.008534281157903,0.07235005988478965
SII_6731,6732.67,10.565346646526677,10.565346646526677,312.3503950687003,64.31758741961339,0.2691995834977814,5.554287715388807e-06,5.008534281157903,0.07235005988478965
NII_6548,6549.85,4.841928845638904,4.841928845638904,143.1451743542212,64.16111088536037,0.2691995834977814,5.554287715388807e-06,5.008534281157903,0.07235005988478965
NII_6584,6585.28,16.942401390790224,16.942401390790224,500.8795210297752,64.62772548585401,0.2691995834977814,5.554287715388807e-06,5.008534281157903,0.07235005988478965
NII_5755,5756.24,0.0,0.0,0.0,10000000000.0,0.2691995834977814,5.554287715388807e-06,5.008534281157903,0.07235005988478965
HeI_5876,5877.594,8.277843213400956,8.277843213400956,244.72340421244502,64.24115091180107,0.2691995834977814,5.554287715388807e-06,5.008534281157903,0.07235005988478965
HeII_4686,4687.02,0.0,0.0,0.0,10000000000.0,0.2691995834977814,5.554287715388807e-06,5.008534281157903,0.07235005988478965
NeIII_3869,3870.16,8.34179174902522,2.169696526174508,246.61395745547273,64.24303511159987,0.2691995834977814,5.554287715388807e-06,5.008534281157903,0.07235005988478965
