line,wl,amp,amp_err,flux,flux_err,z,zerr,FWHM,FWHMerr
HI_6563,6564.61,15.13926182216369,15.13926182216369,497.2944915990875,73.85613632892846,0.2692219971654702,4.001291110923446e-05,5.564950307744898,0.4577379877283499
HI_4861,4862.683,6.267939968516771,6.267939968516771,205.8893000617693,61.00900111814319,0.2692219971654702,4.001291110923446e-05,5.564950307744898,0.4577379877283499
HI_4341,4341.684,1.933488581298434,1.933488581298434,63.51123537884802,58.29029047802807,0.2692219971654702,4.001291110923446e-05,5.564950307744898,0.4577379877283499
HI_4102,4102.892,4.058314541669006,4.058314541669006,133.30752122893372,59.27814588065149,0.2692219971654702,4.001291110923446e-05,5.564950307744898,0.4577379877283499
OIII_4363,4364.436,2.750908127138473,2.750908127138473,90.36183366076497,58.58921786762267,0.2692219971654702,4.001291110923446e-05,5.564950307744898,0.4577379877283499
OIII_5007,5008.24,16.29385210973612,16.29385210973612,535.2204748344786,76.06493307527955,0.2692219971654702,4.001291110923446e-05,5.564950307744898,0.4577379877283499
OIII_4959,4960.295,7.542956305368534,7.542956305368534,247.7710383171296,62.311842603555526,0.2692219971654702,4.001291110923446e-05,5.564950307744898,0.4577379877283499
OII_3726,3727.092,17.692051145202413,17.692051145202413,581.1485185306784,94.54781344035173,0.2692219971654702,4.001291110923446e-05,5.564950307744898,0.4577379877283499
OII_3729,3729.875,13.281496337204203,13.281496337204203,436.2706085851386,91.90662197873958,0.2692219971654702,4.001291110923446e-05,5.564950307744898,0.4577379877283499
OI_6300,6302.046,0.0,0.0,0.0,10000000000.0,0.2692219971654702,4.001291110923446e-05,5.564950307744898,0.4577379877283499
SII_6717,6718.29,3.4308267763325375,3.4308267763325375,112.69580231468557,58.91555817649678,0.2692219971654702,4.001291110923446e-05,5.564950307744898,0.4577379877283499
SII_6731,6732.67,2.928156081501811,2.928156081501811,96.18407469123926,58.66743981071152,0.2692219971654702,4.001291110923446e-05,5.564950307744898,0.4577379877283499
NII_6548,6549.85,2.8979602211063593,2.8979602211063593,95.19220103054535,58.65371977483711,0.2692219971654702,4.001291110923446e-05,5.564950307744898,0.4577379877283499
NII_6584,6585.28,2.782520502821626,2.782520502821626,91.4002370174318,58.60278980778531,0.2692219971654702,4.001291110923446e-05,5.564950307744898,0.4577379877283499
NII_5755,5756.24,0.0,0.0,0.0,10000000000.0,0.2692219971654702,4.001291110923446e-05,5.564950307744898,0.4577379877283499
HeI_5876,5877.594,0.3069337715120355,0.3069337715120355,10.082160917199431,58.00442976609955,0.2692219971654702,4.001291110923446e-05,5.564950307744898,0.4577379877283499
HeII_4686,4687.02,0.0,0.0,0.0,10000000000.0,0.2692219971654702,4.001291110923446e-05,5.564950307744898,0.4577379877283499
NeIII_3869,3870.16,0.0,10000000000.0,0.0,10000000000.0,0.2692219971654702,4.001291110923446e-05,5.564950307744898,0.4577379877283499
