line,wl,amp,amp_err,flux,flux_err,z,zerr,FWHM,FWHMerr
HI_6563,6564.61,243.20452439728638,243.20452439728638,4889.530436842868,82.51211587499371,0.26938917101274623,2.8233384793154288e-06,3.406025113049014,0.03787171561639518
HI_4861,4862.683,69.008269202051,69.008269202051,1387.383863410723,58.40203856357487,0.26938917101274623,2.8233384793154288e-06,3.406025113049014,0.03787171561639518
HI_4341,4341.684,25.909855488161384,25.909855488161384,520.90736115014,56.171664938278134,0.26938917101274623,2.8233384793154288e-06,3.406025113049014,0.03787171561639518
HI_4102,4102.892,14.202466458506365,14.202466458506365,285.53495128925994,55.91005372428047,0.26938917101274623,2.8233384793154288e-06,3.406025113049014,0.03787171561639518
OIII_4363,4364.436,3.334155870398945,3.334155870398945,67.03188047136454,55.80345095372949,0.26938917101274623,2.8233384793154288e-06,3.406025113049014,0.03787171561639518
OIII_5007,5008.24,199.71918911168632,199.71918911168632,4015.2750299494955,74.86575899838265,0.26938917101274623,2.8233384793154288e-06,3.406025113049014,0.03787171561639518
OIII_4959,4960.295,62.024107376140364,62.024107376140364,1246.9700618654788,57.910688733816336,0.26938917101274623,2.8233384793154288e-06,3.406025113049014,0.03787171561639518
OII_3726,3727.092,76.33877561560803,76.33877561560803,1534.760785428868,62.289725902642374,0.26938917101274623,2.8233384793154288e-06,3.406025113049014,0.03787171561639518
OII_3729,3729.875,118.7739298515221,118.7739298515221,2387.9027191277733,65.55956472253226,0.26938917101274623,2.8233384793154288e-06,3.406025113049014,0.03787171561639518
OI_6300,6302.046,8.360974649606419,8.360974649606419,168.09407691832544,55.83623639494492,0.26938917101274623,2.8233384793154288e-06,3.406025113049014,0.03787171561639518
SII_6717,6718.29,32.20355559206973,32.20355559206973,647.4397038139278,56.374778949057934,0.26938917101274623,2.8233384793154288e-06,3.406025113049014,0.03787171561639518
SII_6731,6732.67,22.319268097278723,22.319268097278723,448.7200267353166,56.0753211541082,0.26938917101274623,2.8233384793154288e-06,3.406025113049014,0.03787171561639518
NII_6548,6549.85,4.759006415614863,4.759006415614863,95.67793516977427,55.80998295097771,0.26938917101274623,2.8233384793154288e-06,3.406025113049014,0.03787171561639518
NII_6584,6585.28,16.755593965465323,16.755593965465323,336.8645664983258,55.954234231238736,0.26938917101274623,2.8233384793154288e-06,3.406025113049014,0.03787171561639518
NII_5755,5756.24,0.0,0.0,0.0,10000000000.0,0.26938917101274623,2.8233384793154288e-06,3.406025113049014,0.03787171561639518
HeI_5876,5877.594,7.981684289071268,7.981684289071268,160.4685947574417,55.832795883796734,0.26938917101274623,2.8233384793154288e-06,3.406025113049014,0.03787171561639518
HeII_4686,4687.02,0.0,0.0,0.0,10000000000.0,0.26938917101274623,2.8233384793154288e-06,3.406025113049014,0.03787171561639518
NeIII_3869,3870.16,5.950606750203178,2.7755433798959195,119.63458695888352,55.81705109971823,0.26938917101274623,2.8233384793154288e-06,3.406025113049014,0.03787171561639518
