line,wl,amp,amp_err,flux,flux_err,z,zerr,FWHM,FWHMerr
HI_6563,6564.61,636.4270956880146,636.4270956880146,17372.342297972074,107.75191325928859,0.26923334662191734,1.357550694907762e-06,4.624470979674174,0.017679314076498316
HI_4861,4862.683,244.94319075921794,244.94319075921794,6686.1341735088245,83.14817864052932,0.26923334662191734,1.357550694907762e-06,4.624470979674174,0.017679314076498316
HI_4341,4341.684,104.93816810551243,104.93816810551243,2864.4628564726736,79.03678519464394,0.26923334662191734,1.357550694907762e-06,4.624470979674174,0.017679314076498316
HI_4102,4102.892,47.39225324528957,47.39225324528957,1293.6508379790112,78.27826035288633,0.26923334662191734,1.357550694907762e-06,4.624470979674174,0.017679314076498316
OIII_4363,4364.436,3.1911147736162775,3.1911147736162775,87.10681637375431,78.08359534321973,0.26923334662191734,1.357550694907762e-06,4.624470979674174,0.017679314076498316
OIII_5007,5008.24,701.4051620881216,701.4051620881216,19146.027326486925,113.10968270079735,0.26923334662191734,1.357550694907762e-06,4.624470979674174,0.017679314076498316
OIII_4959,4960.295,230.93837904955194,230.93837904955194,6303.849408313609,82.60083292958187,0.26923334662191734,1.357550694907762e-06,4.624470979674174,0.017679314076498316
OII_3726,3727.092,252.52937508733748,252.52937508733748,6893.211766176578,95.249486171811,0.26923334662191734,1.357550694907762e-06,4.624470979674174,0.017679314076498316
OII_3729,3729.875,323.11066242289826,323.11066242289826,8819.846084125173,97.02317175885797,0.26923334662191734,1.357550694907762e-06,4.624470979674174,0.017679314076498316
OI_6300,6302.046,18.122811773201192,18.122811773201192,494.69246620528276,78.11133241238623,0.26923334662191734,1.357550694907762e-06,4.624470979674174,0.017679314076498316
SII_6717,6718.29,76.7775005180888,76.7775005180888,2095.7703228223595,78.59485959955688,0.26923334662191734,1.357550694907762e-06,4.624470979674174,0.017679314076498316
SII_6731,6732.67,55.43852374493645,55.43852374493645,1513.2872524073243,78.350162119748,0.26923334662191734,1.357550694907762e-06,4.624470979674174,0.017679314076498316
NII_6548,6549.85,31.681459795411456,31.681459795411456,864.798447134521,78.17016144385792,0.26923334662191734,1.357550694907762e-06,4.624470979674174,0.017679314076498316
NII_6584,6585.28,106.97573725599705,106.97573725599705,2920.081715219944,79.07393979396545,0.26923334662191734,1.357550694907762e-06,4.624470979674174,0.017679314076498316
NII_5755,5756.24,1.4570299852468906,1.4570299852468906,39.77207100957011,78.08289921455831,0.26923334662191734,1.357550694907762e-06,4.624470979674174,0.017679314076498316
HeI_5876,5877.594,27.046837907716053,27.046837907716053,738.2886891430303,78.14644832938863,0.26923334662191734,1.357550694907762e-06,4.624470979674174,0.017679314076498316
HeII_4686,4687.02,0.0,0.0,0.0,10000000000.0,0.26923334662191734,1.357550694907762e-06,4.624470979674174,0.017679314076498316
NeIII_3869,3870.16,62.16713296343687,2.86298851259393,1696.955897763652,78.41886916134308,0.26923334662191734,1.357550694907762e-06,4.624470979674174,0.017679314076498316
