line,wl,amp,amp_err,flux,flux_err,z,zerr,FWHM,FWHMerr
HI_6563,6564.61,0.0,0.0,0.0,10000000000.0,0.2701813660598216,5.928930066530049e-06,0.9883816036805698,0.3380045121922753
HI_4861,4862.683,0.0,0.0,0.0,10000000000.0,0.2701813660598216,5.928930066530049e-06,0.9883816036805698,0.3380045121922753
HI_4341,4341.684,4.87625675179072,4.87625675179072,28.448467507623235,19.47728713200433,0.2701813660598216,5.928930066530049e-06,0.9883816036805698,0.3380045121922753
HI_4102,4102.892,1.0953684604509135,1.0953684604509135,6.390466220748029,22.517415744337224,0.2701813660598216,5.928930066530049e-06,0.9883816036805698,0.3380045121922753
OIII_4363,4364.436,0.0,0.0,0.0,10000000000.0,0.2701813660598216,5.928930066530049e-06,0.9883816036805698,0.3380045121922753
OIII_5007,5008.24,0.0,0.0,0.0,10000000000.0,0.2701813660598216,5.928930066530049e-06,0.9883816036805698,0.3380045121922753
OIII_4959,4960.295,61.147104756315,61.147104756315,356.73704470266983,297.68119302499673,0.2701813660598216,5.928930066530049e-06,0.9883816036805698,0.3380045121922753
OII_3726,3727.092,12.935923993408323,12.935923993408323,75.46920355914735,58.54725213314339,0.2701813660598216,5.928930066530049e-06,0.9883816036805698,0.3380045121922753
OII_3729,3729.875,0.0,0.0,0.0,10000000000.0,0.2701813660598216,5.928930066530049e-06,0.9883816036805698,0.3380045121922753
OI_6300,6302.046,0.0,0.0,0.0,10000000000.0,0.2701813660598216,5.928930066530049e-06,0.9883816036805698,0.3380045121922753
SII_6717,6718.29,0.1331735119096038,0.1331735119096038,0.7769447999318635,17.18428005603349,0.2701813660598216,5.928930066530049e-06,0.9883816036805698,0.3380045121922753
SII_6731,6732.67,8.36146865594776,8.36146865594776,48.78146936938585,53.532408212550216,0.2701813660598216,5.928930066530049e-06,0.9883816036805698,0.3380045121922753
NII_6548,6549.85,0.0,0.0,0.0,10000000000.0,0.2701813660598216,5.928930066530049e-06,0.9883816036805698,0.3380045121922753
NII_6584,6585.28,11.59010802428179,11.59010802428179,67.61760676722767,36.74601336608441,0.2701813660598216,5.928930066530049e-06,0.9883816036805698,0.3380045121922753
NII_5755,5756.24,0.0,0.0,0.0,10000000000.0,0.2701813660598216,5.928930066530049e-06,0.9883816036805698,0.3380045121922753
HeI_5876,5877.594,0.5654280917113965,0.5654280917113965,3.298752201479533,29.060746535384062,0.2701813660598216,5.928930066530049e-06,0.9883816036805698,0.3380045121922753
HeII_4686,4687.02,0.0,0.0,0.0,10000000000.0,0.2701813660598216,5.928930066530049e-06,0.9883816036805698,0.3380045121922753
NeIII_3869,3870.16,0.0,10000000000.0,0.0,10000000000.0,0.2701813660598216,5.928930066530049e-06,0.9883816036805698,0.3380045121922753
