line,wl,amp,amp_err,flux,flux_err,z,zerr,FWHM,FWHMerr
HI_6563,6564.61,28.36988882295259,28.36988882295259,743.2423354648591,64.58115998571813,0.26932115239899324,1.847542150206859e-05,4.438386794689108,0.2301461579895878
HI_4861,4862.683,11.820835043764077,11.820835043764077,309.685564857201,51.34742874721965,0.26932115239899324,1.847542150206859e-05,4.438386794689108,0.2301461579895878
HI_4341,4341.684,10.299039519151279,10.299039519151279,269.817137212955,50.58568630807749,0.26932115239899324,1.847542150206859e-05,4.438386794689108,0.2301461579895878
HI_4102,4102.892,0.0,0.0,0.0,10000000000.0,0.26932115239899324,1.847542150206859e-05,4.438386794689108,0.2301461579895878
OIII_4363,4364.436,2.2972733811217267,2.2972733811217267,60.18461487958927,48.23295810799848,0.26932115239899324,1.847542150206859e-05,4.438386794689108,0.2301461579895878
OIII_5007,5008.24,29.813616686202295,29.813616686202295,781.0655245352816,66.0639153277789,0.26932115239899324,1.847542150206859e-05,4.438386794689108,0.2301461579895878
OIII_4959,4960.295,7.141143171697422,7.141143171697422,187.08567953665096,49.31404098231083,0.26932115239899324,1.847542150206859e-05,4.438386794689108,0.2301461579895878
OII_3726,3727.092,24.99411922532272,24.99411922532272,654.8029730340913,67.94178389891978,0.26932115239899324,1.847542150206859e-05,4.438386794689108,0.2301461579895878
OII_3729,3729.875,19.379923247025204,19.379923247025204,507.72068601112124,65.36336150293191,0.26932115239899324,1.847542150206859e-05,4.438386794689108,0.2301461579895878
OI_6300,6302.046,1.8532780703270646,1.8532780703270646,48.55270071207627,48.1888770386132,0.26932115239899324,1.847542150206859e-05,4.438386794689108,0.2301461579895878
SII_6717,6718.29,5.891684739481775,5.891684739481775,154.35201572070758,48.931726648823044,0.26932115239899324,1.847542150206859e-05,4.438386794689108,0.2301461579895878
SII_6731,6732.67,3.783172882801864,3.783172882801864,99.11262840783816,48.44850924373453,0.26932115239899324,1.847542150206859e-05,4.438386794689108,0.2301461579895878
NII_6548,6549.85,2.1158752060080133,2.1158752060080133,55.432294411857946,48.21381198614567,0.26932115239899324,1.847542150206859e-05,4.438386794689108,0.2301461579895878
NII_6584,6585.28,4.5587183019255235,4.5587183019255235,119.43058566758576,48.60227222526541,0.26932115239899324,1.847542150206859e-05,4.438386794689108,0.2301461579895878
NII_5755,5756.24,0.0,0.0,0.0,10000000000.0,0.26932115239899324,1.847542150206859e-05,4.438386794689108,0.2301461579895878
HeI_5876,5877.594,3.6386069046319562,3.6386069046319562,95.32524820644542,48.42297435916501,0.26932115239899324,1.847542150206859e-05,4.438386794689108,0.2301461579895878
HeII_4686,4687.02,0.0,0.0,0.0,10000000000.0,0.26932115239899324,1.847542150206859e-05,4.438386794689108,0.2301461579895878
NeIII_3869,3870.16,1.42881911815914,1.8366241951149709,37.432605568699465,48.15553210296434,0.26932115239899324,1.847542150206859e-05,4.438386794689108,0.2301461579895878
