line,wl,amp,amp_err,flux,flux_err,z,zerr,FWHM,FWHMerr
HI_6563,6564.61,0.0,0.0,0.0,10000000000.0,0.2702135560858496,1.4109489432819283e-05,1.8020633499827436,0.2316739587911168
HI_4861,4862.683,3.877789769476749,3.877789769476749,41.247912357213536,31.5167204715347,0.2702135560858496,1.4109489432819283e-05,1.8020633499827436,0.2316739587911168
HI_4341,4341.684,0.0,0.0,0.0,10000000000.0,0.2702135560858496,1.4109489432819283e-05,1.8020633499827436,0.2316739587911168
HI_4102,4102.892,3.5844809998069422,3.5844809998069422,38.12799736848148,31.201421036436347,0.2702135560858496,1.4109489432819283e-05,1.8020633499827436,0.2316739587911168
OIII_4363,4364.436,0.0,0.0,0.0,10000000000.0,0.2702135560858496,1.4109489432819283e-05,1.8020633499827436,0.2316739587911168
OIII_5007,5008.24,1.7715177485229106,1.7715177485229106,18.84357151217643,30.754146413290798,0.2702135560858496,1.4109489432819283e-05,1.8020633499827436,0.2316739587911168
OIII_4959,4960.295,44.01576220412085,44.01576220412085,468.1941027392291,77.84414395529045,0.2702135560858496,1.4109489432819283e-05,1.8020633499827436,0.2316739587911168
OII_3726,3727.092,1.9633707618709195,1.9633707618709195,20.88430521629206,31.07789070750267,0.2702135560858496,1.4109489432819283e-05,1.8020633499827436,0.2316739587911168
OII_3729,3729.875,4.8454157746579085,4.8454157746579085,51.54051588369577,31.42076421518784,0.2702135560858496,1.4109489432819283e-05,1.8020633499827436,0.2316739587911168
OI_6300,6302.046,0.0,0.0,0.0,10000000000.0,0.2702135560858496,1.4109489432819283e-05,1.8020633499827436,0.2316739587911168
SII_6717,6718.29,0.0,0.0,0.0,10000000000.0,0.2702135560858496,1.4109489432819283e-05,1.8020633499827436,0.2316739587911168
SII_6731,6732.67,0.0,0.0,0.0,10000000000.0,0.2702135560858496,1.4109489432819283e-05,1.8020633499827436,0.2316739587911168
NII_6548,6549.85,0.6386965921350338,0.6386965921350338,6.793793016476934,29.55035355535475,0.2702135560858496,1.4109489432819283e-05,1.8020633499827436,0.2316739587911168
NII_6584,6585.28,0.0,0.0,0.0,10000000000.0,0.2702135560858496,1.4109489432819283e-05,1.8020633499827436,0.2316739587911168
NII_5755,5756.24,0.3658479649025139,0.3658479649025139,3.891511837785901,30.876547965984148,0.2702135560858496,1.4109489432819283e-05,1.8020633499827436,0.2316739587911168
HeI_5876,5877.594,0.0,0.0,0.0,10000000000.0,0.2702135560858496,1.4109489432819283e-05,1.8020633499827436,0.2316739587911168
HeII_4686,4687.02,0.0,0.0,0.0,10000000000.0,0.2702135560858496,1.4109489432819283e-05,1.8020633499827436,0.2316739587911168
NeIII_3869,3870.16,2.0821915326432645,2.784644581569265,22.148197544239373,29.756710091898036,0.2702135560858496,1.4109489432819283e-05,1.8020633499827436,0.2316739587911168
