line,wl,amp,amp_err,flux,flux_err,z,zerr,FWHM,FWHMerr
HI_6563,6564.61,177.50222619842202,177.50222619842202,5215.440021576745,97.04350936289698,0.26920492655274353,4.555323334934937e-06,4.977823490804802,0.058919209041313314
HI_4861,4862.683,64.34236454532652,64.34236454532652,1890.5325883487974,72.66286210153633,0.26920492655274353,4.555323334934937e-06,4.977823490804802,0.058919209041313314
HI_4341,4341.684,30.13811612937252,30.13811612937252,885.5299474404811,69.21929980219038,0.26920492655274353,4.555323334934937e-06,4.977823490804802,0.058919209041313314
HI_4102,4102.892,13.888212560281659,13.888212560281659,408.0689080152039,68.43352818210735,0.26920492655274353,4.555323334934937e-06,4.977823490804802,0.058919209041313314
OIII_4363,4364.436,0.0,0.0,0.0,10000000000.0,0.26920492655274353,4.555323334934937e-06,4.977823490804802,0.058919209041313314
OIII_5007,5008.24,164.927728693267,164.927728693267,4845.971204513618,93.62926680386359,0.26920492655274353,4.555323334934937e-06,4.977823490804802,0.058919209041313314
OIII_4959,4960.295,54.464488412205355,54.464488412205355,1600.296957978344,71.43153124189028,0.26920492655274353,4.555323334934937e-06,4.977823490804802,0.058919209041313314
OII_3726,3727.092,92.47752192735538,92.47752192735538,2717.210816370358,90.92313991473522,0.26920492655274353,4.555323334934937e-06,4.977823490804802,0.058919209041313314
OII_3729,3729.875,104.83818665688182,104.83818665688182,3080.3967149607233,92.04885687619911,0.26920492655274353,4.555323334934937e-06,4.977823490804802,0.058919209041313314
OI_6300,6302.046,5.182655356727878,5.182655356727878,152.2788121840354,68.24987519139414,0.26920492655274353,4.555323334934937e-06,4.977823490804802,0.058919209041313314
SII_6717,6718.29,22.368128351004543,22.368128351004543,657.2291193643159,68.772298676506,0.26920492655274353,4.555323334934937e-06,4.977823490804802,0.058919209041313314
SII_6731,6732.67,13.323545747034473,13.323545747034473,391.4776462618245,68.41654334690678,0.26920492655274353,4.555323334934937e-06,4.977823490804802,0.058919209041313314
NII_6548,6549.85,3.242792805359386,3.242792805359386,95.28100993982248,68.23176814568048,0.26920492655274353,4.555323334934937e-06,4.977823490804802,0.058919209041313314
NII_6584,6585.28,23.166612017177727,23.166612017177727,680.6904795868053,68.81225846645812,0.26920492655274353,4.555323334934937e-06,4.977823490804802,0.058919209041313314
NII_5755,5756.24,0.0,0.0,0.0,10000000000.0,0.26920492655274353,4.555323334934937e-06,4.977823490804802,0.058919209041313314
HeI_5876,5877.594,6.492981154154677,6.492981154154677,190.77931863720428,68.26681845128473,0.26920492655274353,4.555323334934937e-06,4.977823490804802,0.058919209041313314
HeII_4686,4687.02,0.0,0.0,0.0,10000000000.0,0.26920492655274353,4.555323334934937e-06,4.977823490804802,0.058919209041313314
NeIII_3869,3870.16,16.561073761713715,2.3238705720050983,486.60396405717916,68.52336244318683,0.26920492655274353,4.555323334934937e-06,4.977823490804802,0.058919209041313314
