line,wl,amp,amp_err,flux,flux_err,z,zerr,FWHM,FWHMerr
HI_6563,6564.61,192.28481552443395,192.28481552443395,5019.750853047366,80.68047642196497,0.2695961695085923,3.3875420390987665e-06,4.422720700356273,0.044198751129574075
HI_4861,4862.683,61.667931138116046,61.667931138116046,1609.891291165881,60.72227552611751,0.2695961695085923,3.3875420390987665e-06,4.422720700356273,0.044198751129574075
HI_4341,4341.684,22.659841385648974,22.659841385648974,591.5535130285701,58.37231756566804,0.2695961695085923,3.3875420390987665e-06,4.422720700356273,0.044198751129574075
HI_4102,4102.892,8.397126908528321,8.397126908528321,219.21379931779256,58.048603926287036,0.2695961695085923,3.3875420390987665e-06,4.422720700356273,0.044198751129574075
OIII_4363,4364.436,5.9752509560684075,5.9752509560684075,155.98876594644602,58.023097435556004,0.2695961695085923,3.3875420390987665e-06,4.422720700356273,0.044198751129574075
OIII_5007,5008.24,204.2171612210327,204.2171612210327,5331.254402227756,83.1376423900868,0.2695961695085923,3.3875420390987665e-06,4.422720700356273,0.044198751129574075
OIII_4959,4960.295,83.23428715703153,83.23428715703153,2172.898483012071,62.87343408899245,0.2695961695085923,3.3875420390987665e-06,4.422720700356273,0.044198751129574075
OII_3726,3727.092,75.39115900369848,75.39115900369848,1968.1472699177093,69.96386550427157,0.2695961695085923,3.3875420390987665e-06,4.422720700356273,0.044198751129574075
OII_3729,3729.875,103.02594235291826,103.02594235291826,2689.5756724292837,71.85649884262783,0.2695961695085923,3.3875420390987665e-06,4.422720700356273,0.044198751129574075
OI_6300,6302.046,5.342360061531849,5.342360061531849,139.4666365257165,58.01783244142854,0.2695961695085923,3.3875420390987665e-06,4.422720700356273,0.044198751129574075
SII_6717,6718.29,27.468156011799465,27.468156011799465,717.078460906069,58.54769287067294,0.2695961695085923,3.3875420390987665e-06,4.422720700356273,0.044198751129574075
SII_6731,6732.67,23.86921182617789,23.86921182617789,623.1251079251202,58.413306896978014,0.2695961695085923,3.3875420390987665e-06,4.422720700356273,0.044198751129574075
NII_6548,6549.85,0.2607460018267602,0.2607460018267602,6.8069855725672115,57.996958883326165,0.2695961695085923,3.3875420390987665e-06,4.422720700356273,0.044198751129574075
NII_6584,6585.28,17.424594256551813,17.424594256551813,454.88314636168246,58.21917373671251,0.2695961695085923,3.3875420390987665e-06,4.422720700356273,0.044198751129574075
NII_5755,5756.24,1.7759231256995918,1.7759231256995918,46.36191163022056,57.99921645516481,0.2695961695085923,3.3875420390987665e-06,4.422720700356273,0.044198751129574075
HeI_5876,5877.594,4.758711129395465,4.758711129395465,124.23000841766131,58.013507481667624,0.2695961695085923,3.3875420390987665e-06,4.422720700356273,0.044198751129574075
HeII_4686,4687.02,2.1600499167107046e-12,2.1600499167107046e-12,5.638985263844521e-11,57.99690392985463,0.2695961695085923,3.3875420390987665e-06,4.422720700356273,0.044198751129574075
NeIII_3869,3870.16,16.162802492265428,2.2230766321469027,421.9430503490575,58.18820325905756,0.2695961695085923,3.3875420390987665e-06,4.422720700356273,0.044198751129574075
