line,wl,amp,amp_err,flux,flux_err,z,zerr,FWHM,FWHMerr
HI_6563,6564.61,82.86629148350585,82.86629148350585,1688.2460047480604,66.67763787555192,0.2698385402177733,6.684932383973694e-06,3.451518210804176,0.08529088911240616
HI_4861,4862.683,26.09206457690857,26.09206457690857,531.5771104148205,49.861163412320856,0.2698385402177733,6.684932383973694e-06,3.451518210804176,0.08529088911240616
HI_4341,4341.684,4.569025947175874,4.569025947175874,93.0853747985724,47.7187272029544,0.2698385402177733,6.684932383973694e-06,3.451518210804176,0.08529088911240616
HI_4102,4102.892,9.57773463565718,9.57773463565718,195.1284647075564,47.953317565181976,0.2698385402177733,6.684932383973694e-06,3.451518210804176,0.08529088911240616
OIII_4363,4364.436,0.0,0.0,0.0,10000000000.0,0.2698385402177733,6.684932383973694e-06,3.451518210804176,0.08529088911240616
OIII_5007,5008.24,78.35834172978093,78.35834172978093,1596.4049433818,64.92814713476946,0.2698385402177733,6.684932383973694e-06,3.451518210804176,0.08529088911240616
OIII_4959,4960.295,31.39652700656802,31.39652700656802,639.6456307249306,50.820769833523165,0.2698385402177733,6.684932383973694e-06,3.451518210804176,0.08529088911240616
OII_3726,3727.092,38.98743124277166,38.98743124277166,794.2961348053111,55.93161757606848,0.2698385402177733,6.684932383973694e-06,3.451518210804176,0.08529088911240616
OII_3729,3729.875,50.79917518802722,50.79917518802722,1034.9383690321677,58.26585174078199,0.2698385402177733,6.684932383973694e-06,3.451518210804176,0.08529088911240616
OI_6300,6302.046,1.3480677670005434,1.3480677670005434,27.46436435159293,47.6553922415169,0.2698385402177733,6.684932383973694e-06,3.451518210804176,0.08529088911240616
SII_6717,6718.29,11.580729821120713,11.580729821120713,235.93575267532424,48.09307881798848,0.2698385402177733,6.684932383973694e-06,3.451518210804176,0.08529088911240616
SII_6731,6732.67,8.42677046186634,8.42677046186634,171.679718139752,47.88488517806686,0.2698385402177733,6.684932383973694e-06,3.451518210804176,0.08529088911240616
NII_6548,6549.85,3.206579332019487,3.206579332019487,65.32806825640478,47.683481733354135,0.2698385402177733,6.684932383973694e-06,3.451518210804176,0.08529088911240616
NII_6584,6585.28,5.3147819635828455,5.3147819635828455,108.27876155060899,47.7431085441918,0.2698385402177733,6.684932383973694e-06,3.451518210804176,0.08529088911240616
NII_5755,5756.24,0.0,0.0,0.0,10000000000.0,0.2698385402177733,6.684932383973694e-06,3.451518210804176,0.08529088911240616
HeI_5876,5877.594,3.6248449465559816,3.6248449465559816,73.84944938766104,47.69297278537649,0.2698385402177733,6.684932383973694e-06,3.451518210804176,0.08529088911240616
HeII_4686,4687.02,0.0,0.0,0.0,10000000000.0,0.2698385402177733,6.684932383973694e-06,3.451518210804176,0.08529088911240616
NeIII_3869,3870.16,8.215470996135082,2.3410356910187913,167.37488595238182,47.8732332606825,0.2698385402177733,6.684932383973694e-06,3.451518210804176,0.08529088911240616
