line,wl,amp,amp_err,flux,flux_err,z,zerr,FWHM,FWHMerr
HI_6563,6564.61,12.531805063425281,12.531805063425281,436.42240641373184,75.23362169681742,0.26943564080121374,5.1337910777452446e-05,5.899914945411898,0.5940339008982
HI_4861,4862.683,7.286390163774627,7.286390163774627,253.74987188595026,63.73599215902302,0.26943564080121374,5.1337910777452446e-05,5.899914945411898,0.5940339008982
HI_4341,4341.684,0.0,0.0,0.0,10000000000.0,0.26943564080121374,5.1337910777452446e-05,5.899914945411898,0.5940339008982
HI_4102,4102.892,0.0,0.0,0.0,10000000000.0,0.26943564080121374,5.1337910777452446e-05,5.899914945411898,0.5940339008982
OIII_4363,4364.436,0.0,0.0,0.0,10000000000.0,0.26943564080121374,5.1337910777452446e-05,5.899914945411898,0.5940339008982
OIII_5007,5008.24,7.901827451153849,7.901827451153849,275.1825881303703,64.8534233485811,0.26943564080121374,5.1337910777452446e-05,5.899914945411898,0.5940339008982
OIII_4959,4960.295,8.72015844364114,8.72015844364114,303.6811148132156,66.44461320562745,0.26943564080121374,5.1337910777452446e-05,5.899914945411898,0.5940339008982
OII_3726,3727.092,8.643737220823937,8.643737220823937,301.0197317327922,89.31996606971411,0.26943564080121374,5.1337910777452446e-05,5.899914945411898,0.5940339008982
OII_3729,3729.875,12.658015005704215,12.658015005704215,440.81769076773656,92.1586018999433,0.26943564080121374,5.1337910777452446e-05,5.899914945411898,0.5940339008982
OI_6300,6302.046,0.30505618796041745,0.30505618796041745,10.623637613837582,56.988531954327364,0.26943564080121374,5.1337910777452446e-05,5.899914945411898,0.5940339008982
SII_6717,6718.29,1.3174524038258824,1.3174524038258824,45.880521242012804,57.209632022371935,0.26943564080121374,5.1337910777452446e-05,5.899914945411898,0.5940339008982
SII_6731,6732.67,2.56952922861592,2.56952922861592,89.48432597119181,57.85961378090724,0.26943564080121374,5.1337910777452446e-05,5.899914945411898,0.5940339008982
NII_6548,6549.85,0.0,0.0,0.0,10000000000.0,0.26943564080121374,5.1337910777452446e-05,5.899914945411898,0.5940339008982
NII_6584,6585.28,1.0020082099420051,1.0020082099420051,34.89511941942705,57.11124513502079,0.26943564080121374,5.1337910777452446e-05,5.899914945411898,0.5940339008982
NII_5755,5756.24,1.5575145406156707,1.5575145406156707,54.2407291207959,57.302267676214285,0.26943564080121374,5.1337910777452446e-05,5.899914945411898,0.5940339008982
HeI_5876,5877.594,1.0619181180620672,1.0619181180620672,36.981492941633476,57.12787210626604,0.26943564080121374,5.1337910777452446e-05,5.899914945411898,0.5940339008982
HeII_4686,4687.02,0.0,0.0,0.0,10000000000.0,0.26943564080121374,5.1337910777452446e-05,5.899914945411898,0.5940339008982
NeIII_3869,3870.16,0.0,10000000000.0,0.0,10000000000.0,0.26943564080121374,5.1337910777452446e-05,5.899914945411898,0.5940339008982
