line,wl,amp,amp_err,flux,flux_err,z,zerr,FWHM,FWHMerr
HI_6563,6564.61,46.992326580264034,46.992326580264034,1104.050749018108,64.74793407776609,0.2693020891346134,1.1227942812594817e-05,3.980287393888055,0.1388965933496075
HI_4861,4862.683,11.291056790990638,11.291056790990638,265.2752186254739,49.43676655584802,0.2693020891346134,1.1227942812594817e-05,3.980287393888055,0.1388965933496075
HI_4341,4341.684,7.856361310813327,7.856361310813327,184.57953076541637,48.87470825142514,0.2693020891346134,1.1227942812594817e-05,3.980287393888055,0.1388965933496075
HI_4102,4102.892,2.6871367520200238,2.6871367520200238,63.132335844545544,48.40397131020624,0.2693020891346134,1.1227942812594817e-05,3.980287393888055,0.1388965933496075
OIII_4363,4364.436,1.9211108963633023,1.9211108963633023,45.13511201566125,48.373320650189356,0.2693020891346134,1.1227942812594817e-05,3.980287393888055,0.1388965933496075
OIII_5007,5008.24,53.12884697034019,53.12884697034019,1248.22386037612,68.6185993162458,0.2693020891346134,1.1227942812594817e-05,3.980287393888055,0.1388965933496075
OIII_4959,4960.295,16.7738666335199,16.7738666335199,394.0898731420811,50.7275112371999,0.2693020891346134,1.1227942812594817e-05,3.980287393888055,0.1388965933496075
OII_3726,3727.092,33.85192930760536,33.85192930760536,795.3266123977414,64.0400401885284,0.2693020891346134,1.1227942812594817e-05,3.980287393888055,0.1388965933496075
OII_3729,3729.875,39.753803736788996,39.753803736788996,933.9868864963557,65.93508926599702,0.2693020891346134,1.1227942812594817e-05,3.980287393888055,0.1388965933496075
OI_6300,6302.046,4.496592815185636,4.496592815185636,105.6441982534258,48.5166565447865,0.2693020891346134,1.1227942812594817e-05,3.980287393888055,0.1388965933496075
SII_6717,6718.29,4.8815603768695155,4.8815603768695155,114.68873287758005,48.54790610319721,0.2693020891346134,1.1227942812594817e-05,3.980287393888055,0.1388965933496075
SII_6731,6732.67,5.253982153806078,5.253982153806078,123.43851335663705,48.580559879459166,0.2693020891346134,1.1227942812594817e-05,3.980287393888055,0.1388965933496075
NII_6548,6549.85,0.0,0.0,0.0,10000000000.0,0.2693020891346134,1.1227942812594817e-05,3.980287393888055,0.1388965933496075
NII_6584,6585.28,6.1577232368653085,6.1577232368653085,144.67125691883874,48.66966229461939,0.2693020891346134,1.1227942812594817e-05,3.980287393888055,0.1388965933496075
NII_5755,5756.24,2.227595895356899,2.227595895356899,52.33575555314905,48.38436338163707,0.2693020891346134,1.1227942812594817e-05,3.980287393888055,0.1388965933496075
HeI_5876,5877.594,4.483704551212327,4.483704551212327,105.34139780644279,48.51565294354867,0.2693020891346134,1.1227942812594817e-05,3.980287393888055,0.1388965933496075
HeII_4686,4687.02,0.0,0.0,0.0,10000000000.0,0.2693020891346134,1.1227942812594817e-05,3.980287393888055,0.1388965933496075
NeIII_3869,3870.16,3.426903626009107,2.0584445145801733,80.51262387798478,48.443208811540444,0.2693020891346134,1.1227942812594817e-05,3.980287393888055,0.1388965933496075
