line,wl,amp,amp_err,flux,flux_err,z,zerr,FWHM,FWHMerr
HI_6563,6564.61,0.0,0.0,0.0,10000000000.0,0.27020895095825537,9.313584473917096e-05,0.3653119893975454,3.2500573000513286
HI_4861,4862.683,1512.2691436996543,1512.2691436996543,3260.923983468379,390579.0491998628,0.27020895095825537,9.313584473917096e-05,0.3653119893975454,3.2500573000513286
HI_4341,4341.684,3.8034447976269803,3.8034447976269803,8.201413360876662,73.33328162457889,0.27020895095825537,9.313584473917096e-05,0.3653119893975454,3.2500573000513286
HI_4102,4102.892,0.0,0.0,0.0,10000000000.0,0.27020895095825537,9.313584473917096e-05,0.3653119893975454,3.2500573000513286
OIII_4363,4364.436,2.734583609769288,2.734583609769288,5.896615238793253,93.31677815199573,0.27020895095825537,9.313584473917096e-05,0.3653119893975454,3.2500573000513286
OIII_5007,5008.24,92.73662012085288,92.73662012085288,199.96907955026373,15526.836818589485,0.27020895095825537,9.313584473917096e-05,0.3653119893975454,3.2500573000513286
OIII_4959,4960.295,2116.160727110165,2116.160727110165,4563.1026042265985,332559.2436118413,0.27020895095825537,9.313584473917096e-05,0.3653119893975454,3.2500573000513286
OII_3726,3727.092,18715.232170061056,18715.232170061056,40355.8782467969,5836970.103541598,0.27020895095825537,9.313584473917096e-05,0.3653119893975454,3.2500573000513286
OII_3729,3729.875,0.0,0.0,0.0,10000000000.0,0.27020895095825537,9.313584473917096e-05,0.3653119893975454,3.2500573000513286
OI_6300,6302.046,0.0,0.0,0.0,10000000000.0,0.27020895095825537,9.313584473917096e-05,0.3653119893975454,3.2500573000513286
SII_6717,6718.29,2.140368913718362,2.140368913718362,4.615303005614028,43.05769940025097,0.27020895095825537,9.313584473917096e-05,0.3653119893975454,3.2500573000513286
SII_6731,6732.67,0.0,0.0,0.0,10000000000.0,0.27020895095825537,9.313584473917096e-05,0.3653119893975454,3.2500573000513286
NII_6548,6549.85,2.59754313072267,2.59754313072267,5.601113220061417,57.37739101992491,0.27020895095825537,9.313584473917096e-05,0.3653119893975454,3.2500573000513286
NII_6584,6585.28,1.4768188731841292,1.4768188731841292,3.184482142526158,33.29846415524377,0.27020895095825537,9.313584473917096e-05,0.3653119893975454,3.2500573000513286
NII_5755,5756.24,0.0,0.0,0.0,10000000000.0,0.27020895095825537,9.313584473917096e-05,0.3653119893975454,3.2500573000513286
HeI_5876,5877.594,4.591835580461179,4.591835580461179,9.901429804907238,294.7222789512112,0.27020895095825537,9.313584473917096e-05,0.3653119893975454,3.2500573000513286
HeII_4686,4687.02,0.0,0.0,0.0,10000000000.0,0.27020895095825537,9.313584473917096e-05,0.3653119893975454,3.2500573000513286
NeIII_3869,3870.16,0.0,10000000000.0,0.0,10000000000.0,0.27020895095825537,9.313584473917096e-05,0.3653119893975454,3.2500573000513286
