line,wl,amp,amp_err,flux,flux_err,z,zerr,FWHM,FWHMerr
HI_6563,6564.61,16.05287055316296,16.05287055316296,258.64703454962677,57.070118231604575,0.2710920721911846,3.00156749355332e-05,2.729651112122735,0.3958110513285252
HI_4861,4862.683,0.695293960805202,0.695293960805202,11.202714212823212,38.69041505211337,0.2710920721911846,3.00156749355332e-05,2.729651112122735,0.3958110513285252
HI_4341,4341.684,0.0,0.0,0.0,10000000000.0,0.2710920721911846,3.00156749355332e-05,2.729651112122735,0.3958110513285252
HI_4102,4102.892,0.0,0.0,0.0,10000000000.0,0.2710920721911846,3.00156749355332e-05,2.729651112122735,0.3958110513285252
OIII_4363,4364.436,0.72499849044857,0.72499849044857,11.681319486534512,38.697921995681405,0.2710920721911846,3.00156749355332e-05,2.729651112122735,0.3958110513285252
OIII_5007,5008.24,0.0,0.0,0.0,10000000000.0,0.2710920721911846,3.00156749355332e-05,2.729651112122735,0.3958110513285252
OIII_4959,4960.295,3.7984782128893357,3.7984782128893357,61.2018344203002,39.89856294849532,0.2710920721911846,3.00156749355332e-05,2.729651112122735,0.3958110513285252
OII_3726,3727.092,8.656871230397314,8.656871230397314,139.481226413993,45.62204002179972,0.2710920721911846,3.00156749355332e-05,2.729651112122735,0.3958110513285252
OII_3729,3729.875,5.824340103237432,5.824340103237432,93.84292304120072,42.673857280210946,0.2710920721911846,3.00156749355332e-05,2.729651112122735,0.3958110513285252
OI_6300,6302.046,0.0,0.0,0.0,10000000000.0,0.2710920721911846,3.00156749355332e-05,2.729651112122735,0.3958110513285252
SII_6717,6718.29,0.0,0.0,0.0,10000000000.0,0.2710920721911846,3.00156749355332e-05,2.729651112122735,0.3958110513285252
SII_6731,6732.67,3.250515874211146,3.250515874211146,52.372956527426,39.58287013473295,0.2710920721911846,3.00156749355332e-05,2.729651112122735,0.3958110513285252
NII_6548,6549.85,0.0,0.0,0.0,10000000000.0,0.2710920721911846,3.00156749355332e-05,2.729651112122735,0.3958110513285252
NII_6584,6585.28,0.37249856177606944,0.37249856177606944,6.001770714982682,38.6731881351745,0.2710920721911846,3.00156749355332e-05,2.729651112122735,0.3958110513285252
NII_5755,5756.24,9.630135894251907,9.630135894251907,155.162659731745,46.14077270050247,0.2710920721911846,3.00156749355332e-05,2.729651112122735,0.3958110513285252
HeI_5876,5877.594,1.6108931209736284,1.6108931209736284,25.95502949683522,38.87439285906741,0.2710920721911846,3.00156749355332e-05,2.729651112122735,0.3958110513285252
HeII_4686,4687.02,0.0,0.0,0.0,10000000000.0,0.2710920721911846,3.00156749355332e-05,2.729651112122735,0.3958110513285252
NeIII_3869,3870.16,0.0,10000000000.0,0.0,10000000000.0,0.2710920721911846,3.00156749355332e-05,2.729651112122735,0.3958110513285252
