line,wl,amp,amp_err,flux,flux_err,z,zerr,FWHM,FWHMerr
HI_6563,6564.61,2.7901979358592826,2.7901979358592826,137.81197933557806,66.08527988156114,0.2697525964810699,8.232780087428142e-05,8.367665273512097,0.8001114600768561
HI_4861,4862.683,2.0260723191238412,2.0260723191238412,100.07069139684262,65.29725525665692,0.2697525964810699,8.232780087428142e-05,8.367665273512097,0.8001114600768561
HI_4341,4341.684,0.0,0.0,0.0,10000000000.0,0.2697525964810699,8.232780087428142e-05,8.367665273512097,0.8001114600768561
HI_4102,4102.892,0.0,0.0,0.0,10000000000.0,0.2697525964810699,8.232780087428142e-05,8.367665273512097,0.8001114600768561
OIII_4363,4364.436,0.0,0.0,0.0,10000000000.0,0.2697525964810699,8.232780087428142e-05,8.367665273512097,0.8001114600768561
OIII_5007,5008.24,6.311388974978513,6.311388974978513,311.7287830444441,72.52898397103797,0.2697525964810699,8.232780087428142e-05,8.367665273512097,0.8001114600768561
OIII_4959,4960.295,8.727378302599163,8.727378302599163,431.0580489054687,79.20648273016822,0.2697525964810699,8.232780087428142e-05,8.367665273512097,0.8001114600768561
OII_3726,3727.092,15.888459038656151,15.888459038656151,784.7543575918869,129.7161353636798,0.2697525964810699,8.232780087428142e-05,8.367665273512097,0.8001114600768561
OII_3729,3729.875,0.0,0.0,0.0,10000000000.0,0.2697525964810699,8.232780087428142e-05,8.367665273512097,0.8001114600768561
OI_6300,6302.046,0.0,0.0,0.0,10000000000.0,0.2697525964810699,8.232780087428142e-05,8.367665273512097,0.8001114600768561
SII_6717,6718.29,0.0,0.0,0.0,10000000000.0,0.2697525964810699,8.232780087428142e-05,8.367665273512097,0.8001114600768561
SII_6731,6732.67,3.3782468590160306,3.3782468590160306,166.8565804389149,66.83492793543039,0.2697525964810699,8.232780087428142e-05,8.367665273512097,0.8001114600768561
NII_6548,6549.85,1.9757399726360063,1.9757399726360063,97.58470278472772,65.25961172486025,0.2697525964810699,8.232780087428142e-05,8.367665273512097,0.8001114600768561
NII_6584,6585.28,0.11555584114660178,0.11555584114660178,5.707472931412838,64.41744180164137,0.2697525964810699,8.232780087428142e-05,8.367665273512097,0.8001114600768561
NII_5755,5756.24,0.0,0.0,0.0,10000000000.0,0.2697525964810699,8.232780087428142e-05,8.367665273512097,0.8001114600768561
HeI_5876,5877.594,0.2661922931465597,0.2661922931465597,13.14762882265064,64.42983159141902,0.2697525964810699,8.232780087428142e-05,8.367665273512097,0.8001114600768561
HeII_4686,4687.02,0.0,0.0,0.0,10000000000.0,0.2697525964810699,8.232780087428142e-05,8.367665273512097,0.8001114600768561
NeIII_3869,3870.16,5.26279124082987,1.3282595845340432,259.93699888009843,70.15517388441496,0.2697525964810699,8.232780087428142e-05,8.367665273512097,0.8001114600768561
