line,wl,amp,amp_err,flux,flux_err,z,zerr,FWHM,FWHMerr
HI_6563,6564.61,25.215983662566487,25.215983662566487,839.0189179317057,81.92825178468915,0.2692356737609068,2.6680184146188e-05,5.637001892760529,0.3141845974329655
HI_4861,4862.683,9.831797647825852,9.831797647825852,327.13632488778126,66.28904053004024,0.2692356737609068,2.6680184146188e-05,5.637001892760529,0.3141845974329655
HI_4341,4341.684,9.524347515040631,9.524347515040631,316.9064452535255,66.09575940266107,0.2692356737609068,2.6680184146188e-05,5.637001892760529,0.3141845974329655
HI_4102,4102.892,3.576073861308373,3.576073861308373,118.98776830240962,63.51098819125341,0.2692356737609068,2.6680184146188e-05,5.637001892760529,0.3141845974329655
OIII_4363,4364.436,4.142924245777749,4.142924245777749,137.84874959788453,63.65893563912818,0.2692356737609068,2.6680184146188e-05,5.637001892760529,0.3141845974329655
OIII_5007,5008.24,26.70899800954635,26.70899800954635,888.6964279833621,83.93770822442858,0.2692356737609068,2.6680184146188e-05,5.637001892760529,0.3141845974329655
OIII_4959,4960.295,9.341800235771188,9.341800235771188,310.8324953821432,65.98395143958535,0.2692356737609068,2.6680184146188e-05,5.637001892760529,0.3141845974329655
OII_3726,3727.092,14.651752314828059,14.651752314828059,487.5121088867016,91.22465528118182,0.2692356737609068,2.6680184146188e-05,5.637001892760529,0.3141845974329655
OII_3729,3729.875,23.348622336324524,23.348622336324524,776.8856495929848,94.70181429930112,0.2692356737609068,2.6680184146188e-05,5.637001892760529,0.3141845974329655
OI_6300,6302.046,0.0,0.0,0.0,10000000000.0,0.2692356737609068,2.6680184146188e-05,5.637001892760529,0.3141845974329655
SII_6717,6718.29,3.029917863506853,3.029917863506853,100.8153574843617,63.388776801755284,0.2692356737609068,2.6680184146188e-05,5.637001892760529,0.3141845974329655
SII_6731,6732.67,3.2782509529668005,3.2782509529668005,109.07821816802526,63.44187594866747,0.2692356737609068,2.6680184146188e-05,5.637001892760529,0.3141845974329655
NII_6548,6549.85,0.20459051111743065,0.20459051111743065,6.807400875329174,63.07813049814637,0.2692356737609068,2.6680184146188e-05,5.637001892760529,0.3141845974329655
NII_6584,6585.28,3.618445944219502,3.618445944219502,120.39762720898021,63.52131669076694,0.2692356737609068,2.6680184146188e-05,5.637001892760529,0.3141845974329655
NII_5755,5756.24,1.2222086506461665,1.2222086506461665,40.666911641215165,63.12757749050381,0.2692356737609068,2.6680184146188e-05,5.637001892760529,0.3141845974329655
HeI_5876,5877.594,1.4752899983196812,1.4752899983196812,49.08776253147618,63.1508235956781,0.2692356737609068,2.6680184146188e-05,5.637001892760529,0.3141845974329655
HeII_4686,4687.02,0.0,0.0,0.0,10000000000.0,0.2692356737609068,2.6680184146188e-05,5.637001892760529,0.3141845974329655
NeIII_3869,3870.16,14.356939464932225,1.9374744717811188,477.70271332149247,69.74806508514288,0.2692356737609068,2.6680184146188e-05,5.637001892760529,0.3141845974329655
