line,wl,amp,amp_err,flux,flux_err,z,zerr,FWHM,FWHMerr
HI_6563,6564.61,78.07876031057185,78.07876031057185,1614.5791910255841,62.81488271710745,0.26947584074388925,6.3302866142243216e-06,3.5033117321567686,0.07998644879146326
HI_4861,4862.683,32.413270247731134,32.413270247731134,670.2692441184851,50.3967401860269,0.26947584074388925,6.3302866142243216e-06,3.5033117321567686,0.07998644879146326
HI_4341,4341.684,11.849424263430024,11.849424263430024,245.0325000713072,47.814303627573125,0.26947584074388925,6.3302866142243216e-06,3.5033117321567686,0.07998644879146326
HI_4102,4102.892,5.980490316725422,5.980490316725422,123.66967891276131,47.508335872755005,0.26947584074388925,6.3302866142243216e-06,3.5033117321567686,0.07998644879146326
OIII_4363,4364.436,2.803010798640571,2.803010798640571,57.963047693167496,47.42649434121865,0.26947584074388925,6.3302866142243216e-06,3.5033117321567686,0.07998644879146326
OIII_5007,5008.24,94.6764856570087,94.6764856570087,1957.8011102276791,68.88209030951302,0.26947584074388925,6.3302866142243216e-06,3.5033117321567686,0.07998644879146326
OIII_4959,4960.295,38.26718811405544,38.26718811405544,791.3215499612606,51.52781470110316,0.26947584074388925,6.3302866142243216e-06,3.5033117321567686,0.07998644879146326
OII_3726,3727.092,29.394454920900444,29.394454920900444,607.8436063539729,53.06832630227813,0.26947584074388925,6.3302866142243216e-06,3.5033117321567686,0.07998644879146326
OII_3729,3729.875,48.87598333720052,48.87598333720052,1010.6992647329749,56.1250801479552,0.26947584074388925,6.3302866142243216e-06,3.5033117321567686,0.07998644879146326
OI_6300,6302.046,2.468225680465366,2.468225680465366,51.04007551583468,47.421305467157666,0.26947584074388925,6.3302866142243216e-06,3.5033117321567686,0.07998644879146326
SII_6717,6718.29,8.953630392720356,8.953630392720356,185.1508048887801,47.63836880739852,0.26947584074388925,6.3302866142243216e-06,3.5033117321567686,0.07998644879146326
SII_6731,6732.67,9.950729497509883,9.950729497509883,205.76967050062854,47.69351152950702,0.26947584074388925,6.3302866142243216e-06,3.5033117321567686,0.07998644879146326
NII_6548,6549.85,0.0,0.0,0.0,10000000000.0,0.26947584074388925,6.3302866142243216e-06,3.5033117321567686,0.07998644879146326
NII_6584,6585.28,4.625002071687959,4.625002071687959,95.63973702572358,47.46615688365798,0.26947584074388925,6.3302866142243216e-06,3.5033117321567686,0.07998644879146326
NII_5755,5756.24,0.0,0.0,0.0,10000000000.0,0.26947584074388925,6.3302866142243216e-06,3.5033117321567686,0.07998644879146326
HeI_5876,5877.594,2.8607583099026215,2.8607583099026215,59.1571999779419,47.42743825599483,0.26947584074388925,6.3302866142243216e-06,3.5033117321567686,0.07998644879146326
HeII_4686,4687.02,0.0,0.0,0.0,10000000000.0,0.26947584074388925,6.3302866142243216e-06,3.5033117321567686,0.07998644879146326
NeIII_3869,3870.16,6.037027136907227,2.293397673374641,124.8387954949048,47.51040790022566,0.26947584074388925,6.3302866142243216e-06,3.5033117321567686,0.07998644879146326
