line,wl,amp,amp_err,flux,flux_err,z,zerr,FWHM,FWHMerr
HI_6563,6564.61,0.0,0.0,0.0,10000000000.0,0.26851678623203157,6.123712116565593e-06,0.6363640000377263,0.23000509285842904
HI_4861,4862.683,1.514749452901924,1.514749452901924,5.689761542915417,15.24195321394289,0.26851678623203157,6.123712116565593e-06,0.6363640000377263,0.23000509285842904
HI_4341,4341.684,0.8177815625962239,0.8177815625962239,3.0717833080917702,14.523063212880682,0.26851678623203157,6.123712116565593e-06,0.6363640000377263,0.23000509285842904
HI_4102,4102.892,0.6939007957702188,0.6939007957702188,2.6064574935531777,17.8533308346485,0.26851678623203157,6.123712116565593e-06,0.6363640000377263,0.23000509285842904
OIII_4363,4364.436,5.883319938307977,5.883319938307977,22.099158026115905,23.007764529497656,0.26851678623203157,6.123712116565593e-06,0.6363640000377263,0.23000509285842904
OIII_5007,5008.24,8.44636065366376,8.44636065366376,31.726552488757754,102.06592056710907,0.26851678623203157,6.123712116565593e-06,0.6363640000377263,0.23000509285842904
OIII_4959,4960.295,3.9294564681941893,3.9294564681941893,14.759979120282365,14.119354057355096,0.26851678623203157,6.123712116565593e-06,0.6363640000377263,0.23000509285842904
OII_3726,3727.092,75.35837546346715,75.35837546346715,283.06409738401663,430.38196906446456,0.26851678623203157,6.123712116565593e-06,0.6363640000377263,0.23000509285842904
OII_3729,3729.875,3.3375618119949877,3.3375618119949877,12.536681104991773,26.013999638798477,0.26851678623203157,6.123712116565593e-06,0.6363640000377263,0.23000509285842904
OI_6300,6302.046,158.98410355341366,158.98410355341366,597.1823502560886,1147.4067754437992,0.26851678623203157,6.123712116565593e-06,0.6363640000377263,0.23000509285842904
SII_6717,6718.29,0.0,0.0,0.0,10000000000.0,0.26851678623203157,6.123712116565593e-06,0.6363640000377263,0.23000509285842904
SII_6731,6732.67,22.206623714033867,22.206623714033867,83.41339444886023,190.44321319732558,0.26851678623203157,6.123712116565593e-06,0.6363640000377263,0.23000509285842904
NII_6548,6549.85,1.9841730905385475,1.9841730905385475,7.453029095607681,12.229643431451127,0.26851678623203157,6.123712116565593e-06,0.6363640000377263,0.23000509285842904
NII_6584,6585.28,1.575859577131041,1.575859577131041,5.91930579794419,12.243866483338516,0.26851678623203157,6.123712116565593e-06,0.6363640000377263,0.23000509285842904
NII_5755,5756.24,17.510816693498896,17.510816693498896,65.77481920646201,90.1948400075348,0.26851678623203157,6.123712116565593e-06,0.6363640000377263,0.23000509285842904
HeI_5876,5877.594,0.0,0.0,0.0,10000000000.0,0.26851678623203157,6.123712116565593e-06,0.6363640000377263,0.23000509285842904
HeII_4686,4687.02,0.0,0.0,0.0,10000000000.0,0.26851678623203157,6.123712116565593e-06,0.6363640000377263,0.23000509285842904
NeIII_3869,3870.16,7.695016124125573,16.736317861651592,28.904322580401384,63.727757231239224,0.26851678623203157,6.123712116565593e-06,0.6363640000377263,0.23000509285842904
