line,wl,amp,amp_err,flux,flux_err,z,zerr,FWHM,FWHMerr
HI_6563,6564.61,1.4148046007887842,1.4148046007887842,11.261787848343184,29.239192219930494,0.2702575848205967,2.0633951730865166e-05,1.3485380973189043,0.17464552296033786
HI_4861,4862.683,9.46533372220972,9.46533372220972,75.34367659948553,38.331695936410334,0.2702575848205967,2.0633951730865166e-05,1.3485380973189043,0.17464552296033786
HI_4341,4341.684,1.1507931039548112,1.1507931039548112,9.160266927920613,30.067860881366542,0.2702575848205967,2.0633951730865166e-05,1.3485380973189043,0.17464552296033786
HI_4102,4102.892,1.9673150509605648,1.9673150509605648,15.659748860314828,36.57832960353078,0.2702575848205967,2.0633951730865166e-05,1.3485380973189043,0.17464552296033786
OIII_4363,4364.436,0.0,0.0,0.0,10000000000.0,0.2702575848205967,2.0633951730865166e-05,1.3485380973189043,0.17464552296033786
OIII_5007,5008.24,0.0,0.0,0.0,10000000000.0,0.2702575848205967,2.0633951730865166e-05,1.3485380973189043,0.17464552296033786
OIII_4959,4960.295,64.31354711269637,64.31354711269637,511.9332542132009,85.50691185886204,0.2702575848205967,2.0633951730865166e-05,1.3485380973189043,0.17464552296033786
OII_3726,3727.092,1.9281533353253053,1.9281533353253053,15.34802317535766,34.85187892557647,0.2702575848205967,2.0633951730865166e-05,1.3485380973189043,0.17464552296033786
OII_3729,3729.875,0.0,0.0,0.0,10000000000.0,0.2702575848205967,2.0633951730865166e-05,1.3485380973189043,0.17464552296033786
OI_6300,6302.046,1.1900994976961101,1.1900994976961101,9.473144244796146,33.272383493322536,0.2702575848205967,2.0633951730865166e-05,1.3485380973189043,0.17464552296033786
SII_6717,6718.29,0.0,0.0,0.0,10000000000.0,0.2702575848205967,2.0633951730865166e-05,1.3485380973189043,0.17464552296033786
SII_6731,6732.67,0.0,0.0,0.0,10000000000.0,0.2702575848205967,2.0633951730865166e-05,1.3485380973189043,0.17464552296033786
NII_6548,6549.85,0.6478786180797442,0.6478786180797442,5.157087801540939,29.219551000104286,0.2702575848205967,2.0633951730865166e-05,1.3485380973189043,0.17464552296033786
NII_6584,6585.28,0.0,0.0,0.0,10000000000.0,0.2702575848205967,2.0633951730865166e-05,1.3485380973189043,0.17464552296033786
NII_5755,5756.24,0.0,0.0,0.0,10000000000.0,0.2702575848205967,2.0633951730865166e-05,1.3485380973189043,0.17464552296033786
HeI_5876,5877.594,0.0,0.0,0.0,10000000000.0,0.2702575848205967,2.0633951730865166e-05,1.3485380973189043,0.17464552296033786
HeII_4686,4687.02,0.0,0.0,0.0,10000000000.0,0.2702575848205967,2.0633951730865166e-05,1.3485380973189043,0.17464552296033786
NeIII_3869,3870.16,0.0,10000000000.0,0.0,10000000000.0,0.2702575848205967,2.0633951730865166e-05,1.3485380973189043,0.17464552296033786
