line,wl,amp,amp_err,flux,flux_err,z,zerr,FWHM,FWHMerr
HI_6563,6564.61,0.5499481027635511,0.5499481027635511,3.752613418465247,24.375259281762848,0.2702028725990576,1.411515258276866e-05,1.156017639143676,0.3142547878245422
HI_4861,4862.683,6.325690593192917,6.325690593192917,43.16383906370374,38.66061829359714,0.2702028725990576,1.411515258276866e-05,1.156017639143676,0.3142547878245422
HI_4341,4341.684,0.8381478166343186,0.8381478166343186,5.719166458715076,22.681977163405556,0.2702028725990576,1.411515258276866e-05,1.156017639143676,0.3142547878245422
HI_4102,4102.892,0.0,0.0,0.0,10000000000.0,0.2702028725990576,1.411515258276866e-05,1.156017639143676,0.3142547878245422
OIII_4363,4364.436,2.2704200808316273,2.2704200808316273,15.492387041736688,23.880945949673183,0.2702028725990576,1.411515258276866e-05,1.156017639143676,0.3142547878245422
OIII_5007,5008.24,0.0,0.0,0.0,10000000000.0,0.2702028725990576,1.411515258276866e-05,1.156017639143676,0.3142547878245422
OIII_4959,4960.295,75.01768468498085,75.01768468498085,511.8889741712402,257.7215868357588,0.2702028725990576,1.411515258276866e-05,1.156017639143676,0.3142547878245422
OII_3726,3727.092,10.622703687166222,10.622703687166222,72.48484029042861,50.561841162972925,0.2702028725990576,1.411515258276866e-05,1.156017639143676,0.3142547878245422
OII_3729,3729.875,3.9802722424943795,3.9802722424943795,27.15969552630869,30.197506045821736,0.2702028725990576,1.411515258276866e-05,1.156017639143676,0.3142547878245422
OI_6300,6302.046,0.0,0.0,0.0,10000000000.0,0.2702028725990576,1.411515258276866e-05,1.156017639143676,0.3142547878245422
SII_6717,6718.29,0.0,0.0,0.0,10000000000.0,0.2702028725990576,1.411515258276866e-05,1.156017639143676,0.3142547878245422
SII_6731,6732.67,0.0,0.0,0.0,10000000000.0,0.2702028725990576,1.411515258276866e-05,1.156017639143676,0.3142547878245422
NII_6548,6549.85,0.0,0.0,0.0,10000000000.0,0.2702028725990576,1.411515258276866e-05,1.156017639143676,0.3142547878245422
NII_6584,6585.28,0.06507249147250604,0.06507249147250604,0.4440271790112553,24.258700179341457,0.2702028725990576,1.411515258276866e-05,1.156017639143676,0.3142547878245422
NII_5755,5756.24,1.911105482161929,1.911105482161929,13.040576084225133,34.53963688254674,0.2702028725990576,1.411515258276866e-05,1.156017639143676,0.3142547878245422
HeI_5876,5877.594,0.0,0.0,0.0,10000000000.0,0.2702028725990576,1.411515258276866e-05,1.156017639143676,0.3142547878245422
HeII_4686,4687.02,0.0,0.0,0.0,10000000000.0,0.2702028725990576,1.411515258276866e-05,1.156017639143676,0.3142547878245422
NeIII_3869,3870.16,4.6807765358859115,3.5902590064557067,31.93964075725676,25.99151458325478,0.2702028725990576,1.411515258276866e-05,1.156017639143676,0.3142547878245422
