line,wl,amp,amp_err,flux,flux_err,z,zerr,FWHM,FWHMerr
HI_6563,6564.61,18.39648088432807,18.39648088432807,528.2554261835265,78.90402143918061,0.26977759854512956,3.524395700052117e-05,4.864761518749327,0.45646069038174647
HI_4861,4862.683,7.243640615751815,7.243640615751815,208.0013283330759,60.251348303923564,0.26977759854512956,3.524395700052117e-05,4.864761518749327,0.45646069038174647
HI_4341,4341.684,4.418194316089739,4.418194316089739,126.8685644870207,57.71571334238245,0.26977759854512956,3.524395700052117e-05,4.864761518749327,0.45646069038174647
HI_4102,4102.892,1.236426058121424,1.236426058121424,35.50400635774676,56.28333322688554,0.26977759854512956,3.524395700052117e-05,4.864761518749327,0.45646069038174647
OIII_4363,4364.436,1.395253232110349,1.395253232110349,40.06473278214242,56.316989795777374,0.26977759854512956,3.524395700052117e-05,4.864761518749327,0.45646069038174647
OIII_5007,5008.24,15.212455890368119,15.212455890368119,436.82606582166574,72.48760269441311,0.26977759854512956,3.524395700052117e-05,4.864761518749327,0.45646069038174647
OIII_4959,4960.295,7.980853386747867,7.980853386747867,229.17041219096845,61.08967603534888,0.26977759854512956,3.524395700052117e-05,4.864761518749327,0.45646069038174647
OII_3726,3727.092,11.335918903020797,11.335918903020797,325.51120559142015,75.53110640453419,0.26977759854512956,3.524395700052117e-05,4.864761518749327,0.45646069038174647
OII_3729,3729.875,10.114999520774063,10.114999520774063,290.4524738339831,74.62661123317629,0.26977759854512956,3.524395700052117e-05,4.864761518749327,0.45646069038174647
OI_6300,6302.046,0.0,0.0,0.0,10000000000.0,0.26977759854512956,3.524395700052117e-05,4.864761518749327,0.45646069038174647
SII_6717,6718.29,4.105625565180162,4.105625565180162,117.89314469007175,57.50598355363934,0.26977759854512956,3.524395700052117e-05,4.864761518749327,0.45646069038174647
SII_6731,6732.67,0.0,0.0,0.0,10000000000.0,0.26977759854512956,3.524395700052117e-05,4.864761518749327,0.45646069038174647
NII_6548,6549.85,0.0,0.0,0.0,10000000000.0,0.26977759854512956,3.524395700052117e-05,4.864761518749327,0.45646069038174647
NII_6584,6585.28,3.4160272160363547,3.4160272160363547,98.09131019178187,57.09525343399454,0.26977759854512956,3.524395700052117e-05,4.864761518749327,0.45646069038174647
NII_5755,5756.24,0.0,0.0,0.0,10000000000.0,0.26977759854512956,3.524395700052117e-05,4.864761518749327,0.45646069038174647
HeI_5876,5877.594,0.0,0.0,0.0,10000000000.0,0.26977759854512956,3.524395700052117e-05,4.864761518749327,0.45646069038174647
HeII_4686,4687.02,0.0,0.0,0.0,10000000000.0,0.26977759854512956,3.524395700052117e-05,4.864761518749327,0.45646069038174647
NeIII_3869,3870.16,3.1857833596475302,1.961478214075635,91.47985187822844,56.9741951541107,0.26977759854512956,3.524395700052117e-05,4.864761518749327,0.45646069038174647
