line,wl,amp,amp_err,flux,flux_err,z,zerr,FWHM,FWHMerr
HI_6563,6564.61,21.72091649073286,21.72091649073286,927.3264560659125,86.5860542653831,0.2693569306729997,3.3691310551544665e-05,7.232806491696375,0.39940825779426586
HI_4861,4862.683,9.01987905287092,9.01987905287092,385.083773044778,69.17172653255057,0.2693569306729997,3.3691310551544665e-05,7.232806491696375,0.39940825779426586
HI_4341,4341.684,3.8281828202880206,3.8281828202880206,163.43579284164562,65.73701157357299,0.2693569306729997,3.3691310551544665e-05,7.232806491696375,0.39940825779426586
HI_4102,4102.892,2.2474151203414294,2.2474151203414294,95.94841450379552,65.22757526618545,0.2693569306729997,3.3691310551544665e-05,7.232806491696375,0.39940825779426586
OIII_4363,4364.436,0.0,0.0,0.0,10000000000.0,0.2693569306729997,3.3691310551544665e-05,7.232806491696375,0.39940825779426586
OIII_5007,5008.24,19.198739290351,19.198739290351,819.6476826680115,82.34108150319373,0.2693569306729997,3.3691310551544665e-05,7.232806491696375,0.39940825779426586
OIII_4959,4960.295,13.860952096985898,13.860952096985898,591.7626722279999,74.527519038019,0.2693569306729997,3.3691310551544665e-05,7.232806491696375,0.39940825779426586
OII_3726,3727.092,14.955320796006617,14.955320796006617,638.484321736911,107.84649196941031,0.2693569306729997,3.3691310551544665e-05,7.232806491696375,0.39940825779426586
OII_3729,3729.875,13.120071347236035,13.120071347236035,560.13240836109,107.2119203035102,0.2693569306729997,3.3691310551544665e-05,7.232806491696375,0.39940825779426586
OI_6300,6302.046,2.371774554707713,2.371774554707713,101.25766531733503,65.25813973814324,0.2693569306729997,3.3691310551544665e-05,7.232806491696375,0.39940825779426586
SII_6717,6718.29,2.9479712774310656,2.9479712774310656,125.85710913490168,65.42163025872128,0.2693569306729997,3.3691310551544665e-05,7.232806491696375,0.39940825779426586
SII_6731,6732.67,3.308516145153476,3.308516145153476,141.2497742915686,65.54130914540528,0.2693569306729997,3.3691310551544665e-05,7.232806491696375,0.39940825779426586
NII_6548,6549.85,1.7158869803247399,1.7158869803247399,73.25599696279181,65.11665662674191,0.2693569306729997,3.3691310551544665e-05,7.232806491696375,0.39940825779426586
NII_6584,6585.28,2.4123697300441336,2.4123697300441336,102.99078648163572,65.26848447970973,0.2693569306729997,3.3691310551544665e-05,7.232806491696375,0.39940825779426586
NII_5755,5756.24,0.2533275573019864,0.2533275573019864,10.815259385436702,64.96148613713781,0.2693569306729997,3.3691310551544665e-05,7.232806491696375,0.39940825779426586
HeI_5876,5877.594,1.4682400610570312,1.4682400610570312,62.6832598456382,65.07321592405366,0.2693569306729997,3.3691310551544665e-05,7.232806491696375,0.39940825779426586
HeII_4686,4687.02,0.0,0.0,0.0,10000000000.0,0.2693569306729997,3.3691310551544665e-05,7.232806491696375,0.39940825779426586
NeIII_3869,3870.16,0.22183479151726715,1.5215348611754245,9.470745451168906,64.96066868894906,0.2693569306729997,3.3691310551544665e-05,7.232806491696375,0.39940825779426586
