line,wl,amp,amp_err,flux,flux_err,z,zerr,FWHM,FWHMerr
HI_6563,6564.61,0.03362828458330114,0.03362828458330114,1.4449701559198669,61.17473347271397,0.2700458350186551,0.0001258180795671819,7.279583050684035,1.0835408712021664
HI_4861,4862.683,0.7173096118162903,0.7173096118162903,30.821999827600383,61.38892992694683,0.2700458350186551,0.0001258180795671819,7.279583050684035,1.0835408712021664
HI_4341,4341.684,0.0,0.0,0.0,10000000000.0,0.2700458350186551,0.0001258180795671819,7.279583050684035,1.0835408712021664
HI_4102,4102.892,0.21962319665283303,0.21962319665283303,9.43696559736652,61.19432326138623,0.2700458350186551,0.0001258180795671819,7.279583050684035,1.0835408712021664
OIII_4363,4364.436,0.0,0.0,0.0,10000000000.0,0.2700458350186551,0.0001258180795671819,7.279583050684035,1.0835408712021664
OIII_5007,5008.24,2.8253615401083607,2.8253615401083607,121.40265718958676,64.42505136331408,0.2700458350186551,0.0001258180795671819,7.279583050684035,1.0835408712021664
OIII_4959,4960.295,2.352363293550411,2.352363293550411,101.07844623004065,63.44585163265849,0.2700458350186551,0.0001258180795671819,7.279583050684035,1.0835408712021664
OII_3726,3727.092,14.437542441036612,14.437542441036612,620.3652137071472,130.27311313156824,0.2700458350186551,0.0001258180795671819,7.279583050684035,1.0835408712021664
OII_3729,3729.875,0.0,0.0,0.0,10000000000.0,0.2700458350186551,0.0001258180795671819,7.279583050684035,1.0835408712021664
OI_6300,6302.046,0.0,0.0,0.0,10000000000.0,0.2700458350186551,0.0001258180795671819,7.279583050684035,1.0835408712021664
SII_6717,6718.29,0.0,0.0,0.0,10000000000.0,0.2700458350186551,0.0001258180795671819,7.279583050684035,1.0835408712021664
SII_6731,6732.67,1.1762243232261653,1.1762243232261653,50.541056874867486,61.74922448734532,0.2700458350186551,0.0001258180795671819,7.279583050684035,1.0835408712021664
NII_6548,6549.85,2.038322319590179,2.038322319590179,87.58445327941963,62.88747830007174,0.2700458350186551,0.0001258180795671819,7.279583050684035,1.0835408712021664
NII_6584,6585.28,2.6893152995957053,2.6893152995957053,115.55690086267911,64.12812319638333,0.2700458350186551,0.0001258180795671819,7.279583050684035,1.0835408712021664
NII_5755,5756.24,0.6884799779282957,0.6884799779282957,29.583222379079135,61.372082003400116,0.2700458350186551,0.0001258180795671819,7.279583050684035,1.0835408712021664
HeI_5876,5877.594,1.717743021883848,1.717743021883848,73.80951579654177,62.39538041765595,0.2700458350186551,0.0001258180795671819,7.279583050684035,1.0835408712021664
HeII_4686,4687.02,0.0,0.0,0.0,10000000000.0,0.2700458350186551,0.0001258180795671819,7.279583050684035,1.0835408712021664
NeIII_3869,3870.16,0.8569545371314007,1.4251047632157,36.82238765607121,61.47996926239209,0.2700458350186551,0.0001258180795671819,7.279583050684035,1.0835408712021664
