line,wl,amp,amp_err,flux,flux_err,z,zerr,FWHM,FWHMerr
HI_6563,6564.61,0.0,0.0,0.0,10000000000.0,0.2703028826855957,2.5412999894380567e-05,2.1311081840850576,0.252893962060336
HI_4861,4862.683,0.0,0.0,0.0,10000000000.0,0.2703028826855957,2.5412999894380567e-05,2.1311081840850576,0.252893962060336
HI_4341,4341.684,0.0,0.0,0.0,10000000000.0,0.2703028826855957,2.5412999894380567e-05,2.1311081840850576,0.252893962060336
HI_4102,4102.892,0.6703372228295166,0.6703372228295166,8.432308574987486,34.41940038703382,0.2703028826855957,2.5412999894380567e-05,2.1311081840850576,0.252893962060336
OIII_4363,4364.436,0.0,0.0,0.0,10000000000.0,0.2703028826855957,2.5412999894380567e-05,2.1311081840850576,0.252893962060336
OIII_5007,5008.24,4.594391181893457,4.594391181893457,57.79378324897223,35.19327128930747,0.2703028826855957,2.5412999894380567e-05,2.1311081840850576,0.252893962060336
OIII_4959,4960.295,24.974761005480786,24.974761005480786,314.1626098217408,53.15356730458232,0.2703028826855957,2.5412999894380567e-05,2.1311081840850576,0.252893962060336
OII_3726,3727.092,6.581606036274707,6.581606036274707,82.79136399827101,36.07732950305808,0.2703028826855957,2.5412999894380567e-05,2.1311081840850576,0.252893962060336
OII_3729,3729.875,4.1637161685522415,4.1637161685522415,52.37623446255556,35.2880793539814,0.2703028826855957,2.5412999894380567e-05,2.1311081840850576,0.252893962060336
OI_6300,6302.046,0.0,0.0,0.0,10000000000.0,0.2703028826855957,2.5412999894380567e-05,2.1311081840850576,0.252893962060336
SII_6717,6718.29,0.0,0.0,0.0,10000000000.0,0.2703028826855957,2.5412999894380567e-05,2.1311081840850576,0.252893962060336
SII_6731,6732.67,0.0,0.0,0.0,10000000000.0,0.2703028826855957,2.5412999894380567e-05,2.1311081840850576,0.252893962060336
NII_6548,6549.85,0.0,0.0,0.0,10000000000.0,0.2703028826855957,2.5412999894380567e-05,2.1311081840850576,0.252893962060336
NII_6584,6585.28,0.0,0.0,0.0,10000000000.0,0.2703028826855957,2.5412999894380567e-05,2.1311081840850576,0.252893962060336
NII_5755,5756.24,0.0,0.0,0.0,10000000000.0,0.2703028826855957,2.5412999894380567e-05,2.1311081840850576,0.252893962060336
HeI_5876,5877.594,0.0,0.0,0.0,10000000000.0,0.2703028826855957,2.5412999894380567e-05,2.1311081840850576,0.252893962060336
HeII_4686,4687.02,0.0,0.0,0.0,10000000000.0,0.2703028826855957,2.5412999894380567e-05,2.1311081840850576,0.252893962060336
NeIII_3869,3870.16,0.0,10000000000.0,0.0,10000000000.0,0.2703028826855957,2.5412999894380567e-05,2.1311081840850576,0.252893962060336
