line,wl,amp,amp_err,flux,flux_err,z,zerr,FWHM,FWHMerr
HI_6563,6564.61,30.70182720285493,30.70182720285493,1035.3502669397294,85.55454425958807,0.2696907750574672,2.2840287502771347e-05,5.713147261815168,0.2880310828604552
HI_4861,4862.683,6.7613193184504325,6.7613193184504325,228.01033029628445,63.86792336313159,0.2696907750574672,2.2840287502771347e-05,5.713147261815168,0.2880310828604552
HI_4341,4341.684,3.7534210902018685,3.7534210902018685,126.57570840983529,62.96699448501752,0.2696907750574672,2.2840287502771347e-05,5.713147261815168,0.2880310828604552
HI_4102,4102.892,0.0,0.0,0.0,10000000000.0,0.2696907750574672,2.2840287502771347e-05,5.713147261815168,0.2880310828604552
OIII_4363,4364.436,1.0768622131639631,1.0768622131639631,36.314763042928625,62.59500025669164,0.2696907750574672,2.2840287502771347e-05,5.713147261815168,0.2880310828604552
OIII_5007,5008.24,30.788142845129414,30.788142845129414,1038.2610683939715,85.66675344506419,0.2696907750574672,2.2840287502771347e-05,5.713147261815168,0.2880310828604552
OIII_4959,4960.295,15.12676327057045,15.12676327057045,510.1161662672266,68.85226838463302,0.2696907750574672,2.2840287502771347e-05,5.713147261815168,0.2880310828604552
OII_3726,3727.092,22.239815179284165,22.239815179284165,749.9878893338615,90.63193580687903,0.2696907750574672,2.2840287502771347e-05,5.713147261815168,0.2880310828604552
OII_3729,3729.875,13.928444856070314,13.928444856070314,469.70556522599156,87.63395394979666,0.2696907750574672,2.2840287502771347e-05,5.713147261815168,0.2880310828604552
OI_6300,6302.046,2.088174256482148,2.088174256482148,70.41899361821766,62.6873118995594,0.2696907750574672,2.2840287502771347e-05,5.713147261815168,0.2880310828604552
SII_6717,6718.29,7.060797148431448,7.060797148431448,238.10954846869805,63.98494302344198,0.2696907750574672,2.2840287502771347e-05,5.713147261815168,0.2880310828604552
SII_6731,6732.67,7.016164047947768,7.016164047947768,236.60439725425084,63.967128007579575,0.2696907750574672,2.2840287502771347e-05,5.713147261815168,0.2880310828604552
NII_6548,6549.85,0.0,0.0,0.0,10000000000.0,0.2696907750574672,2.2840287502771347e-05,5.713147261815168,0.2880310828604552
NII_6584,6585.28,0.7752074501402149,0.7752074501402149,26.14213268589123,62.57887765741918,0.2696907750574672,2.2840287502771347e-05,5.713147261815168,0.2880310828604552
NII_5755,5756.24,0.0,0.0,0.0,10000000000.0,0.2696907750574672,2.2840287502771347e-05,5.713147261815168,0.2880310828604552
HeI_5876,5877.594,1.06419565572196,1.06419565572196,35.88761180068706,62.59421024298658,0.2696907750574672,2.2840287502771347e-05,5.713147261815168,0.2880310828604552
HeII_4686,4687.02,0.0,0.0,0.0,10000000000.0,0.2696907750574672,2.2840287502771347e-05,5.713147261815168,0.2880310828604552
NeIII_3869,3870.16,5.345727494908601,1.8600597351107426,180.27267081765103,63.38135019304086,0.2696907750574672,2.2840287502771347e-05,5.713147261815168,0.2880310828604552
