line,wl,amp,amp_err,flux,flux_err,z,zerr,FWHM,FWHMerr
HI_6563,6564.61,0.0,0.0,0.0,10000000000.0,0.269983566838475,1.4967832199816445e-05,0.8018653362011308,0.3280400327869728
HI_4861,4862.683,5.3439364399457645,5.3439364399457645,25.293584613938563,56.60126212483619,0.269983566838475,1.4967832199816445e-05,0.8018653362011308,0.3280400327869728
HI_4341,4341.684,0.0,0.0,0.0,10000000000.0,0.269983566838475,1.4967832199816445e-05,0.8018653362011308,0.3280400327869728
HI_4102,4102.892,0.0,0.0,0.0,10000000000.0,0.269983566838475,1.4967832199816445e-05,0.8018653362011308,0.3280400327869728
OIII_4363,4364.436,2.970645392397273,2.970645392397273,14.060472356847441,33.482684148792934,0.269983566838475,1.4967832199816445e-05,0.8018653362011308,0.3280400327869728
OIII_5007,5008.24,0.0,0.0,0.0,10000000000.0,0.269983566838475,1.4967832199816445e-05,0.8018653362011308,0.3280400327869728
OIII_4959,4960.295,18.812904664998314,18.812904664998314,89.04405980976145,55.78650266485908,0.269983566838475,1.4967832199816445e-05,0.8018653362011308,0.3280400327869728
OII_3726,3727.092,0.0,0.0,0.0,10000000000.0,0.269983566838475,1.4967832199816445e-05,0.8018653362011308,0.3280400327869728
OII_3729,3729.875,16.879547010503188,16.879547010503188,79.89321268189505,73.81339117416665,0.269983566838475,1.4967832199816445e-05,0.8018653362011308,0.3280400327869728
OI_6300,6302.046,2.6355974866839915,2.6355974866839915,12.474644634508774,15.355600085443776,0.269983566838475,1.4967832199816445e-05,0.8018653362011308,0.3280400327869728
SII_6717,6718.29,0.0,0.0,0.0,10000000000.0,0.269983566838475,1.4967832199816445e-05,0.8018653362011308,0.3280400327869728
SII_6731,6732.67,23.62194769433779,23.62194769433779,111.80592049834105,159.17526187568808,0.269983566838475,1.4967832199816445e-05,0.8018653362011308,0.3280400327869728
NII_6548,6549.85,8.86328618898483,8.86328618898483,41.951149999253374,37.938760267098296,0.269983566838475,1.4967832199816445e-05,0.8018653362011308,0.3280400327869728
NII_6584,6585.28,10.514605362131533,10.514605362131533,49.767070285728394,42.46645268225339,0.269983566838475,1.4967832199816445e-05,0.8018653362011308,0.3280400327869728
NII_5755,5756.24,3.610978083902637,3.610978083902637,17.091254870014144,44.538475133159544,0.269983566838475,1.4967832199816445e-05,0.8018653362011308,0.3280400327869728
HeI_5876,5877.594,0.0,0.0,0.0,10000000000.0,0.269983566838475,1.4967832199816445e-05,0.8018653362011308,0.3280400327869728
HeII_4686,4687.02,0.0,0.0,0.0,10000000000.0,0.269983566838475,1.4967832199816445e-05,0.8018653362011308,0.3280400327869728
NeIII_3869,3870.16,0.0,10000000000.0,0.0,10000000000.0,0.269983566838475,1.4967832199816445e-05,0.8018653362011308,0.3280400327869728
