line,wl,amp,amp_err,flux,flux_err,z,zerr,FWHM,FWHMerr
HI_6563,6564.61,2.432319918112853,2.432319918112853,6.517025637623755,12.362147287743314,0.2702474345241573,5.167062639452784e-06,0.4539218359930308,0.5390390991062562
HI_4861,4862.683,12.275308895745866,12.275308895745866,32.88979471310444,416.8987629857414,0.2702474345241573,5.167062639452784e-06,0.4539218359930308,0.5390390991062562
HI_4341,4341.684,6.18573831381741,6.18573831381741,16.57373065055384,30.1065817466773,0.2702474345241573,5.167062639452784e-06,0.4539218359930308,0.5390390991062562
HI_4102,4102.892,0.0,0.0,0.0,10000000000.0,0.2702474345241573,5.167062639452784e-06,0.4539218359930308,0.5390390991062562
OIII_4363,4364.436,3.5553129542987563,3.5553129542987563,9.525912072831952,51.861629696088656,0.2702474345241573,5.167062639452784e-06,0.4539218359930308,0.5390390991062562
OIII_5007,5008.24,0.0,0.0,0.0,10000000000.0,0.2702474345241573,5.167062639452784e-06,0.4539218359930308,0.5390390991062562
OIII_4959,4960.295,129.11193160793414,129.11193160793414,345.9354841220323,916.1919110147797,0.2702474345241573,5.167062639452784e-06,0.4539218359930308,0.5390390991062562
OII_3726,3727.092,21.9868104329438,21.9868104329438,58.91026349537133,527.2724912377134,0.2702474345241573,5.167062639452784e-06,0.4539218359930308,0.5390390991062562
OII_3729,3729.875,94.37216752358768,94.37216752358768,252.85565054555843,2399.5962899091232,0.2702474345241573,5.167062639452784e-06,0.4539218359930308,0.5390390991062562
OI_6300,6302.046,1.4752421654574164,1.4752421654574164,3.9526835850807256,37.79024718856455,0.2702474345241573,5.167062639452784e-06,0.4539218359930308,0.5390390991062562
SII_6717,6718.29,0.0,0.0,0.0,10000000000.0,0.2702474345241573,5.167062639452784e-06,0.4539218359930308,0.5390390991062562
SII_6731,6732.67,4.367820611903426,4.367820611903426,11.702900879256541,21.176173911962326,0.2702474345241573,5.167062639452784e-06,0.4539218359930308,0.5390390991062562
NII_6548,6549.85,0.03368031480488298,0.03368031480488298,0.09024120282539139,9.359257640186385,0.2702474345241573,5.167062639452784e-06,0.4539218359930308,0.5390390991062562
NII_6584,6585.28,0.0,0.0,0.0,10000000000.0,0.2702474345241573,5.167062639452784e-06,0.4539218359930308,0.5390390991062562
NII_5755,5756.24,24.081389442813133,24.081389442813133,64.52236452110232,504.3960127251544,0.2702474345241573,5.167062639452784e-06,0.4539218359930308,0.5390390991062562
HeI_5876,5877.594,0.08632478038884983,0.08632478038884983,0.23129391934300336,8.945783604320912,0.2702474345241573,5.167062639452784e-06,0.4539218359930308,0.5390390991062562
HeII_4686,4687.02,0.0,0.0,0.0,10000000000.0,0.2702474345241573,5.167062639452784e-06,0.4539218359930308,0.5390390991062562
NeIII_3869,3870.16,8.129723558654064,3.0690140559780317,21.782338936585628,27.142426478811547,0.2702474345241573,5.167062639452784e-06,0.4539218359930308,0.5390390991062562
