line,wl,amp,amp_err,flux,flux_err,z,zerr,FWHM,FWHMerr
HI_6563,6564.61,30.33009094863087,30.33009094863087,68.02289900561706,1501.6091180744006,0.2699819128655621,8.945207291934402e-05,0.37995640158515087,1.2627803939504887
HI_4861,4862.683,0.0,0.0,0.0,10000000000.0,0.2699819128655621,8.945207291934402e-05,0.37995640158515087,1.2627803939504887
HI_4341,4341.684,0.0,0.0,0.0,10000000000.0,0.2699819128655621,8.945207291934402e-05,0.37995640158515087,1.2627803939504887
HI_4102,4102.892,0.0,0.0,0.0,10000000000.0,0.2699819128655621,8.945207291934402e-05,0.37995640158515087,1.2627803939504887
OIII_4363,4364.436,72.35740359724082,72.35740359724082,162.27977573624673,3950.3742545186856,0.2699819128655621,8.945207291934402e-05,0.37995640158515087,1.2627803939504887
OIII_5007,5008.24,617.5375644843148,617.5375644843148,1384.9841549185167,54721.675477012686,0.2699819128655621,8.945207291934402e-05,0.37995640158515087,1.2627803939504887
OIII_4959,4960.295,246.7389517966492,246.7389517966492,553.3744962137322,9224.255941288144,0.2699819128655621,8.945207291934402e-05,0.37995640158515087,1.2627803939504887
OII_3726,3727.092,0.0,0.0,0.0,10000000000.0,0.2699819128655621,8.945207291934402e-05,0.37995640158515087,1.2627803939504887
OII_3729,3729.875,41.48332622941325,41.48332622941325,93.03684961906856,2584.3305920113116,0.2699819128655621,8.945207291934402e-05,0.37995640158515087,1.2627803939504887
OI_6300,6302.046,0.0,0.0,0.0,10000000000.0,0.2699819128655621,8.945207291934402e-05,0.37995640158515087,1.2627803939504887
SII_6717,6718.29,14.94780624933685,14.94780624933685,33.52423560405021,297.48221191622775,0.2699819128655621,8.945207291934402e-05,0.37995640158515087,1.2627803939504887
SII_6731,6732.67,1097.6579181578968,1097.6579181578968,2461.7754637145586,97749.18192872364,0.2699819128655621,8.945207291934402e-05,0.37995640158515087,1.2627803939504887
NII_6548,6549.85,0.0,0.0,0.0,10000000000.0,0.2699819128655621,8.945207291934402e-05,0.37995640158515087,1.2627803939504887
NII_6584,6585.28,0.0,0.0,0.0,10000000000.0,0.2699819128655621,8.945207291934402e-05,0.37995640158515087,1.2627803939504887
NII_5755,5756.24,0.0,0.0,0.0,10000000000.0,0.2699819128655621,8.945207291934402e-05,0.37995640158515087,1.2627803939504887
HeI_5876,5877.594,0.0,0.0,0.0,10000000000.0,0.2699819128655621,8.945207291934402e-05,0.37995640158515087,1.2627803939504887
HeII_4686,4687.02,0.0,0.0,0.0,10000000000.0,0.2699819128655621,8.945207291934402e-05,0.37995640158515087,1.2627803939504887
NeIII_3869,3870.16,7.183870399178204,43.09908679367592,16.11164606991724,110.5013015429173,0.2699819128655621,8.945207291934402e-05,0.37995640158515087,1.2627803939504887
