line,wl,amp,amp_err,flux,flux_err,z,zerr,FWHM,FWHMerr
HI_6563,6564.61,0.0,0.0,0.0,10000000000.0,0.2700945692581972,2.2118042255689335e-05,1.5077421361089511,0.20799751434145905
HI_4861,4862.683,0.0,0.0,0.0,10000000000.0,0.2700945692581972,2.2118042255689335e-05,1.5077421361089511,0.20799751434145905
HI_4341,4341.684,0.0,0.0,0.0,10000000000.0,0.2700945692581972,2.2118042255689335e-05,1.5077421361089511,0.20799751434145905
HI_4102,4102.892,0.0,0.0,0.0,10000000000.0,0.2700945692581972,2.2118042255689335e-05,1.5077421361089511,0.20799751434145905
OIII_4363,4364.436,0.0,0.0,0.0,10000000000.0,0.2700945692581972,2.2118042255689335e-05,1.5077421361089511,0.20799751434145905
OIII_5007,5008.24,6.6494516798215955,6.6494516798215955,59.17803830881641,29.10925038417403,0.2700945692581972,2.2118042255689335e-05,1.5077421361089511,0.20799751434145905
OIII_4959,4960.295,35.50534602108178,35.50534602108178,315.98646447487727,56.63959905381734,0.2700945692581972,2.2118042255689335e-05,1.5077421361089511,0.20799751434145905
OII_3726,3727.092,1.2421365461012783,1.2421365461012783,11.054626403711913,28.204634370277077,0.2700945692581972,2.2118042255689335e-05,1.5077421361089511,0.20799751434145905
OII_3729,3729.875,6.708564071352839,6.708564071352839,59.70412008803696,28.71238993804611,0.2700945692581972,2.2118042255689335e-05,1.5077421361089511,0.20799751434145905
OI_6300,6302.046,6.893933303177732,6.893933303177732,61.35384822058333,34.0399300468761,0.2700945692581972,2.2118042255689335e-05,1.5077421361089511,0.20799751434145905
SII_6717,6718.29,1.4028519066933995,1.4028519066933995,12.484942800295002,31.74493447937012,0.2700945692581972,2.2118042255689335e-05,1.5077421361089511,0.20799751434145905
SII_6731,6732.67,0.0,0.0,0.0,10000000000.0,0.2700945692581972,2.2118042255689335e-05,1.5077421361089511,0.20799751434145905
NII_6548,6549.85,0.0,0.0,0.0,10000000000.0,0.2700945692581972,2.2118042255689335e-05,1.5077421361089511,0.20799751434145905
NII_6584,6585.28,0.0,0.0,0.0,10000000000.0,0.2700945692581972,2.2118042255689335e-05,1.5077421361089511,0.20799751434145905
NII_5755,5756.24,0.0,0.0,0.0,10000000000.0,0.2700945692581972,2.2118042255689335e-05,1.5077421361089511,0.20799751434145905
HeI_5876,5877.594,0.5215069021845693,0.5215069021845693,4.641248169295461,28.995061991728544,0.2700945692581972,2.2118042255689335e-05,1.5077421361089511,0.20799751434145905
HeII_4686,4687.02,0.0,0.0,0.0,10000000000.0,0.2700945692581972,2.2118042255689335e-05,1.5077421361089511,0.20799751434145905
NeIII_3869,3870.16,7.055967595315451,3.7036108456304917,62.795902695024616,34.08036867911651,0.2700945692581972,2.2118042255689335e-05,1.5077421361089511,0.20799751434145905
