line,wl,amp,amp_err,flux,flux_err,z,zerr,FWHM,FWHMerr
HI_6563,6564.61,6.357780592448421,6.357780592448421,168.59574009152968,57.318030057187954,0.26933654839358134,6.829482493991424e-05,4.492554999586305,0.7373169929568645
HI_4861,4862.683,0.3552663581632487,0.3552663581632487,9.420959675031645,48.285662046216586,0.26933654839358134,6.829482493991424e-05,4.492554999586305,0.7373169929568645
HI_4341,4341.684,4.057715556652738,4.057715556652738,107.60257410696919,52.138170500314494,0.26933654839358134,6.829482493991424e-05,4.492554999586305,0.7373169929568645
HI_4102,4102.892,1.914538941060755,1.914538941060755,50.76977807091732,49.14550278106989,0.26933654839358134,6.829482493991424e-05,4.492554999586305,0.7373169929568645
OIII_4363,4364.436,2.1305677675285324,2.1305677675285324,56.49843437634251,49.355124340838,0.26933654839358134,6.829482493991424e-05,4.492554999586305,0.7373169929568645
OIII_5007,5008.24,6.555178385801014,6.555178385801014,173.83033832573813,57.839929157998924,0.26933654839358134,6.829482493991424e-05,4.492554999586305,0.7373169929568645
OIII_4959,4960.295,1.1368290321945551,1.1368290321945551,30.146452720943497,48.570715803415794,0.26933654839358134,6.829482493991424e-05,4.492554999586305,0.7373169929568645
OII_3726,3727.092,7.198349799436983,7.198349799436983,190.8859694396002,76.05247348384258,0.26933654839358134,6.829482493991424e-05,4.492554999586305,0.7373169929568645
OII_3729,3729.875,12.176837469423162,12.176837469423162,322.90559500749595,82.90697891771401,0.26933654839358134,6.829482493991424e-05,4.492554999586305,0.7373169929568645
OI_6300,6302.046,0.4564250290450218,0.4564250290450218,12.103487128754306,48.30570479442364,0.26933654839358134,6.829482493991424e-05,4.492554999586305,0.7373169929568645
SII_6717,6718.29,1.4879965823511156,1.4879965823511156,39.45872013153911,48.794922617167614,0.26933654839358134,6.829482493991424e-05,4.492554999586305,0.7373169929568645
SII_6731,6732.67,0.0,0.0,0.0,10000000000.0,0.26933654839358134,6.829482493991424e-05,4.492554999586305,0.7373169929568645
NII_6548,6549.85,0.0,0.0,0.0,10000000000.0,0.26933654839358134,6.829482493991424e-05,4.492554999586305,0.7373169929568645
NII_6584,6585.28,3.110412019753653,3.110412019753653,82.48196187877667,50.57281200580239,0.26933654839358134,6.829482493991424e-05,4.492554999586305,0.7373169929568645
NII_5755,5756.24,0.0,0.0,0.0,10000000000.0,0.26933654839358134,6.829482493991424e-05,4.492554999586305,0.7373169929568645
HeI_5876,5877.594,2.6342388810936654,2.6342388810936654,69.85479402409445,49.927611101017455,0.26933654839358134,6.829482493991424e-05,4.492554999586305,0.7373169929568645
HeII_4686,4687.02,0.0,0.0,0.0,10000000000.0,0.26933654839358134,6.829482493991424e-05,4.492554999586305,0.7373169929568645
NeIII_3869,3870.16,5.490320670739607,1.8745478408905885,145.59242228689368,55.154014851784254,0.26933654839358134,6.829482493991424e-05,4.492554999586305,0.7373169929568645
