line,wl,amp,amp_err,flux,flux_err,z,zerr,FWHM,FWHMerr
HI_6563,6564.61,0.0,0.0,0.0,10000000000.0,0.2702303026510775,2.4121236605740078e-05,2.272273689535008,0.2875233920184089
HI_4861,4862.683,1.7522805507049952,1.7522805507049952,23.50238512489724,35.2376352755149,0.2702303026510775,2.4121236605740078e-05,2.272273689535008,0.2875233920184089
HI_4341,4341.684,0.0,0.0,0.0,10000000000.0,0.2702303026510775,2.4121236605740078e-05,2.272273689535008,0.2875233920184089
HI_4102,4102.892,0.0,0.0,0.0,10000000000.0,0.2702303026510775,2.4121236605740078e-05,2.272273689535008,0.2875233920184089
OIII_4363,4364.436,0.0,0.0,0.0,10000000000.0,0.2702303026510775,2.4121236605740078e-05,2.272273689535008,0.2875233920184089
OIII_5007,5008.24,4.978098241604016,4.978098241604016,66.76852175108596,36.34756546770505,0.2702303026510775,2.4121236605740078e-05,2.272273689535008,0.2875233920184089
OIII_4959,4960.295,27.009302927707722,27.009302927707722,362.2610769186528,62.23382669453788,0.2702303026510775,2.4121236605740078e-05,2.272273689535008,0.2875233920184089
OII_3726,3727.092,4.446550634187815,4.446550634187815,59.639163055249796,36.32940931443263,0.2702303026510775,2.4121236605740078e-05,2.272273689535008,0.2875233920184089
OII_3729,3729.875,8.323505528372948,8.323505528372948,111.63864852481964,38.69793923527223,0.2702303026510775,2.4121236605740078e-05,2.272273689535008,0.2875233920184089
OI_6300,6302.046,0.0,0.0,0.0,10000000000.0,0.2702303026510775,2.4121236605740078e-05,2.272273689535008,0.2875233920184089
SII_6717,6718.29,2.8012304209570402,2.8012304209570402,37.571378710117365,35.31978224973037,0.2702303026510775,2.4121236605740078e-05,2.272273689535008,0.2875233920184089
SII_6731,6732.67,0.0,0.0,0.0,10000000000.0,0.2702303026510775,2.4121236605740078e-05,2.272273689535008,0.2875233920184089
NII_6548,6549.85,1.0512975054811022,1.0512975054811022,14.100481138548199,34.936331813626616,0.2702303026510775,2.4121236605740078e-05,2.272273689535008,0.2875233920184089
NII_6584,6585.28,0.0,0.0,0.0,10000000000.0,0.2702303026510775,2.4121236605740078e-05,2.272273689535008,0.2875233920184089
NII_5755,5756.24,1.4014702611355006,1.4014702611355006,18.797157684050614,35.177541691678414,0.2702303026510775,2.4121236605740078e-05,2.272273689535008,0.2875233920184089
HeI_5876,5877.594,1.3202137928515185,1.3202137928515185,17.707308909132234,35.00723501046872,0.2702303026510775,2.4121236605740078e-05,2.272273689535008,0.2875233920184089
HeII_4686,4687.02,0.0,0.0,0.0,10000000000.0,0.2702303026510775,2.4121236605740078e-05,2.272273689535008,0.2875233920184089
NeIII_3869,3870.16,0.9554373263248408,2.6018992042816302,12.814760739628245,34.93550918397962,0.2702303026510775,2.4121236605740078e-05,2.272273689535008,0.2875233920184089
