line,wl,amp,amp_err,flux,flux_err,z,zerr,FWHM,FWHMerr
HI_6563,6564.61,94.57418913005336,94.57418913005336,2055.3916678450446,64.30071057016104,0.26935514253983495,5.639295784921708e-06,3.681919652927842,0.0719665551782216
HI_4861,4862.683,31.932246609228514,31.932246609228514,693.98716732243,48.4470078295952,0.26935514253983495,5.639295784921708e-06,3.681919652927842,0.0719665551782216
HI_4341,4341.684,15.334037035986626,15.334037035986626,333.2563804998965,46.58492676395854,0.26935514253983495,5.639295784921708e-06,3.681919652927842,0.0719665551782216
HI_4102,4102.892,8.665691611992429,8.665691611992429,188.33246680984666,46.195890346918,0.26935514253983495,5.639295784921708e-06,3.681919652927842,0.0719665551782216
OIII_4363,4364.436,0.08742955640411765,0.08742955640411765,1.9001165477537987,46.01218681943151,0.26935514253983495,5.639295784921708e-06,3.681919652927842,0.0719665551782216
OIII_5007,5008.24,90.54789709539705,90.54789709539705,1967.8878026100674,62.97963239837489,0.26935514253983495,5.639295784921708e-06,3.681919652927842,0.0719665551782216
OIII_4959,4960.295,29.343365505670363,29.343365505670363,637.7227182349783,48.07632939940941,0.26935514253983495,5.639295784921708e-06,3.681919652927842,0.0719665551782216
OII_3726,3727.092,50.964682583164176,50.964682583164176,1107.6212748887888,56.33138454149079,0.26935514253983495,5.639295784921708e-06,3.681919652927842,0.0719665551782216
OII_3729,3729.875,61.95456340807186,61.95456340807186,1346.465611656644,58.154547171685955,0.26935514253983495,5.639295784921708e-06,3.681919652927842,0.0719665551782216
OI_6300,6302.046,6.783322821099318,6.783322821099318,147.42273061012304,46.12480853978676,0.26935514253983495,5.639295784921708e-06,3.681919652927842,0.0719665551782216
SII_6717,6718.29,14.393585494843023,14.393585494843023,312.81743960640983,46.51721692622415,0.26935514253983495,5.639295784921708e-06,3.681919652927842,0.0719665551782216
SII_6731,6732.67,10.50396400850127,10.50396400850127,228.28385102756386,46.28181317355952,0.26935514253983495,5.639295784921708e-06,3.681919652927842,0.0719665551782216
NII_6548,6549.85,0.8387387357262241,0.8387387357262241,18.228404861498767,46.01390712974109,0.26935514253983495,5.639295784921708e-06,3.681919652927842,0.0719665551782216
NII_6584,6585.28,8.901079381504474,8.901079381504474,193.44817612354083,46.205971459870945,0.26935514253983495,5.639295784921708e-06,3.681919652927842,0.0719665551782216
NII_5755,5756.24,2.3227688626857343,2.3227688626857343,50.48100132403933,46.02542116444298,0.26935514253983495,5.639295784921708e-06,3.681919652927842,0.0719665551782216
HeI_5876,5877.594,5.220834319591063,5.220834319591063,113.46498932103368,46.07893539697883,0.26935514253983495,5.639295784921708e-06,3.681919652927842,0.0719665551782216
HeII_4686,4687.02,2.1600499167107046e-12,2.1600499167107046e-12,4.6944611862664355e-11,46.01217174585625,0.26935514253983495,5.639295784921708e-06,3.681919652927842,0.0719665551782216
NeIII_3869,3870.16,1.8735994882542855,2.1172243410806533,40.71915194261868,46.02076143164533,0.26935514253983495,5.639295784921708e-06,3.681919652927842,0.0719665551782216
