line,wl,amp,amp_err,flux,flux_err,z,zerr,FWHM,FWHMerr
HI_6563,6564.61,0.0,0.0,0.0,10000000000.0,0.27015282244311284,1.558020370582668e-05,1.723490637656933,0.31212233104714776
HI_4861,4862.683,1.2951710786285275,1.2951710786285275,13.176004205051978,32.74594505566242,0.27015282244311284,1.558020370582668e-05,1.723490637656933,0.31212233104714776
HI_4341,4341.684,4.146251058168218,4.146251058168218,42.18054454665179,33.440123463671,0.27015282244311284,1.558020370582668e-05,1.723490637656933,0.31212233104714776
HI_4102,4102.892,1.3224602037006434,1.3224602037006434,13.453621295670716,32.48759619204099,0.27015282244311284,1.558020370582668e-05,1.723490637656933,0.31212233104714776
OIII_4363,4364.436,0.0,0.0,0.0,10000000000.0,0.27015282244311284,1.558020370582668e-05,1.723490637656933,0.31212233104714776
OIII_5007,5008.24,0.0,0.0,0.0,10000000000.0,0.27015282244311284,1.558020370582668e-05,1.723490637656933,0.31212233104714776
OIII_4959,4960.295,36.65183393210077,36.65183393210077,372.86558199214994,89.6581454172431,0.27015282244311284,1.558020370582668e-05,1.723490637656933,0.31212233104714776
OII_3726,3727.092,8.264989887405818,8.264989887405818,84.0812023277158,37.804644534509734,0.27015282244311284,1.558020370582668e-05,1.723490637656933,0.31212233104714776
OII_3729,3729.875,0.0,0.0,0.0,10000000000.0,0.27015282244311284,1.558020370582668e-05,1.723490637656933,0.31212233104714776
OI_6300,6302.046,0.0,0.0,0.0,10000000000.0,0.27015282244311284,1.558020370582668e-05,1.723490637656933,0.31212233104714776
SII_6717,6718.29,0.0,0.0,0.0,10000000000.0,0.27015282244311284,1.558020370582668e-05,1.723490637656933,0.31212233104714776
SII_6731,6732.67,2.580055391575229,2.580055391575229,26.247359325425776,34.04462870217085,0.27015282244311284,1.558020370582668e-05,1.723490637656933,0.31212233104714776
NII_6548,6549.85,0.0,0.0,0.0,10000000000.0,0.27015282244311284,1.558020370582668e-05,1.723490637656933,0.31212233104714776
NII_6584,6585.28,1.1936555273072145,1.1936555273072145,12.143268566371596,33.977442405486464,0.27015282244311284,1.558020370582668e-05,1.723490637656933,0.31212233104714776
NII_5755,5756.24,0.0,0.0,0.0,10000000000.0,0.27015282244311284,1.558020370582668e-05,1.723490637656933,0.31212233104714776
HeI_5876,5877.594,5.84634520341308,5.84634520341308,59.47590264749098,36.604650249478986,0.27015282244311284,1.558020370582668e-05,1.723490637656933,0.31212233104714776
HeII_4686,4687.02,0.0,0.0,0.0,10000000000.0,0.27015282244311284,1.558020370582668e-05,1.723490637656933,0.31212233104714776
NeIII_3869,3870.16,0.0,10000000000.0,0.0,10000000000.0,0.27015282244311284,1.558020370582668e-05,1.723490637656933,0.31212233104714776
