line,wl,amp,amp_err,flux,flux_err,z,zerr,FWHM,FWHMerr
HI_6563,6564.61,39.41561046993638,39.41561046993638,968.9541533350806,71.89215609838405,0.26935564120009237,1.50431065488511e-05,4.164734428753989,0.19342431145782843
HI_4861,4862.683,16.063847792774595,16.063847792774595,394.89765226961447,55.29667182948825,0.26935564120009237,1.50431065488511e-05,4.164734428753989,0.19342431145782843
HI_4341,4341.684,2.8057647068586675,2.8057647068586675,68.97412810757562,51.47943192676263,0.26935564120009237,1.50431065488511e-05,4.164734428753989,0.19342431145782843
HI_4102,4102.892,5.586022344986077,5.586022344986077,137.3212158143586,51.84729268222633,0.26935564120009237,1.50431065488511e-05,4.164734428753989,0.19342431145782843
OIII_4363,4364.436,2.8057912501718647,2.8057912501718647,68.9747806219794,51.479422655678896,0.26935564120009237,1.50431065488511e-05,4.164734428753989,0.19342431145782843
OIII_5007,5008.24,38.382451149053395,38.382451149053395,943.5559924772149,70.9752391103271,0.26935564120009237,1.50431065488511e-05,4.164734428753989,0.19342431145782843
OIII_4959,4960.295,11.584038562063483,11.584038562063483,284.7704790888975,53.44110360545157,0.26935564120009237,1.50431065488511e-05,4.164734428753989,0.19342431145782843
OII_3726,3727.092,20.42858477085656,20.42858477085656,502.1960036766922,64.55880086973167,0.26935564120009237,1.50431065488511e-05,4.164734428753989,0.19342431145782843
OII_3729,3729.875,26.500610564273757,26.500610564273757,651.4646447440908,66.89544095090476,0.26935564120009237,1.50431065488511e-05,4.164734428753989,0.19342431145782843
OI_6300,6302.046,3.7868446098254935,3.7868446098254935,93.0920203690276,51.58166799290448,0.26935564120009237,1.50431065488511e-05,4.164734428753989,0.19342431145782843
SII_6717,6718.29,2.6890389842290006,2.6890389842290006,66.1046590724754,51.46927194314913,0.26935564120009237,1.50431065488511e-05,4.164734428753989,0.19342431145782843
SII_6731,6732.67,2.643692424307119,2.643692424307119,64.9899043584953,51.46544934054969,0.26935564120009237,1.50431065488511e-05,4.164734428753989,0.19342431145782843
NII_6548,6549.85,0.0,0.0,0.0,10000000000.0,0.26935564120009237,1.50431065488511e-05,4.164734428753989,0.19342431145782843
NII_6584,6585.28,6.0009880390688295,6.0009880390688295,147.52231958972038,51.92280991171758,0.26935564120009237,1.50431065488511e-05,4.164734428753989,0.19342431145782843
NII_5755,5756.24,1.5644414446090877,1.5644414446090877,38.4586720167563,51.393500873615565,0.26935564120009237,1.50431065488511e-05,4.164734428753989,0.19342431145782843
HeI_5876,5877.594,1.8495739092921895,1.8495739092921895,45.46808485119884,51.40892788363413,0.26935564120009237,1.50431065488511e-05,4.164734428753989,0.19342431145782843
HeII_4686,4687.02,0.0,0.0,0.0,10000000000.0,0.26935564120009237,1.50431065488511e-05,4.164734428753989,0.19342431145782843
NeIII_3869,3870.16,4.300752242999579,2.0914171729120232,105.7254143380094,51.64726399290081,0.26935564120009237,1.50431065488511e-05,4.164734428753989,0.19342431145782843
