line,wl,amp,amp_err,flux,flux_err,z,zerr,FWHM,FWHMerr
HI_6563,6564.61,0.0,0.0,0.0,10000000000.0,0.2702706644501755,1.894789415958686e-05,1.7932372892588706,0.1701116829303501
HI_4861,4862.683,1.070326621268805,1.070326621268805,11.329265296272078,36.284241066726224,0.2702706644501755,1.894789415958686e-05,1.7932372892588706,0.1701116829303501
HI_4341,4341.684,3.1111030357814116,3.1111030357814116,32.93061291386225,35.86965550761692,0.2702706644501755,1.894789415958686e-05,1.7932372892588706,0.1701116829303501
HI_4102,4102.892,7.207160311830307,7.207160311830307,76.28683579662388,37.76018025128864,0.2702706644501755,1.894789415958686e-05,1.7932372892588706,0.1701116829303501
OIII_4363,4364.436,0.0,0.0,0.0,10000000000.0,0.2702706644501755,1.894789415958686e-05,1.7932372892588706,0.1701116829303501
OIII_5007,5008.24,0.0,0.0,0.0,10000000000.0,0.2702706644501755,1.894789415958686e-05,1.7932372892588706,0.1701116829303501
OIII_4959,4960.295,43.2858282339198,43.2858282339198,458.1747495447766,58.75993397170063,0.2702706644501755,1.894789415958686e-05,1.7932372892588706,0.1701116829303501
OII_3726,3727.092,8.312554569860936,8.312554569860936,87.9872873759364,37.61059083026576,0.2702706644501755,1.894789415958686e-05,1.7932372892588706,0.1701116829303501
OII_3729,3729.875,0.6171684308603744,0.6171684308603744,6.532645966903524,36.80299677062968,0.2702706644501755,1.894789415958686e-05,1.7932372892588706,0.1701116829303501
OI_6300,6302.046,0.0,0.0,0.0,10000000000.0,0.2702706644501755,1.894789415958686e-05,1.7932372892588706,0.1701116829303501
SII_6717,6718.29,0.0,0.0,0.0,10000000000.0,0.2702706644501755,1.894789415958686e-05,1.7932372892588706,0.1701116829303501
SII_6731,6732.67,1.56545452602586,1.56545452602586,16.570128484305634,34.99517726742284,0.2702706644501755,1.894789415958686e-05,1.7932372892588706,0.1701116829303501
NII_6548,6549.85,0.9388743689340799,0.9388743689340799,9.937860643805172,35.581165603589845,0.2702706644501755,1.894789415958686e-05,1.7932372892588706,0.1701116829303501
NII_6584,6585.28,3.912828637297025,3.912828637297025,41.41677204874055,35.84660051625675,0.2702706644501755,1.894789415958686e-05,1.7932372892588706,0.1701116829303501
NII_5755,5756.24,3.0983435209285517,3.0983435209285517,32.795555141825886,36.179154582098924,0.2702706644501755,1.894789415958686e-05,1.7932372892588706,0.1701116829303501
HeI_5876,5877.594,0.4212860818530544,0.4212860818530544,4.459257288473606,34.988527712362114,0.2702706644501755,1.894789415958686e-05,1.7932372892588706,0.1701116829303501
HeII_4686,4687.02,0.0,0.0,0.0,10000000000.0,0.2702706644501755,1.894789415958686e-05,1.7932372892588706,0.1701116829303501
NeIII_3869,3870.16,0.0,10000000000.0,0.0,10000000000.0,0.2702706644501755,1.894789415958686e-05,1.7932372892588706,0.1701116829303501
