line,wl,amp,amp_err,flux,flux_err,z,zerr,FWHM,FWHMerr
HI_6563,6564.61,175.8977733969757,175.8977733969757,3486.3606318446123,66.59584042398315,0.2698576327955104,3.0999400691176246e-06,3.3578733268034604,0.04027546999064756
HI_4861,4862.683,47.24057800835931,47.24057800835931,936.3261865869645,49.061469874178215,0.2698576327955104,3.0999400691176246e-06,3.3578733268034604,0.04027546999064756
HI_4341,4341.684,22.864272604305143,22.864272604305143,453.17856129714534,47.815463405188986,0.2698576327955104,3.0999400691176246e-06,3.3578733268034604,0.04027546999064756
HI_4102,4102.892,8.970959458008451,8.970959458008451,177.8078214423406,47.48759848853482,0.2698576327955104,3.0999400691176246e-06,3.3578733268034604,0.04027546999064756
OIII_4363,4364.436,1.5401099036344021,1.5401099036344021,30.525562848524938,47.42941230740518,0.2698576327955104,3.0999400691176246e-06,3.3578733268034604,0.04027546999064756
OIII_5007,5008.24,179.5118965338113,179.5118965338113,3557.993924180074,67.27363304911849,0.2698576327955104,3.0999400691176246e-06,3.3578733268034604,0.04027546999064756
OIII_4959,4960.295,73.81368997301479,73.81368997301479,1463.0153517197778,51.325349270977604,0.2698576327955104,3.0999400691176246e-06,3.3578733268034604,0.04027546999064756
OII_3726,3727.092,67.07860036008196,67.07860036008196,1329.5233192454298,52.86679776973365,0.2698576327955104,3.0999400691176246e-06,3.3578733268034604,0.04027546999064756
OII_3729,3729.875,73.94108476444103,73.94108476444103,1465.5403648393476,53.39186976385784,0.2698576327955104,3.0999400691176246e-06,3.3578733268034604,0.04027546999064756
OI_6300,6302.046,3.123861914538338,3.123861914538338,61.916128827770905,47.435038479620296,0.2698576327955104,3.0999400691176246e-06,3.3578733268034604,0.04027546999064756
SII_6717,6718.29,21.457417449066497,21.457417449066497,425.29415813951005,47.76932082672101,0.2698576327955104,3.0999400691176246e-06,3.3578733268034604,0.04027546999064756
SII_6731,6732.67,12.675537866447485,12.675537866447485,251.23397159385513,47.54725705934811,0.2698576327955104,3.0999400691176246e-06,3.3578733268034604,0.04027546999064756
NII_6548,6549.85,5.2078389330622485,5.2078389330622485,103.22134432162203,47.44782897200406,0.2698576327955104,3.0999400691176246e-06,3.3578733268034604,0.04027546999064756
NII_6584,6585.28,3.987920408640207,3.987920408640207,79.04209613975672,47.439442620484634,0.2698576327955104,3.0999400691176246e-06,3.3578733268034604,0.04027546999064756
NII_5755,5756.24,0.0,0.0,0.0,10000000000.0,0.2698576327955104,3.0999400691176246e-06,3.3578733268034604,0.04027546999064756
HeI_5876,5877.594,7.620657152408853,7.620657152408853,151.04431722954428,47.47086440153581,0.2698576327955104,3.0999400691176246e-06,3.3578733268034604,0.04027546999064756
HeII_4686,4687.02,0.0,0.0,0.0,10000000000.0,0.2698576327955104,3.0999400691176246e-06,3.3578733268034604,0.04027546999064756
NeIII_3869,3870.16,8.988504579532787,2.3934830944012098,178.1555724103152,47.4878449338669,0.2698576327955104,3.0999400691176246e-06,3.3578733268034604,0.04027546999064756
