line,wl,amp,amp_err,flux,flux_err,z,zerr,FWHM,FWHMerr
HI_6563,6564.61,66.2191777188923,66.2191777188923,1778.6204394950794,70.00137608095262,0.2692742057037324,8.367663655664305e-06,4.550423704147751,0.10335557225585244
HI_4861,4862.683,32.39674787304784,32.39674787304784,870.1635979954527,57.865893936412554,0.2692742057037324,8.367663655664305e-06,4.550423704147751,0.10335557225585244
HI_4341,4341.684,11.729884384965658,11.729884384965658,315.0599696145409,54.075826801910274,0.2692742057037324,8.367663655664305e-06,4.550423704147751,0.10335557225585244
HI_4102,4102.892,6.2155619309307895,6.2155619309307895,166.9474897473241,53.64846216944678,0.2692742057037324,8.367663655664305e-06,4.550423704147751,0.10335557225585244
OIII_4363,4364.436,2.83627927015732,2.83627927015732,76.18131870246337,53.51567414877031,0.2692742057037324,8.367663655664305e-06,4.550423704147751,0.10335557225585244
OIII_5007,5008.24,80.21947708873063,80.21947708873063,2154.662841047587,76.51132254852918,0.2692742057037324,8.367663655664305e-06,4.550423704147751,0.10335557225585244
OIII_4959,4960.295,25.377739487136296,25.377739487136296,681.6358601070989,56.21214523182445,0.2692742057037324,8.367663655664305e-06,4.550423704147751,0.10335557225585244
OII_3726,3727.092,43.934697640458126,43.934697640458126,1180.0682810964724,71.42198447482559,0.2692742057037324,8.367663655664305e-06,4.550423704147751,0.10335557225585244
OII_3729,3729.875,57.959359704778535,57.959359704778535,1556.7650548091256,74.10127979192711,0.2692742057037324,8.367663655664305e-06,4.550423704147751,0.10335557225585244
OI_6300,6302.046,2.940779431878127,2.940779431878127,78.98815095212058,53.5182837499244,0.2692742057037324,8.367663655664305e-06,4.550423704147751,0.10335557225585244
SII_6717,6718.29,10.708642535711192,10.708642535711192,287.6298249144274,53.97716377660323,0.2692742057037324,8.367663655664305e-06,4.550423704147751,0.10335557225585244
SII_6731,6732.67,7.959932814908484,7.959932814908484,213.80058903335865,53.7555700083946,0.2692742057037324,8.367663655664305e-06,4.550423704147751,0.10335557225585244
NII_6548,6549.85,3.3132724134937916,3.3132724134937916,88.99316239280279,53.52842939168341,0.2692742057037324,8.367663655664305e-06,4.550423704147751,0.10335557225585244
NII_6584,6585.28,9.299737704271479,9.299737704271479,249.78720866902648,53.85554914962998,0.2692742057037324,8.367663655664305e-06,4.550423704147751,0.10335557225585244
NII_5755,5756.24,4.067827025889983,4.067827025889983,109.26019533634631,53.55260527120283,0.2692742057037324,8.367663655664305e-06,4.550423704147751,0.10335557225585244
HeI_5876,5877.594,4.9974436885021305,4.9974436885021305,134.2293244311862,53.58921028623065,0.2692742057037324,8.367663655664305e-06,4.550423704147751,0.10335557225585244
HeII_4686,4687.02,0.0,0.0,0.0,10000000000.0,0.2692742057037324,8.367663655664305e-06,4.550423704147751,0.10335557225585244
NeIII_3869,3870.16,12.32480273672138,1.9960335263248257,331.03923690105637,54.1373500740309,0.2692742057037324,8.367663655664305e-06,4.550423704147751,0.10335557225585244
