line,wl,amp,amp_err,flux,flux_err,z,zerr,FWHM,FWHMerr
HI_6563,6564.61,0.0,0.0,0.0,10000000000.0,0.2702224141687046,2.3388030883089757e-05,1.318930108547867,0.35147026830971656
HI_4861,4862.683,4.919207120078795,4.919207120078795,38.29698187776964,36.73705745466765,0.2702224141687046,2.3388030883089757e-05,1.318930108547867,0.35147026830971656
HI_4341,4341.684,0.0,0.0,0.0,10000000000.0,0.2702224141687046,2.3388030883089757e-05,1.318930108547867,0.35147026830971656
HI_4102,4102.892,0.0,0.0,0.0,10000000000.0,0.2702224141687046,2.3388030883089757e-05,1.318930108547867,0.35147026830971656
OIII_4363,4364.436,0.8850302435715776,0.8850302435715776,6.8901321639808994,26.681998722456946,0.2702224141687046,2.3388030883089757e-05,1.318930108547867,0.35147026830971656
OIII_5007,5008.24,0.0,0.0,0.0,10000000000.0,0.2702224141687046,2.3388030883089757e-05,1.318930108547867,0.35147026830971656
OIII_4959,4960.295,30.76209344491349,30.76209344491349,239.48886607629515,96.06789751012559,0.2702224141687046,2.3388030883089757e-05,1.318930108547867,0.35147026830971656
OII_3726,3727.092,0.0,0.0,0.0,10000000000.0,0.2702224141687046,2.3388030883089757e-05,1.318930108547867,0.35147026830971656
OII_3729,3729.875,6.002845782125746,6.002845782125746,46.73331911453105,34.51960091691535,0.2702224141687046,2.3388030883089757e-05,1.318930108547867,0.35147026830971656
OI_6300,6302.046,0.0,0.0,0.0,10000000000.0,0.2702224141687046,2.3388030883089757e-05,1.318930108547867,0.35147026830971656
SII_6717,6718.29,0.0,0.0,0.0,10000000000.0,0.2702224141687046,2.3388030883089757e-05,1.318930108547867,0.35147026830971656
SII_6731,6732.67,0.7244371370592262,0.7244371370592262,5.6398836707441,28.80997270915236,0.2702224141687046,2.3388030883089757e-05,1.318930108547867,0.35147026830971656
NII_6548,6549.85,2.7783688862581357,2.7783688862581357,21.630140851862013,25.720701346372554,0.2702224141687046,2.3388030883089757e-05,1.318930108547867,0.35147026830971656
NII_6584,6585.28,0.0,0.0,0.0,10000000000.0,0.2702224141687046,2.3388030883089757e-05,1.318930108547867,0.35147026830971656
NII_5755,5756.24,0.0,0.0,0.0,10000000000.0,0.2702224141687046,2.3388030883089757e-05,1.318930108547867,0.35147026830971656
HeI_5876,5877.594,0.0,0.0,0.0,10000000000.0,0.2702224141687046,2.3388030883089757e-05,1.318930108547867,0.35147026830971656
HeII_4686,4687.02,0.0,0.0,0.0,10000000000.0,0.2702224141687046,2.3388030883089757e-05,1.318930108547867,0.35147026830971656
NeIII_3869,3870.16,0.0,10000000000.0,0.0,10000000000.0,0.2702224141687046,2.3388030883089757e-05,1.318930108547867,0.35147026830971656
