line,wl,amp,amp_err,flux,flux_err,z,zerr,FWHM,FWHMerr
HI_6563,6564.61,99.57886741089123,99.57886741089123,1759.4973114482311,77.64710922520052,0.2699094496508765,6.506267500566757e-06,2.9934621208325796,0.08532472133572915
HI_4861,4862.683,17.529668450755935,17.529668450755935,309.7384546704587,54.60584029999748,0.2699094496508765,6.506267500566757e-06,2.9934621208325796,0.08532472133572915
HI_4341,4341.684,11.346169354114977,11.346169354114977,200.47983063942885,54.082501394436676,0.2699094496508765,6.506267500566757e-06,2.9934621208325796,0.08532472133572915
HI_4102,4102.892,6.020292287708571,6.020292287708571,106.37486014625226,53.81432875114416,0.2699094496508765,6.506267500566757e-06,2.9934621208325796,0.08532472133572915
OIII_4363,4364.436,0.0,0.0,0.0,10000000000.0,0.2699094496508765,6.506267500566757e-06,2.9934621208325796,0.08532472133572915
OIII_5007,5008.24,89.74143798200271,89.74143798200271,1585.6759868867719,73.73442107904484,0.2699094496508765,6.506267500566757e-06,2.9934621208325796,0.08532472133572915
OIII_4959,4960.295,39.829691335773305,39.829691335773305,703.7661367640857,58.204813026685365,0.2699094496508765,6.506267500566757e-06,2.9934621208325796,0.08532472133572915
OII_3726,3727.092,31.828005850092723,31.828005850092723,562.3812780569112,58.181820714365564,0.2699094496508765,6.506267500566757e-06,2.9934621208325796,0.08532472133572915
OII_3729,3729.875,39.953674913278746,39.953674913278746,705.9568502855041,59.57059924108017,0.2699094496508765,6.506267500566757e-06,2.9934621208325796,0.08532472133572915
OI_6300,6302.046,1.2359675188116626,1.2359675188116626,21.838785506698883,53.71234362899267,0.2699094496508765,6.506267500566757e-06,2.9934621208325796,0.08532472133572915
SII_6717,6718.29,9.870249912315217,9.870249912315217,174.4012423075754,53.99474543658942,0.2699094496508765,6.506267500566757e-06,2.9934621208325796,0.08532472133572915
SII_6731,6732.67,5.754790665946075,5.754790665946075,101.68360986572173,53.80167889944139,0.2699094496508765,6.506267500566757e-06,2.9934621208325796,0.08532472133572915
NII_6548,6549.85,5.362424055377801,5.362424055377801,94.75073329916793,53.79154828949364,0.2699094496508765,6.506267500566757e-06,2.9934621208325796,0.08532472133572915
NII_6584,6585.28,3.75699131506326,3.75699131506326,66.38372467836645,53.74829453199223,0.2699094496508765,6.506267500566757e-06,2.9934621208325796,0.08532472133572915
NII_5755,5756.24,0.0,0.0,0.0,10000000000.0,0.2699094496508765,6.506267500566757e-06,2.9934621208325796,0.08532472133572915
HeI_5876,5877.594,5.108948513646169,5.108948513646169,90.271976452553,53.78412009310781,0.2699094496508765,6.506267500566757e-06,2.9934621208325796,0.08532472133572915
HeII_4686,4687.02,0.0,0.0,0.0,10000000000.0,0.2699094496508765,6.506267500566757e-06,2.9934621208325796,0.08532472133572915
NeIII_3869,3870.16,3.210773050430703,3.0397334583079187,56.73238405687442,53.7345573821376,0.2699094496508765,6.506267500566757e-06,2.9934621208325796,0.08532472133572915
