line,wl,amp,amp_err,flux,flux_err,z,zerr,FWHM,FWHMerr
HI_6563,6564.61,17.05576647177702,17.05576647177702,637.1229504942065,77.3380946945565,0.269195014950533,3.7850540021256064e-05,6.328551962322161,0.45446407296104807
HI_4861,4862.683,9.072870987685974,9.072870987685974,338.9196458976556,64.06802562952453,0.269195014950533,3.7850540021256064e-05,6.328551962322161,0.45446407296104807
HI_4341,4341.684,1.9676590948901094,1.9676590948901094,73.50245854840972,58.30056505747744,0.269195014950533,3.7850540021256064e-05,6.328551962322161,0.45446407296104807
HI_4102,4102.892,2.667225707966395,2.667225707966395,99.63496601020799,58.550175555096715,0.269195014950533,3.7850540021256064e-05,6.328551962322161,0.45446407296104807
OIII_4363,4364.436,0.4087775323180267,0.4087775323180267,15.269999616679026,58.014025771597616,0.269195014950533,3.7850540021256064e-05,6.328551962322161,0.45446407296104807
OIII_5007,5008.24,16.686975512807862,16.686975512807862,623.3466605641805,76.61114394660103,0.269195014950533,3.7850540021256064e-05,6.328551962322161,0.45446407296104807
OIII_4959,4960.295,6.695526542608036,6.695526542608036,250.11327594087598,61.37944421879804,0.269195014950533,3.7850540021256064e-05,6.328551962322161,0.45446407296104807
OII_3726,3727.092,12.198659635006607,12.198659635006607,455.6843593977885,90.22699877069341,0.269195014950533,3.7850540021256064e-05,6.328551962322161,0.45446407296104807
OII_3729,3729.875,11.702737506742778,11.702737506742778,437.1590489054306,89.9807355097594,0.269195014950533,3.7850540021256064e-05,6.328551962322161,0.45446407296104807
OI_6300,6302.046,2.511600049441199,2.511600049441199,93.82152579359568,58.48824491484684,0.269195014950533,3.7850540021256064e-05,6.328551962322161,0.45446407296104807
SII_6717,6718.29,0.26541263851754593,0.26541263851754593,9.914563712546705,58.00653786614934,0.269195014950533,3.7850540021256064e-05,6.328551962322161,0.45446407296104807
SII_6731,6732.67,1.0233603900348953,1.0233603900348953,38.227915010260034,58.082241372481626,0.269195014950533,3.7850540021256064e-05,6.328551962322161,0.45446407296104807
NII_6548,6549.85,0.0,0.0,0.0,10000000000.0,0.269195014950533,3.7850540021256064e-05,6.328551962322161,0.45446407296104807
NII_6584,6585.28,4.33707901273101,4.33707901273101,162.01280556286733,59.44194563797502,0.269195014950533,3.7850540021256064e-05,6.328551962322161,0.45446407296104807
NII_5755,5756.24,2.239035271196485,2.239035271196485,83.63979189125654,58.38859420225991,0.269195014950533,3.7850540021256064e-05,6.328551962322161,0.45446407296104807
HeI_5876,5877.594,0.4674065790464965,0.4674065790464965,17.460104136350814,58.01801581343759,0.269195014950533,3.7850540021256064e-05,6.328551962322161,0.45446407296104807
HeII_4686,4687.02,0.0,0.0,0.0,10000000000.0,0.269195014950533,3.7850540021256064e-05,6.328551962322161,0.45446407296104807
NeIII_3869,3870.16,0.0,10000000000.0,0.0,10000000000.0,0.269195014950533,3.7850540021256064e-05,6.328551962322161,0.45446407296104807
