line,wl,amp,amp_err,flux,flux_err,z,zerr,FWHM,FWHMerr
HI_6563,6564.61,0.0,0.0,0.0,10000000000.0,0.2704331635493499,2.0405676726868775e-05,1.3398574503122607,0.522314654156928
HI_4861,4862.683,6.096592331213174,6.096592331213174,48.21624765588762,36.237860177908935,0.2704331635493499,2.0405676726868775e-05,1.3398574503122607,0.522314654156928
HI_4341,4341.684,2.7552317919518146,2.7552317919518146,21.790359468514477,27.1262733443163,0.2704331635493499,2.0405676726868775e-05,1.3398574503122607,0.522314654156928
HI_4102,4102.892,8.379741631683032,8.379741631683032,66.27303842131433,35.47104119050407,0.2704331635493499,2.0405676726868775e-05,1.3398574503122607,0.522314654156928
OIII_4363,4364.436,0.6192109919855966,0.6192109919855966,4.897166961282494,23.932475652837535,0.2704331635493499,2.0405676726868775e-05,1.3398574503122607,0.522314654156928
OIII_5007,5008.24,0.0,0.0,0.0,10000000000.0,0.2704331635493499,2.0405676726868775e-05,1.3398574503122607,0.522314654156928
OIII_4959,4960.295,0.0,0.0,0.0,10000000000.0,0.2704331635493499,2.0405676726868775e-05,1.3398574503122607,0.522314654156928
OII_3726,3727.092,1.730599478259478,1.730599478259478,13.686828395872816,25.23652269916893,0.2704331635493499,2.0405676726868775e-05,1.3398574503122607,0.522314654156928
OII_3729,3729.875,0.31584015979126434,0.31584015979126434,2.4978916970064726,23.548698906774483,0.2704331635493499,2.0405676726868775e-05,1.3398574503122607,0.522314654156928
OI_6300,6302.046,0.0,0.0,0.0,10000000000.0,0.2704331635493499,2.0405676726868775e-05,1.3398574503122607,0.522314654156928
SII_6717,6718.29,0.0,0.0,0.0,10000000000.0,0.2704331635493499,2.0405676726868775e-05,1.3398574503122607,0.522314654156928
SII_6731,6732.67,1.762132141672737,1.762132141672737,13.93621143245858,25.053895020475963,0.2704331635493499,2.0405676726868775e-05,1.3398574503122607,0.522314654156928
NII_6548,6549.85,0.22971125318395025,0.22971125318395025,1.8167222066261481,23.659993234534728,0.2704331635493499,2.0405676726868775e-05,1.3398574503122607,0.522314654156928
NII_6584,6585.28,0.0,0.0,0.0,10000000000.0,0.2704331635493499,2.0405676726868775e-05,1.3398574503122607,0.522314654156928
NII_5755,5756.24,0.0,0.0,0.0,10000000000.0,0.2704331635493499,2.0405676726868775e-05,1.3398574503122607,0.522314654156928
HeI_5876,5877.594,0.9365014244652912,0.9365014244652912,7.406528460321803,25.429218727892188,0.2704331635493499,2.0405676726868775e-05,1.3398574503122607,0.522314654156928
HeII_4686,4687.02,0.0,0.0,0.0,10000000000.0,0.2704331635493499,2.0405676726868775e-05,1.3398574503122607,0.522314654156928
NeIII_3869,3870.16,0.9381524459735147,3.8494832798729557,7.419585928756774,30.581574566734744,0.2704331635493499,2.0405676726868775e-05,1.3398574503122607,0.522314654156928
