line,wl,amp,amp_err,flux,flux_err,z,zerr,FWHM,FWHMerr
HI_6563,6564.61,49.547019049417486,49.547019049417486,106.57474873926927,1395.7805858879008,0.2701783754152554,4.243661441843267e-06,0.36440902862658886,0.8650144625234193
HI_4861,4862.683,53.441864463374486,53.441864463374486,114.9524913226678,1767.9139500329168,0.2701783754152554,4.243661441843267e-06,0.36440902862658886,0.8650144625234193
HI_4341,4341.684,2.9250875053072605,2.9250875053072605,6.291810726444951,19.566942272403935,0.2701783754152554,4.243661441843267e-06,0.36440902862658886,0.8650144625234193
HI_4102,4102.892,0.0,0.0,0.0,10000000000.0,0.2701783754152554,4.243661441843267e-06,0.36440902862658886,0.8650144625234193
OIII_4363,4364.436,0.0,0.0,0.0,10000000000.0,0.2701783754152554,4.243661441843267e-06,0.36440902862658886,0.8650144625234193
OIII_5007,5008.24,0.0,0.0,0.0,10000000000.0,0.2701783754152554,4.243661441843267e-06,0.36440902862658886,0.8650144625234193
OIII_4959,4960.295,49999.49517873133,49999.49517873133,107548.01677269109,6246586.572866871,0.2701783754152554,4.243661441843267e-06,0.36440902862658886,0.8650144625234193
OII_3726,3727.092,2216.464029916645,2216.464029916645,4767.574348769461,113327.24861328435,0.2701783754152554,4.243661441843267e-06,0.36440902862658886,0.8650144625234193
OII_3729,3729.875,6.53936802835301,6.53936802835301,14.06606326488024,114.12994566616719,0.2701783754152554,4.243661441843267e-06,0.36440902862658886,0.8650144625234193
OI_6300,6302.046,0.0,0.0,0.0,10000000000.0,0.2701783754152554,4.243661441843267e-06,0.36440902862658886,0.8650144625234193
SII_6717,6718.29,0.0,0.0,0.0,10000000000.0,0.2701783754152554,4.243661441843267e-06,0.36440902862658886,0.8650144625234193
SII_6731,6732.67,3550.2642436924107,3550.2642436924107,7636.554670466678,286273.8938494722,0.2701783754152554,4.243661441843267e-06,0.36440902862658886,0.8650144625234193
NII_6548,6549.85,0.0,0.0,0.0,10000000000.0,0.2701783754152554,4.243661441843267e-06,0.36440902862658886,0.8650144625234193
NII_6584,6585.28,45.65039349128074,45.65039349128074,98.19317709768893,1254.862629234017,0.2701783754152554,4.243661441843267e-06,0.36440902862658886,0.8650144625234193
NII_5755,5756.24,0.0,0.0,0.0,10000000000.0,0.2701783754152554,4.243661441843267e-06,0.36440902862658886,0.8650144625234193
HeI_5876,5877.594,201.23514236174515,201.23514236174515,432.8531795893423,10496.845589484034,0.2701783754152554,4.243661441843267e-06,0.36440902862658886,0.8650144625234193
HeII_4686,4687.02,0.0,0.0,0.0,10000000000.0,0.2701783754152554,4.243661441843267e-06,0.36440902862658886,0.8650144625234193
NeIII_3869,3870.16,4.294207886141066,39.63401955298313,9.2367640935818,88.02642923836335,0.2701783754152554,4.243661441843267e-06,0.36440902862658886,0.8650144625234193
