line,wl,amp,amp_err,flux,flux_err,z,zerr,FWHM,FWHMerr
HI_6563,6564.61,26.033733875270173,26.033733875270173,725.1949116889328,69.5226119612648,0.26931483900460806,2.1715282001615674e-05,4.71922440388672,0.26226171617552874
HI_4861,4862.683,7.8736377008491445,7.8736377008491445,219.3278161517156,54.66769194619934,0.26931483900460806,2.1715282001615674e-05,4.71922440388672,0.26226171617552874
HI_4341,4341.684,4.124668658463747,4.124668658463747,114.89664670660633,53.420839280996084,0.26931483900460806,2.1715282001615674e-05,4.71922440388672,0.26226171617552874
HI_4102,4102.892,4.295440141805784,4.295440141805784,119.65365203571345,53.46115539660871,0.26931483900460806,2.1715282001615674e-05,4.71922440388672,0.26226171617552874
OIII_4363,4364.436,1.7503410413529537,1.7503410413529537,48.75744766351911,53.02825689419737,0.26931483900460806,2.1715282001615674e-05,4.71922440388672,0.26226171617552874
OIII_5007,5008.24,29.123533524955292,29.123533524955292,811.2642782586809,73.1023906265772,0.26931483900460806,2.1715282001615674e-05,4.71922440388672,0.26226171617552874
OIII_4959,4960.295,13.535359365784643,13.535359365784643,377.0405654054992,57.89346241007506,0.26931483900460806,2.1715282001615674e-05,4.71922440388672,0.26226171617552874
OII_3726,3727.092,23.368524339156465,23.368524339156465,650.9529146156481,77.96065181210952,0.26931483900460806,2.1715282001615674e-05,4.71922440388672,0.26226171617552874
OII_3729,3729.875,24.816958631576654,24.816958631576654,691.3004569163961,78.66211418213702,0.26931483900460806,2.1715282001615674e-05,4.71922440388672,0.26226171617552874
OI_6300,6302.046,3.9126035474573655,3.9126035474573655,108.98936732112169,53.37302865822722,0.26931483900460806,2.1715282001615674e-05,4.71922440388672,0.26226171617552874
SII_6717,6718.29,4.5959086596907355,4.5959086596907355,128.02349407746016,53.53597135870385,0.26931483900460806,2.1715282001615674e-05,4.71922440388672,0.26226171617552874
SII_6731,6732.67,1.7735889588064992,1.7735889588064992,49.40504095633872,53.0305641447241,0.26931483900460806,2.1715282001615674e-05,4.71922440388672,0.26226171617552874
NII_6548,6549.85,0.10138159318080397,0.10138159318080397,2.8240826254844498,52.94195963876764,0.26931483900460806,2.1715282001615674e-05,4.71922440388672,0.26226171617552874
NII_6584,6585.28,1.740372644210197,1.740372644210197,48.479768291045815,53.02727380534907,0.26931483900460806,2.1715282001615674e-05,4.71922440388672,0.26226171617552874
NII_5755,5756.24,0.0,0.0,0.0,10000000000.0,0.26931483900460806,2.1715282001615674e-05,4.71922440388672,0.26226171617552874
HeI_5876,5877.594,1.5746480689534792,1.5746480689534792,43.86334948251891,53.01175283681251,0.26931483900460806,2.1715282001615674e-05,4.71922440388672,0.26226171617552874
HeII_4686,4687.02,0.0,0.0,0.0,10000000000.0,0.26931483900460806,2.1715282001615674e-05,4.71922440388672,0.26226171617552874
NeIII_3869,3870.16,0.1337324813775922,1.9005511936642552,3.7252479988930656,52.942101941809646,0.26931483900460806,2.1715282001615674e-05,4.71922440388672,0.26226171617552874
