line,wl,amp,amp_err,flux,flux_err,z,zerr,FWHM,FWHMerr
HI_6563,6564.61,3.3731998463850914,3.3731998463850914,25.966996895000534,28.455427917339932,0.26950750190024964,2.293398995528909e-05,1.304163363727121,0.47735102022697007
HI_4861,4862.683,3.823118235406014,3.823118235406014,29.430482588927063,31.834852684343367,0.26950750190024964,2.293398995528909e-05,1.304163363727121,0.47735102022697007
HI_4341,4341.684,0.0,0.0,0.0,10000000000.0,0.26950750190024964,2.293398995528909e-05,1.304163363727121,0.47735102022697007
HI_4102,4102.892,2.1778118446418375,2.1778118446418375,16.764863033037734,25.422375415137896,0.26950750190024964,2.293398995528909e-05,1.304163363727121,0.47735102022697007
OIII_4363,4364.436,5.47020413397388,5.47020413397388,42.10980085100558,35.485968992578044,0.26950750190024964,2.293398995528909e-05,1.304163363727121,0.47735102022697007
OIII_5007,5008.24,13.860099886388866,13.860099886388866,106.695478211868,70.71702849881524,0.26950750190024964,2.293398995528909e-05,1.304163363727121,0.47735102022697007
OIII_4959,4960.295,0.013091020657725494,0.013091020657725494,0.10077508248906109,25.863229755957985,0.26950750190024964,2.293398995528909e-05,1.304163363727121,0.47735102022697007
OII_3726,3727.092,11.021214153887513,11.021214153887513,84.84164791476194,55.6939329450226,0.26950750190024964,2.293398995528909e-05,1.304163363727121,0.47735102022697007
OII_3729,3729.875,5.24770370689123,5.24770370689123,40.396985671856584,31.55374252219052,0.26950750190024964,2.293398995528909e-05,1.304163363727121,0.47735102022697007
OI_6300,6302.046,0.0,0.0,0.0,10000000000.0,0.26950750190024964,2.293398995528909e-05,1.304163363727121,0.47735102022697007
SII_6717,6718.29,2.3114730202888722,2.3114730202888722,17.793790903032793,29.46112666237164,0.26950750190024964,2.293398995528909e-05,1.304163363727121,0.47735102022697007
SII_6731,6732.67,0.0,0.0,0.0,10000000000.0,0.26950750190024964,2.293398995528909e-05,1.304163363727121,0.47735102022697007
NII_6548,6549.85,0.0,0.0,0.0,10000000000.0,0.26950750190024964,2.293398995528909e-05,1.304163363727121,0.47735102022697007
NII_6584,6585.28,6.604905780214949,6.604905780214949,50.8447692686847,33.15356136381227,0.26950750190024964,2.293398995528909e-05,1.304163363727121,0.47735102022697007
NII_5755,5756.24,0.0,0.0,0.0,10000000000.0,0.26950750190024964,2.293398995528909e-05,1.304163363727121,0.47735102022697007
HeI_5876,5877.594,0.0,0.0,0.0,10000000000.0,0.26950750190024964,2.293398995528909e-05,1.304163363727121,0.47735102022697007
HeII_4686,4687.02,0.0,0.0,0.0,10000000000.0,0.26950750190024964,2.293398995528909e-05,1.304163363727121,0.47735102022697007
NeIII_3869,3870.16,0.0,10000000000.0,0.0,10000000000.0,0.26950750190024964,2.293398995528909e-05,1.304163363727121,0.47735102022697007
