line,wl,amp,amp_err,flux,flux_err,z,zerr,FWHM,FWHMerr
HI_6563,6564.61,5.637940125593332,5.637940125593332,275.289067361075,93.18757926628545,0.26961332090159357,0.00013180268469516315,8.272196588660618,1.7048805446093023
HI_4861,4862.683,1.6045632939354846,1.6045632939354846,78.34753879420244,70.6039968217004,0.26961332090159357,0.00013180268469516315,8.272196588660618,1.7048805446093023
HI_4341,4341.684,0.7406241637944504,0.7406241637944504,36.16316079529021,68.7627613137963,0.26961332090159357,0.00013180268469516315,8.272196588660618,1.7048805446093023
HI_4102,4102.892,0.9653727867575981,0.9653727867575981,47.13717567092701,69.11549829279242,0.26961332090159357,0.00013180268469516315,8.272196588660618,1.7048805446093023
OIII_4363,4364.436,1.808190318683728,1.808190318683728,88.29022929529305,71.2237146274232,0.26961332090159357,0.00013180268469516315,8.272196588660618,1.7048805446093023
OIII_5007,5008.24,5.375677576812677,5.375677576812677,262.4833243327262,91.20343759528522,0.26961332090159357,0.00013180268469516315,8.272196588660618,1.7048805446093023
OIII_4959,4960.295,0.0,0.0,0.0,10000000000.0,0.26961332090159357,0.00013180268469516315,8.272196588660618,1.7048805446093023
OII_3726,3727.092,1.896645380576615,1.896645380576615,92.60930877279927,114.35516138539356,0.26961332090159357,0.00013180268469516315,8.272196588660618,1.7048805446093023
OII_3729,3729.875,2.5875564568202662,2.5875564568202662,126.3450813371691,115.10200881022544,0.26961332090159357,0.00013180268469516315,8.272196588660618,1.7048805446093023
OI_6300,6302.046,0.0,0.0,0.0,10000000000.0,0.26961332090159357,0.00013180268469516315,8.272196588660618,1.7048805446093023
SII_6717,6718.29,0.0,0.0,0.0,10000000000.0,0.26961332090159357,0.00013180268469516315,8.272196588660618,1.7048805446093023
SII_6731,6732.67,2.5799441308663518,2.5799441308663518,125.97338705421836,74.1610545066001,0.26961332090159357,0.00013180268469516315,8.272196588660618,1.7048805446093023
NII_6548,6549.85,0.12118779289664872,0.12118779289664872,5.91735168144493,68.27401274270439,0.26961332090159357,0.00013180268469516315,8.272196588660618,1.7048805446093023
NII_6584,6585.28,0.7073885516683731,0.7073885516683731,34.54033393626971,68.7188455652327,0.26961332090159357,0.00013180268469516315,8.272196588660618,1.7048805446093023
NII_5755,5756.24,0.0,0.0,0.0,10000000000.0,0.26961332090159357,0.00013180268469516315,8.272196588660618,1.7048805446093023
HeI_5876,5877.594,0.0,0.0,0.0,10000000000.0,0.26961332090159357,0.00013180268469516315,8.272196588660618,1.7048805446093023
HeII_4686,4687.02,0.0,0.0,0.0,10000000000.0,0.26961332090159357,0.00013180268469516315,8.272196588660618,1.7048805446093023
NeIII_3869,3870.16,0.28696214463752767,1.3982106924439044,14.011773698445454,68.33281136773091,0.26961332090159357,0.00013180268469516315,8.272196588660618,1.7048805446093023
