line,wl,amp,amp_err,flux,flux_err,z,zerr,FWHM,FWHMerr
HI_6563,6564.61,1.3460052062914656,1.3460052062914656,11.463345631205888,31.860821300193702,0.27017987736704735,8.092162518605193e-06,1.442836064084102,0.39430836713711226
HI_4861,4862.683,0.16994065677442904,0.16994065677442904,1.4473112557765018,32.52824116177109,0.27017987736704735,8.092162518605193e-06,1.442836064084102,0.39430836713711226
HI_4341,4341.684,1.0135113947098944,1.0135113947098944,8.631639286697698,29.051398380127058,0.27017987736704735,8.092162518605193e-06,1.442836064084102,0.39430836713711226
HI_4102,4102.892,12.51190852032073,12.51190852032073,106.55852681999824,45.67927499772287,0.27017987736704735,8.092162518605193e-06,1.442836064084102,0.39430836713711226
OIII_4363,4364.436,0.0,0.0,0.0,10000000000.0,0.27017987736704735,8.092162518605193e-06,1.442836064084102,0.39430836713711226
OIII_5007,5008.24,0.0,0.0,0.0,10000000000.0,0.27017987736704735,8.092162518605193e-06,1.442836064084102,0.39430836713711226
OIII_4959,4960.295,59.67062625186509,59.67062625186509,508.1889799225022,203.6816800709293,0.27017987736704735,8.092162518605193e-06,1.442836064084102,0.39430836713711226
OII_3726,3727.092,7.163087969707476,7.163087969707476,61.004929846986656,40.68088504950752,0.27017987736704735,8.092162518605193e-06,1.442836064084102,0.39430836713711226
OII_3729,3729.875,5.30299344073876,5.30299344073876,45.16330724952827,33.56389197478016,0.27017987736704735,8.092162518605193e-06,1.442836064084102,0.39430836713711226
OI_6300,6302.046,0.8222068221080008,0.8222068221080008,7.002380776912445,28.944984952441168,0.27017987736704735,8.092162518605193e-06,1.442836064084102,0.39430836713711226
SII_6717,6718.29,0.0,0.0,0.0,10000000000.0,0.27017987736704735,8.092162518605193e-06,1.442836064084102,0.39430836713711226
SII_6731,6732.67,1.8726331848208702,1.8726331848208702,15.948408919763926,35.14035787879465,0.27017987736704735,8.092162518605193e-06,1.442836064084102,0.39430836713711226
NII_6548,6549.85,0.0,0.0,0.0,10000000000.0,0.27017987736704735,8.092162518605193e-06,1.442836064084102,0.39430836713711226
NII_6584,6585.28,2.073981696705232,2.073981696705232,17.663207327133236,32.0711311224778,0.27017987736704735,8.092162518605193e-06,1.442836064084102,0.39430836713711226
NII_5755,5756.24,1.1006742308966295,1.1006742308966295,9.373967557594714,32.33964092997896,0.27017987736704735,8.092162518605193e-06,1.442836064084102,0.39430836713711226
HeI_5876,5877.594,0.0,0.0,0.0,10000000000.0,0.27017987736704735,8.092162518605193e-06,1.442836064084102,0.39430836713711226
HeII_4686,4687.02,0.0,0.0,0.0,10000000000.0,0.27017987736704735,8.092162518605193e-06,1.442836064084102,0.39430836713711226
NeIII_3869,3870.16,0.0,10000000000.0,0.0,10000000000.0,0.27017987736704735,8.092162518605193e-06,1.442836064084102,0.39430836713711226
