line,wl,amp,amp_err,flux,flux_err,z,zerr,FWHM,FWHMerr
HI_6563,6564.61,0.0,0.0,0.0,10000000000.0,0.2701672956155261,2.8149554254787663e-05,2.5574094988896414,0.35665333258302323
HI_4861,4862.683,0.0,0.0,0.0,10000000000.0,0.2701672956155261,2.8149554254787663e-05,2.5574094988896414,0.35665333258302323
HI_4341,4341.684,0.0,0.0,0.0,10000000000.0,0.2701672956155261,2.8149554254787663e-05,2.5574094988896414,0.35665333258302323
HI_4102,4102.892,0.0,0.0,0.0,10000000000.0,0.2701672956155261,2.8149554254787663e-05,2.5574094988896414,0.35665333258302323
OIII_4363,4364.436,0.0,0.0,0.0,10000000000.0,0.2701672956155261,2.8149554254787663e-05,2.5574094988896414,0.35665333258302323
OIII_5007,5008.24,8.034440869548575,8.034440869548575,121.28402212725422,40.68300942829131,0.2701672956155261,2.8149554254787663e-05,2.5574094988896414,0.35665333258302323
OIII_4959,4960.295,20.46604662776872,20.46604662776872,308.9455124957791,60.30532696165057,0.2701672956155261,2.8149554254787663e-05,2.5574094988896414,0.35665333258302323
OII_3726,3727.092,0.24427188931747423,0.24427188931747423,3.687409952985481,36.21566154405917,0.2701672956155261,2.8149554254787663e-05,2.5574094988896414,0.35665333258302323
OII_3729,3729.875,4.366818196838153,4.366818196838153,65.9193693015221,37.55512322108083,0.2701672956155261,2.8149554254787663e-05,2.5574094988896414,0.35665333258302323
OI_6300,6302.046,0.0,0.0,0.0,10000000000.0,0.2701672956155261,2.8149554254787663e-05,2.5574094988896414,0.35665333258302323
SII_6717,6718.29,0.0,0.0,0.0,10000000000.0,0.2701672956155261,2.8149554254787663e-05,2.5574094988896414,0.35665333258302323
SII_6731,6732.67,5.070858753335983,5.070858753335983,76.5472240358074,37.99995170298601,0.2701672956155261,2.8149554254787663e-05,2.5574094988896414,0.35665333258302323
NII_6548,6549.85,0.0,0.0,0.0,10000000000.0,0.2701672956155261,2.8149554254787663e-05,2.5574094988896414,0.35665333258302323
NII_6584,6585.28,6.779970785180467,6.779970785180467,102.34715023525551,39.441617013958776,0.2701672956155261,2.8149554254787663e-05,2.5574094988896414,0.35665333258302323
NII_5755,5756.24,0.0,0.0,0.0,10000000000.0,0.2701672956155261,2.8149554254787663e-05,2.5574094988896414,0.35665333258302323
HeI_5876,5877.594,1.9327881804846356,1.9327881804846356,29.17643284147599,36.35282013737621,0.2701672956155261,2.8149554254787663e-05,2.5574094988896414,0.35665333258302323
HeII_4686,4687.02,0.0,0.0,0.0,10000000000.0,0.2701672956155261,2.8149554254787663e-05,2.5574094988896414,0.35665333258302323
NeIII_3869,3870.16,4.437710940174384,2.4079681827375228,66.98953176721913,37.530864704469856,0.2701672956155261,2.8149554254787663e-05,2.5574094988896414,0.35665333258302323
