line,wl,amp,amp_err,flux,flux_err,z,zerr,FWHM,FWHMerr
HI_6563,6564.61,4.882379246041069,4.882379246041069,235.7155303730469,66.75502903982381,0.27013608209949835,7.530928284732062e-05,8.179166110797645,0.7115276335883802
HI_4861,4862.683,0.6410352658687088,0.6410352658687088,30.94842904811062,62.76646898222645,0.27013608209949835,7.530928284732062e-05,8.179166110797645,0.7115276335883802
HI_4341,4341.684,1.1565621522540823,1.1565621522540823,55.83746107986599,62.92916947239874,0.27013608209949835,7.530928284732062e-05,8.179166110797645,0.7115276335883802
HI_4102,4102.892,0.0,0.0,0.0,10000000000.0,0.27013608209949835,7.530928284732062e-05,8.179166110797645,0.7115276335883802
OIII_4363,4364.436,2.4181370905705535,2.4181370905705535,116.74481601992701,63.714799824030734,0.27013608209949835,7.530928284732062e-05,8.179166110797645,0.7115276335883802
OIII_5007,5008.24,9.840189568013557,9.840189568013557,475.07278441682286,77.88999341103982,0.27013608209949835,7.530928284732062e-05,8.179166110797645,0.7115276335883802
OIII_4959,4960.295,5.718467236487868,5.718467236487868,276.0808756637688,68.20478970046315,0.27013608209949835,7.530928284732062e-05,8.179166110797645,0.7115276335883802
OII_3726,3727.092,19.35067434647192,19.35067434647192,934.2278091881708,130.00507178496176,0.27013608209949835,7.530928284732062e-05,8.179166110797645,0.7115276335883802
OII_3729,3729.875,0.0,0.0,0.0,10000000000.0,0.27013608209949835,7.530928284732062e-05,8.179166110797645,0.7115276335883802
OI_6300,6302.046,0.0,0.0,0.0,10000000000.0,0.27013608209949835,7.530928284732062e-05,8.179166110797645,0.7115276335883802
SII_6717,6718.29,0.0,0.0,0.0,10000000000.0,0.27013608209949835,7.530928284732062e-05,8.179166110797645,0.7115276335883802
SII_6731,6732.67,1.2575604406670209,1.2575604406670209,60.71353971290742,62.97015970115504,0.27013608209949835,7.530928284732062e-05,8.179166110797645,0.7115276335883802
NII_6548,6549.85,0.0,0.0,0.0,10000000000.0,0.27013608209949835,7.530928284732062e-05,8.179166110797645,0.7115276335883802
NII_6584,6585.28,0.0,0.0,0.0,10000000000.0,0.27013608209949835,7.530928284732062e-05,8.179166110797645,0.7115276335883802
NII_5755,5756.24,0.31020817597379846,0.31020817597379846,14.97648606158775,62.71113196058808,0.27013608209949835,7.530928284732062e-05,8.179166110797645,0.7115276335883802
HeI_5876,5877.594,1.4982020755816166,1.4982020755816166,72.33143495316871,63.08789057452124,0.27013608209949835,7.530928284732062e-05,8.179166110797645,0.7115276335883802
HeII_4686,4687.02,0.0,0.0,0.0,10000000000.0,0.27013608209949835,7.530928284732062e-05,8.179166110797645,0.7115276335883802
NeIII_3869,3870.16,2.5332844121038534,1.3032641449749625,122.30399333870369,63.81327559166554,0.27013608209949835,7.530928284732062e-05,8.179166110797645,0.7115276335883802
