line,wl,amp,amp_err,flux,flux_err,z,zerr,FWHM,FWHMerr
HI_6563,6564.61,158.428727521984,158.428727521984,4288.889203698182,80.81209505761413,0.2692558041975973,4.028716327891057e-06,4.586308188515323,0.050642952018865116
HI_4861,4862.683,77.62895698843886,77.62895698843886,2101.5254034396385,66.33371554267339,0.2692558041975973,4.028716327891057e-06,4.586308188515323,0.050642952018865116
HI_4341,4341.684,29.39368579878419,29.39368579878419,795.7285503148967,61.83489221649457,0.2692558041975973,4.028716327891057e-06,4.586308188515323,0.050642952018865116
HI_4102,4102.892,20.02864914750569,20.02864914750569,542.2037936994485,61.41544738585177,0.2692558041975973,4.028716327891057e-06,4.586308188515323,0.050642952018865116
OIII_4363,4364.436,6.260913585035269,6.260913585035269,169.4917651624699,61.08541489298115,0.2692558041975973,4.028716327891057e-06,4.586308188515323,0.050642952018865116
OIII_5007,5008.24,189.3098129501068,189.3098129501068,5124.883760763463,87.9206942674859,0.2692558041975973,4.028716327891057e-06,4.586308188515323,0.050642952018865116
OIII_4959,4960.295,59.6608901547138,59.6608901547138,1615.1044805435854,64.22323646468764,0.2692558041975973,4.028716327891057e-06,4.586308188515323,0.050642952018865116
OII_3726,3727.092,95.39988888719427,95.39988888719427,2582.609605480279,79.33191723372948,0.2692558041975973,4.028716327891057e-06,4.586308188515323,0.050642952018865116
OII_3729,3729.875,116.10477975007711,116.10477975007711,3143.120216620832,81.14671854115699,0.2692558041975973,4.028716327891057e-06,4.586308188515323,0.050642952018865116
OI_6300,6302.046,6.274600459163025,6.274600459163025,169.86228815787024,61.08556236324026,0.2692558041975973,4.028716327891057e-06,4.586308188515323,0.050642952018865116
SII_6717,6718.29,25.940771882139188,25.940771882139188,702.2532983828063,61.662084023646955,0.2692558041975973,4.028716327891057e-06,4.586308188515323,0.050642952018865116
SII_6731,6732.67,17.960904524787907,17.960904524787907,486.2270290868017,61.3439676402439,0.2692558041975973,4.028716327891057e-06,4.586308188515323,0.050642952018865116
NII_6548,6549.85,7.318551476416701,7.318551476416701,198.12351525424853,61.098537851355246,0.2692558041975973,4.028716327891057e-06,4.586308188515323,0.050642952018865116
NII_6584,6585.28,28.096190874568265,28.096190874568265,760.6035318958054,61.76748172248943,0.2692558041975973,4.028716327891057e-06,4.586308188515323,0.050642952018865116
NII_5755,5756.24,0.0,0.0,0.0,10000000000.0,0.2692558041975973,4.028716327891057e-06,4.586308188515323,0.050642952018865116
HeI_5876,5877.594,6.357944054001678,6.357944054001678,172.11851687151244,61.08652327445214,0.2692558041975973,4.028716327891057e-06,4.586308188515323,0.050642952018865116
HeII_4686,4687.02,0.0,0.0,0.0,10000000000.0,0.2692558041975973,4.028716327891057e-06,4.586308188515323,0.050642952018865116
NeIII_3869,3870.16,19.588144312526993,2.257722146560612,530.2787062455028,61.39956789742607,0.2692558041975973,4.028716327891057e-06,4.586308188515323,0.050642952018865116
