line,wl,amp,amp_err,flux,flux_err,z,zerr,FWHM,FWHMerr
HI_6563,6564.61,1.5201639929764497,1.5201639929764497,66.33390782685841,60.22675157632295,0.2695174277197791,0.0001095602869621239,7.392604686469564,1.1994449071898658
HI_4861,4862.683,3.6307775441291597,3.6307775441291597,158.432684937185,65.63897271792911,0.2695174277197791,0.0001095602869621239,7.392604686469564,1.1994449071898658
HI_4341,4341.684,0.0,0.0,0.0,10000000000.0,0.2695174277197791,0.0001095602869621239,7.392604686469564,1.1994449071898658
HI_4102,4102.892,0.002124175637618464,0.002124175637618464,0.09269057259931052,59.00995479397537,0.2695174277197791,0.0001095602869621239,7.392604686469564,1.1994449071898658
OIII_4363,4364.436,0.8318808728555496,0.8318808728555496,36.29997118592547,59.37637324820916,0.2695174277197791,0.0001095602869621239,7.392604686469564,1.1994449071898658
OIII_5007,5008.24,5.375977426482791,5.375977426482791,234.58626354472892,72.75709300159221,0.2695174277197791,0.0001095602869621239,7.392604686469564,1.1994449071898658
OIII_4959,4960.295,3.0515533712689376,3.0515533712689376,133.15764680240562,63.76328338661683,0.2695174277197791,0.0001095602869621239,7.392604686469564,1.1994449071898658
OII_3726,3727.092,0.0,0.0,0.0,10000000000.0,0.2695174277197791,0.0001095602869621239,7.392604686469564,1.1994449071898658
OII_3729,3729.875,7.600278215655749,7.600278215655749,331.6458993537013,104.9657661844111,0.2695174277197791,0.0001095602869621239,7.392604686469564,1.1994449071898658
OI_6300,6302.046,1.9645539955877211,1.9645539955877211,85.72531928548392,61.02570900989808,0.2695174277197791,0.0001095602869621239,7.392604686469564,1.1994449071898658
SII_6717,6718.29,1.7165262903051826,1.7165262903051826,74.90237714454742,60.55770456403315,0.2695174277197791,0.0001095602869621239,7.392604686469564,1.1994449071898658
SII_6731,6732.67,1.9747799711785774,1.9747799711785774,86.17154017047898,61.048080207837195,0.2695174277197791,0.0001095602869621239,7.392604686469564,1.1994449071898658
NII_6548,6549.85,3.134848201288719,3.134848201288719,136.79230174918388,64.01993405932562,0.2695174277197791,0.0001095602869621239,7.392604686469564,1.1994449071898658
NII_6584,6585.28,0.0,0.0,0.0,10000000000.0,0.2695174277197791,0.0001095602869621239,7.392604686469564,1.1994449071898658
NII_5755,5756.24,0.0,0.0,0.0,10000000000.0,0.2695174277197791,0.0001095602869621239,7.392604686469564,1.1994449071898658
HeI_5876,5877.594,3.298506614147982,3.298506614147982,143.93370367940605,64.5308997937397,0.2695174277197791,0.0001095602869621239,7.392604686469564,1.1994449071898658
HeII_4686,4687.02,0.0,0.0,0.0,10000000000.0,0.2695174277197791,0.0001095602869621239,7.392604686469564,1.1994449071898658
NeIII_3869,3870.16,3.108943615384419,1.3756489581018896,135.66192869627116,63.936130739767336,0.2695174277197791,0.0001095602869621239,7.392604686469564,1.1994449071898658
