line,wl,amp,amp_err,flux,flux_err,z,zerr,FWHM,FWHMerr
HI_6563,6564.61,0.0,0.0,0.0,10000000000.0,0.2701580604682564,1.0596651723542668e-05,0.4399521190535105,0.6465246331735989
HI_4861,4862.683,21.53113671273752,21.53113671273752,55.91393156526025,206.03436166702937,0.2701580604682564,1.0596651723542668e-05,0.4399521190535105,0.6465246331735989
HI_4341,4341.684,6.494903686063367,6.494903686063367,16.866531715005358,44.31326244886662,0.2701580604682564,1.0596651723542668e-05,0.4399521190535105,0.6465246331735989
HI_4102,4102.892,0.0,0.0,0.0,10000000000.0,0.2701580604682564,1.0596651723542668e-05,0.4399521190535105,0.6465246331735989
OIII_4363,4364.436,0.0,0.0,0.0,10000000000.0,0.2701580604682564,1.0596651723542668e-05,0.4399521190535105,0.6465246331735989
OIII_5007,5008.24,0.0,0.0,0.0,10000000000.0,0.2701580604682564,1.0596651723542668e-05,0.4399521190535105,0.6465246331735989
OIII_4959,4960.295,439.18570126414807,439.18570126414807,1140.5156900237907,12833.109285797158,0.2701580604682564,1.0596651723542668e-05,0.4399521190535105,0.6465246331735989
OII_3726,3727.092,0.8843224437794106,0.8843224437794106,2.2964855624113025,96.19856886504702,0.2701580604682564,1.0596651723542668e-05,0.4399521190535105,0.6465246331735989
OII_3729,3729.875,10.43015813763111,10.43015813763111,27.085943306343896,58.93895186200178,0.2701580604682564,1.0596651723542668e-05,0.4399521190535105,0.6465246331735989
OI_6300,6302.046,0.0,0.0,0.0,10000000000.0,0.2701580604682564,1.0596651723542668e-05,0.4399521190535105,0.6465246331735989
SII_6717,6718.29,3.096700672928023,3.096700672928023,8.041782085836669,43.5694644653717,0.2701580604682564,1.0596651723542668e-05,0.4399521190535105,0.6465246331735989
SII_6731,6732.67,0.0,0.0,0.0,10000000000.0,0.2701580604682564,1.0596651723542668e-05,0.4399521190535105,0.6465246331735989
NII_6548,6549.85,55.222636505076025,55.222636505076025,143.40695336217033,1571.2014464198226,0.2701580604682564,1.0596651723542668e-05,0.4399521190535105,0.6465246331735989
NII_6584,6585.28,189.86492699442942,189.86492699442942,493.057783072332,5313.923817977166,0.2701580604682564,1.0596651723542668e-05,0.4399521190535105,0.6465246331735989
NII_5755,5756.24,0.0,0.0,0.0,10000000000.0,0.2701580604682564,1.0596651723542668e-05,0.4399521190535105,0.6465246331735989
HeI_5876,5877.594,0.0,0.0,0.0,10000000000.0,0.2701580604682564,1.0596651723542668e-05,0.4399521190535105,0.6465246331735989
HeII_4686,4687.02,0.0,0.0,0.0,10000000000.0,0.2701580604682564,1.0596651723542668e-05,0.4399521190535105,0.6465246331735989
NeIII_3869,3870.16,0.0,10000000000.0,0.0,10000000000.0,0.2701580604682564,1.0596651723542668e-05,0.4399521190535105,0.6465246331735989
