line,wl,amp,amp_err,flux,flux_err,z,zerr,FWHM,FWHMerr
HI_6563,6564.61,12.537726970500898,12.537726970500898,202.77342244125938,46.137934786818974,0.26935124335304944,2.9268957119829652e-05,2.739962159408628,0.3321169000139803
HI_4861,4862.683,5.114190677058332,5.114190677058332,82.71211751892768,38.68951810789673,0.26935124335304944,2.9268957119829652e-05,2.739962159408628,0.3321169000139803
HI_4341,4341.684,2.2073029938278523,2.2073029938278523,35.69884584952244,37.34659511754489,0.26935124335304944,2.9268957119829652e-05,2.739962159408628,0.3321169000139803
HI_4102,4102.892,3.8689002257619904,3.8689002257619904,62.57195915235166,38.00659337170892,0.26935124335304944,2.9268957119829652e-05,2.739962159408628,0.3321169000139803
OIII_4363,4364.436,1.1130569111307977,1.1130569111307977,18.001537262130345,37.11514609180064,0.26935124335304944,2.9268957119829652e-05,2.739962159408628,0.3321169000139803
OIII_5007,5008.24,14.370269356223503,14.370269356223503,232.41124213504693,48.59202749106726,0.26935124335304944,2.9268957119829652e-05,2.739962159408628,0.3321169000139803
OIII_4959,4960.295,3.8215708114501012,3.8215708114501012,61.80649765006001,37.973066502501986,0.26935124335304944,2.9268957119829652e-05,2.739962159408628,0.3321169000139803
OII_3726,3727.092,12.483629430994142,12.483629430994142,201.89849963768853,47.125394218356114,0.26935124335304944,2.9268957119829652e-05,2.739962159408628,0.3321169000139803
OII_3729,3729.875,8.019719948046259,8.019719948046259,129.70341950434184,42.62364357713886,0.26935124335304944,2.9268957119829652e-05,2.739962159408628,0.3321169000139803
OI_6300,6302.046,0.7319564106313692,0.7319564106313692,11.837975640301643,37.0746595634085,0.26935124335304944,2.9268957119829652e-05,2.739962159408628,0.3321169000139803
SII_6717,6718.29,0.5154083798697684,0.5154083798697684,8.335731140660043,37.063374235745954,0.26935124335304944,2.9268957119829652e-05,2.739962159408628,0.3321169000139803
SII_6731,6732.67,5.05744811358943,5.05744811358943,81.79441658160859,38.65187539292896,0.26935124335304944,2.9268957119829652e-05,2.739962159408628,0.3321169000139803
NII_6548,6549.85,1.2573655144744862,1.2573655144744862,20.33544909930515,37.14751032228428,0.26935124335304944,2.9268957119829652e-05,2.739962159408628,0.3321169000139803
NII_6584,6585.28,1.3105171335007526,1.3105171335007526,21.19507347329321,37.15562846137728,0.26935124335304944,2.9268957119829652e-05,2.739962159408628,0.3321169000139803
NII_5755,5756.24,0.3474424762285935,0.3474424762285935,5.619208343912689,37.054586545675505,0.26935124335304944,2.9268957119829652e-05,2.739962159408628,0.3321169000139803
HeI_5876,5877.594,0.0,0.0,0.0,10000000000.0,0.26935124335304944,2.9268957119829652e-05,2.739962159408628,0.3321169000139803
HeII_4686,4687.02,0.0,0.0,0.0,10000000000.0,0.26935124335304944,2.9268957119829652e-05,2.739962159408628,0.3321169000139803
NeIII_3869,3870.16,0.0,10000000000.0,0.0,10000000000.0,0.26935124335304944,2.9268957119829652e-05,2.739962159408628,0.3321169000139803
