line,wl,amp,amp_err,flux,flux_err,z,zerr,FWHM,FWHMerr
HI_6563,6564.61,0.0,0.0,0.0,10000000000.0,0.27003495882602147,7.025204751861126e-05,4.344358876849267,0.9064770861834152
HI_4861,4862.683,0.0,0.0,0.0,10000000000.0,0.27003495882602147,7.025204751861126e-05,4.344358876849267,0.9064770861834152
HI_4341,4341.684,4.092432895226011,4.092432895226011,104.94334892039278,55.29996014321804,0.27003495882602147,7.025204751861126e-05,4.344358876849267,0.9064770861834152
HI_4102,4102.892,0.0,0.0,0.0,10000000000.0,0.27003495882602147,7.025204751861126e-05,4.344358876849267,0.9064770861834152
OIII_4363,4364.436,0.0,0.0,0.0,10000000000.0,0.27003495882602147,7.025204751861126e-05,4.344358876849267,0.9064770861834152
OIII_5007,5008.24,1.9865255967918074,1.9865255967918074,50.94100604229966,50.99096764631343,0.27003495882602147,7.025204751861126e-05,4.344358876849267,0.9064770861834152
OIII_4959,4960.295,7.01314983390364,7.01314983390364,179.84007285956937,64.94797430459886,0.27003495882602147,7.025204751861126e-05,4.344358876849267,0.9064770861834152
OII_3726,3727.092,1.491944105817879,1.491944105817879,38.2583208753927,55.017785791400684,0.27003495882602147,7.025204751861126e-05,4.344358876849267,0.9064770861834152
OII_3729,3729.875,1.1626868183078614,1.1626868183078614,29.81508837961891,54.82832495368884,0.27003495882602147,7.025204751861126e-05,4.344358876849267,0.9064770861834152
OI_6300,6302.046,1.747539194976639,1.747539194976639,44.812613959884516,50.67565108201333,0.27003495882602147,7.025204751861126e-05,4.344358876849267,0.9064770861834152
SII_6717,6718.29,0.0,0.0,0.0,10000000000.0,0.27003495882602147,7.025204751861126e-05,4.344358876849267,0.9064770861834152
SII_6731,6732.67,5.113117272653426,5.113117272653426,131.1170308109161,58.257792537648356,0.27003495882602147,7.025204751861126e-05,4.344358876849267,0.9064770861834152
NII_6548,6549.85,0.0,0.0,0.0,10000000000.0,0.27003495882602147,7.025204751861126e-05,4.344358876849267,0.9064770861834152
NII_6584,6585.28,3.8129029869752458,3.8129029869752458,97.77528888220237,54.58053326477202,0.27003495882602147,7.025204751861126e-05,4.344358876849267,0.9064770861834152
NII_5755,5756.24,0.0,0.0,0.0,10000000000.0,0.27003495882602147,7.025204751861126e-05,4.344358876849267,0.9064770861834152
HeI_5876,5877.594,0.0,0.0,0.0,10000000000.0,0.27003495882602147,7.025204751861126e-05,4.344358876849267,0.9064770861834152
HeII_4686,4687.02,0.0,0.0,0.0,10000000000.0,0.27003495882602147,7.025204751861126e-05,4.344358876849267,0.9064770861834152
NeIII_3869,3870.16,0.0,10000000000.0,0.0,10000000000.0,0.27003495882602147,7.025204751861126e-05,4.344358876849267,0.9064770861834152
