line,wl,amp,amp_err,flux,flux_err,z,zerr,FWHM,FWHMerr
HI_6563,6564.61,7.952760566183088,7.952760566183088,31.730139752199783,35.61229557210695,0.2709743442954038,4.918304340618735e-05,0.6759373105101302,0.6327573053263488
HI_4861,4862.683,0.0,0.0,0.0,10000000000.0,0.2709743442954038,4.918304340618735e-05,0.6759373105101302,0.6327573053263488
HI_4341,4341.684,0.0,0.0,0.0,10000000000.0,0.2709743442954038,4.918304340618735e-05,0.6759373105101302,0.6327573053263488
HI_4102,4102.892,0.2478489871700731,0.2478489871700731,0.9888746096277908,13.355221020251141,0.2709743442954038,4.918304340618735e-05,0.6759373105101302,0.6327573053263488
OIII_4363,4364.436,0.0,0.0,0.0,10000000000.0,0.2709743442954038,4.918304340618735e-05,0.6759373105101302,0.6327573053263488
OIII_5007,5008.24,0.0,0.0,0.0,10000000000.0,0.2709743442954038,4.918304340618735e-05,0.6759373105101302,0.6327573053263488
OIII_4959,4960.295,4.927288127595261,4.927288127595261,19.659027778701155,54.70700132701412,0.2709743442954038,4.918304340618735e-05,0.6759373105101302,0.6327573053263488
OII_3726,3727.092,0.0,0.0,0.0,10000000000.0,0.2709743442954038,4.918304340618735e-05,0.6759373105101302,0.6327573053263488
OII_3729,3729.875,0.0,0.0,0.0,10000000000.0,0.2709743442954038,4.918304340618735e-05,0.6759373105101302,0.6327573053263488
OI_6300,6302.046,0.0,0.0,0.0,10000000000.0,0.2709743442954038,4.918304340618735e-05,0.6759373105101302,0.6327573053263488
SII_6717,6718.29,0.0,0.0,0.0,10000000000.0,0.2709743442954038,4.918304340618735e-05,0.6759373105101302,0.6327573053263488
SII_6731,6732.67,0.0,0.0,0.0,10000000000.0,0.2709743442954038,4.918304340618735e-05,0.6759373105101302,0.6327573053263488
NII_6548,6549.85,0.0,0.0,0.0,10000000000.0,0.2709743442954038,4.918304340618735e-05,0.6759373105101302,0.6327573053263488
NII_6584,6585.28,0.0,0.0,0.0,10000000000.0,0.2709743442954038,4.918304340618735e-05,0.6759373105101302,0.6327573053263488
NII_5755,5756.24,2.224731537131902,2.224731537131902,8.876294212162044,14.315160031362321,0.2709743442954038,4.918304340618735e-05,0.6759373105101302,0.6327573053263488
HeI_5876,5877.594,8.29393393762507,8.29393393762507,33.09136252075837,112.42762764872514,0.2709743442954038,4.918304340618735e-05,0.6759373105101302,0.6327573053263488
HeII_4686,4687.02,0.0,0.0,0.0,10000000000.0,0.2709743442954038,4.918304340618735e-05,0.6759373105101302,0.6327573053263488
NeIII_3869,3870.16,0.0,10000000000.0,0.0,10000000000.0,0.2709743442954038,4.918304340618735e-05,0.6759373105101302,0.6327573053263488
