line,wl,amp,amp_err,flux,flux_err,z,zerr,FWHM,FWHMerr
HI_6563,6564.61,0.0,0.0,0.0,10000000000.0,0.27027629940847353,1.8179090983151402e-05,0.9177125739835595,0.4142095388838971
HI_4861,4862.683,0.0,0.0,0.0,10000000000.0,0.27027629940847353,1.8179090983151402e-05,0.9177125739835595,0.4142095388838971
HI_4341,4341.684,11.907033418161518,11.907033418161518,64.49973241530844,42.76587510838589,0.27027629940847353,1.8179090983151402e-05,0.9177125739835595,0.4142095388838971
HI_4102,4102.892,0.048706523828968784,0.048706523828968784,0.2638405086741914,38.149276806286565,0.27027629940847353,1.8179090983151402e-05,0.9177125739835595,0.4142095388838971
OIII_4363,4364.436,5.709289143143792,5.709289143143792,30.926899176475036,42.071673433440495,0.27027629940847353,1.8179090983151402e-05,0.9177125739835595,0.4142095388838971
OIII_5007,5008.24,1.4487340845793142,1.4487340845793142,7.847711307652522,35.355768578251045,0.27027629940847353,1.8179090983151402e-05,0.9177125739835595,0.4142095388838971
OIII_4959,4960.295,21.562332751113217,21.562332751113217,116.8019475426468,56.851015101888834,0.27027629940847353,1.8179090983151402e-05,0.9177125739835595,0.4142095388838971
OII_3726,3727.092,0.0,0.0,0.0,10000000000.0,0.27027629940847353,1.8179090983151402e-05,0.9177125739835595,0.4142095388838971
OII_3729,3729.875,0.0,0.0,0.0,10000000000.0,0.27027629940847353,1.8179090983151402e-05,0.9177125739835595,0.4142095388838971
OI_6300,6302.046,6.155190608409043,6.155190608409043,33.34232241273932,50.22187222293785,0.27027629940847353,1.8179090983151402e-05,0.9177125739835595,0.4142095388838971
SII_6717,6718.29,4.625327749195094,4.625327749195094,25.05514108166901,44.43359867379147,0.27027629940847353,1.8179090983151402e-05,0.9177125739835595,0.4142095388838971
SII_6731,6732.67,0.3499200796399009,0.3499200796399009,1.8954974518751175,16.910310637300498,0.27027629940847353,1.8179090983151402e-05,0.9177125739835595,0.4142095388838971
NII_6548,6549.85,0.0,0.0,0.0,10000000000.0,0.27027629940847353,1.8179090983151402e-05,0.9177125739835595,0.4142095388838971
NII_6584,6585.28,0.0,0.0,0.0,10000000000.0,0.27027629940847353,1.8179090983151402e-05,0.9177125739835595,0.4142095388838971
NII_5755,5756.24,0.0,0.0,0.0,10000000000.0,0.27027629940847353,1.8179090983151402e-05,0.9177125739835595,0.4142095388838971
HeI_5876,5877.594,0.0,0.0,0.0,10000000000.0,0.27027629940847353,1.8179090983151402e-05,0.9177125739835595,0.4142095388838971
HeII_4686,4687.02,0.0,0.0,0.0,10000000000.0,0.27027629940847353,1.8179090983151402e-05,0.9177125739835595,0.4142095388838971
NeIII_3869,3870.16,10.388814703198477,3.2427319037086706,56.275626760774266,30.882257370463368,0.27027629940847353,1.8179090983151402e-05,0.9177125739835595,0.4142095388838971
