line,wl,amp,amp_err,flux,flux_err,z,zerr,FWHM,FWHMerr
HI_6563,6564.61,0.02043775300330708,0.02043775300330708,0.21641918873961785,31.167223671490284,0.2703578399892522,3.230041060434994e-05,1.793969108038595,0.34453339719851533
HI_4861,4862.683,0.0,0.0,0.0,10000000000.0,0.2703578399892522,3.230041060434994e-05,1.793969108038595,0.34453339719851533
HI_4341,4341.684,0.0,0.0,0.0,10000000000.0,0.2703578399892522,3.230041060434994e-05,1.793969108038595,0.34453339719851533
HI_4102,4102.892,3.0612275231053445,3.0612275231053445,32.41591074080632,31.010014110229715,0.2703578399892522,3.230041060434994e-05,1.793969108038595,0.34453339719851533
OIII_4363,4364.436,0.0,0.0,0.0,10000000000.0,0.2703578399892522,3.230041060434994e-05,1.793969108038595,0.34453339719851533
OIII_5007,5008.24,0.0,0.0,0.0,10000000000.0,0.2703578399892522,3.230041060434994e-05,1.793969108038595,0.34453339719851533
OIII_4959,4960.295,18.9826135519819,18.9826135519819,201.01044495512014,52.9574422806847,0.2703578399892522,3.230041060434994e-05,1.793969108038595,0.34453339719851533
OII_3726,3727.092,1.2916151659009074,1.2916151659009074,13.677154544476092,30.18709165051505,0.2703578399892522,3.230041060434994e-05,1.793969108038595,0.34453339719851533
OII_3729,3729.875,4.4528786289555455,4.4528786289555455,47.15236456173066,32.298594561089885,0.2703578399892522,3.230041060434994e-05,1.793969108038595,0.34453339719851533
OI_6300,6302.046,0.958841070156609,0.958841070156609,10.153347410546669,30.48444000388144,0.2703578399892522,3.230041060434994e-05,1.793969108038595,0.34453339719851533
SII_6717,6718.29,3.464186399961136,3.464186399961136,36.68291764760505,31.236965764144262,0.2703578399892522,3.230041060434994e-05,1.793969108038595,0.34453339719851533
SII_6731,6732.67,1.420156745184613,1.420156745184613,15.038305366848173,31.709871326649345,0.2703578399892522,3.230041060434994e-05,1.793969108038595,0.34453339719851533
NII_6548,6549.85,0.13294752105684893,0.13294752105684893,1.4078061637896682,31.170438060951597,0.2703578399892522,3.230041060434994e-05,1.793969108038595,0.34453339719851533
NII_6584,6585.28,0.0,0.0,0.0,10000000000.0,0.2703578399892522,3.230041060434994e-05,1.793969108038595,0.34453339719851533
NII_5755,5756.24,0.0,0.0,0.0,10000000000.0,0.2703578399892522,3.230041060434994e-05,1.793969108038595,0.34453339719851533
HeI_5876,5877.594,0.20368674455085056,0.20368674455085056,2.1568770307369842,31.51391450459876,0.2703578399892522,3.230041060434994e-05,1.793969108038595,0.34453339719851533
HeII_4686,4687.02,0.0,0.0,0.0,10000000000.0,0.2703578399892522,3.230041060434994e-05,1.793969108038595,0.34453339719851533
NeIII_3869,3870.16,0.0,10000000000.0,0.0,10000000000.0,0.2703578399892522,3.230041060434994e-05,1.793969108038595,0.34453339719851533
