line,wl,amp,amp_err,flux,flux_err,z,zerr,FWHM,FWHMerr
HI_6563,6564.61,199.79163078876763,199.79163078876763,5975.8150764816655,89.33374788159155,0.2693007910150481,3.686304478604757e-06,5.067248463038974,0.04742579523076388
HI_4861,4862.683,77.81146268390671,77.81146268390671,2327.359309265531,68.28981700802392,0.2693007910150481,3.686304478604757e-06,5.067248463038974,0.04742579523076388
HI_4341,4341.684,35.047070450527144,35.047070450527144,1048.2661919217373,64.73583558124639,0.2693007910150481,3.686304478604757e-06,5.067248463038974,0.04742579523076388
HI_4102,4102.892,14.80478882404259,14.80478882404259,442.8147460910301,63.96779510278611,0.2693007910150481,3.686304478604757e-06,5.067248463038974,0.04742579523076388
OIII_4363,4364.436,2.5970716015210655,2.5970716015210655,77.67902774406147,63.804922829365914,0.2693007910150481,3.686304478604757e-06,5.067248463038974,0.04742579523076388
OIII_5007,5008.24,197.49358885357424,197.49358885357424,5907.080097000793,88.83174523871402,0.2693007910150481,3.686304478604757e-06,5.067248463038974,0.04742579523076388
OIII_4959,4960.295,62.65783168137273,62.65783168137273,1874.1106108547185,66.74568148449602,0.2693007910150481,3.686304478604757e-06,5.067248463038974,0.04742579523076388
OII_3726,3727.092,89.37845746486391,89.37845746486391,2673.3308673770375,84.00023259369881,0.2693007910150481,3.686304478604757e-06,5.067248463038974,0.04742579523076388
OII_3729,3729.875,129.87041479468962,129.87041479468962,3884.4549176314413,86.81543882911988,0.2693007910150481,3.686304478604757e-06,5.067248463038974,0.04742579523076388
OI_6300,6302.046,5.108128345166847,5.108128345166847,152.78533068246782,63.81977591162502,0.2693007910150481,3.686304478604757e-06,5.067248463038974,0.04742579523076388
SII_6717,6718.29,26.59256526730701,26.59256526730701,795.3899361015177,64.34033925653412,0.2693007910150481,3.686304478604757e-06,5.067248463038974,0.04742579523076388
SII_6731,6732.67,22.03390368307646,22.03390368307646,659.0392865969627,64.17136906833494,0.2693007910150481,3.686304478604757e-06,5.067248463038974,0.04742579523076388
NII_6548,6549.85,8.411755178213866,8.411755178213866,251.597593028252,63.854047101454576,0.2693007910150481,3.686304478604757e-06,5.067248463038974,0.04742579523076388
NII_6584,6585.28,25.518421851995527,25.518421851995527,763.2620517142666,64.29771399904631,0.2693007910150481,3.686304478604757e-06,5.067248463038974,0.04742579523076388
NII_5755,5756.24,0.0,0.0,0.0,10000000000.0,0.2693007910150481,3.686304478604757e-06,5.067248463038974,0.04742579523076388
HeI_5876,5877.594,7.155265975345401,7.155265975345401,214.01570287452319,63.83904021511005,0.2693007910150481,3.686304478604757e-06,5.067248463038974,0.04742579523076388
HeII_4686,4687.02,0.0,0.0,0.0,10000000000.0,0.2693007910150481,3.686304478604757e-06,5.067248463038974,0.04742579523076388
NeIII_3869,3870.16,14.100381152211526,2.134060903355785,421.7457455092796,63.95219915648937,0.2693007910150481,3.686304478604757e-06,5.067248463038974,0.04742579523076388
