line,wl,amp,amp_err,flux,flux_err,z,zerr,FWHM,FWHMerr
HI_6563,6564.61,163.0319363750109,163.0319363750109,4930.26242906034,85.4415560387755,0.2692522745420089,4.420339604550211e-06,5.123298872547904,0.057442410157841635
HI_4861,4862.683,53.090102394045516,53.090102394045516,1605.5022286323592,62.33594250602323,0.2692522745420089,4.420339604550211e-06,5.123298872547904,0.057442410157841635
HI_4341,4341.684,27.682738315103506,27.682738315103506,837.1560056461658,59.92379438635812,0.2692522745420089,4.420339604550211e-06,5.123298872547904,0.057442410157841635
HI_4102,4102.892,14.545372912344305,14.545372912344305,439.86783927688793,59.25487051826544,0.2692522745420089,4.420339604550211e-06,5.123298872547904,0.057442410157841635
OIII_4363,4364.436,1.120631977151561,1.120631977151561,33.88912538611548,58.999271593671715,0.2692522745420089,4.420339604550211e-06,5.123298872547904,0.057442410157841635
OIII_5007,5008.24,136.00666416226045,136.00666416226045,4112.988910826676,78.35119006273645,0.2692522745420089,4.420339604550211e-06,5.123298872547904,0.057442410157841635
OIII_4959,4960.295,50.48718567807941,50.48718567807941,1526.7872064346113,62.02440151116258,0.2692522745420089,4.420339604550211e-06,5.123298872547904,0.057442410157841635
OII_3726,3727.092,72.39225091566232,72.39225091566232,2189.2201171163024,79.29979453576705,0.2692522745420089,4.420339604550211e-06,5.123298872547904,0.057442410157841635
OII_3729,3729.875,107.57731677926245,107.57731677926245,3253.254637888335,82.36000574528174,0.2692522745420089,4.420339604550211e-06,5.123298872547904,0.057442410157841635
OI_6300,6302.046,7.373799146395413,7.373799146395413,222.99167696374656,59.06392889362807,0.2692522745420089,4.420339604550211e-06,5.123298872547904,0.057442410157841635
SII_6717,6718.29,16.686969771955432,16.686969771955432,504.6320490992326,59.33590910052633,0.2692522745420089,4.420339604550211e-06,5.123298872547904,0.057442410157841635
SII_6731,6732.67,11.900193233078312,11.900193233078312,359.8747392697781,59.169965363849684,0.2692522745420089,4.420339604550211e-06,5.123298872547904,0.057442410157841635
NII_6548,6549.85,8.28475235176154,8.28475235176154,250.53988906813953,59.081294097278864,0.2692522745420089,4.420339604550211e-06,5.123298872547904,0.057442410157841635
NII_6584,6585.28,24.847540036554847,24.847540036554847,751.4165372789878,59.74493885021804,0.2692522745420089,4.420339604550211e-06,5.123298872547904,0.057442410157841635
NII_5755,5756.24,1.0820611226222354,1.0820611226222354,32.72270094700888,58.99917656764866,0.2692522745420089,4.420339604550211e-06,5.123298872547904,0.057442410157841635
HeI_5876,5877.594,5.366599650150647,5.366599650150647,162.291789052207,59.03282086976831,0.2692522745420089,4.420339604550211e-06,5.123298872547904,0.057442410157841635
HeII_4686,4687.02,0.0,0.0,0.0,10000000000.0,0.2692522745420089,4.420339604550211e-06,5.123298872547904,0.057442410157841635
NeIII_3869,3870.16,11.885432754643944,1.9520515046167255,359.42836640641144,59.16954660838772,0.2692522745420089,4.420339604550211e-06,5.123298872547904,0.057442410157841635
