line,wl,amp,amp_err,flux,flux_err,z,zerr,FWHM,FWHMerr
HI_6563,6564.61,1.643471300938927,1.643471300938927,4.660462898621493,28.703737427351307,0.2699955806531807,7.1210808393338885e-06,0.48041800135084745,0.4620515393251219
HI_4861,4862.683,88.24299753079981,88.24299753079981,250.23449805329037,1406.9128548251374,0.2699955806531807,7.1210808393338885e-06,0.48041800135084745,0.4620515393251219
HI_4341,4341.684,1.0426327676694882,1.0426327676694882,2.9566389920132004,36.110760422883196,0.2699955806531807,7.1210808393338885e-06,0.48041800135084745,0.4620515393251219
HI_4102,4102.892,0.0,0.0,0.0,10000000000.0,0.2699955806531807,7.1210808393338885e-06,0.48041800135084745,0.4620515393251219
OIII_4363,4364.436,0.0,0.0,0.0,10000000000.0,0.2699955806531807,7.1210808393338885e-06,0.48041800135084745,0.4620515393251219
OIII_5007,5008.24,0.0,0.0,0.0,10000000000.0,0.2699955806531807,7.1210808393338885e-06,0.48041800135084745,0.4620515393251219
OIII_4959,4960.295,6.748196058812937,6.748196058812937,19.136152451675926,43.47415282068092,0.2699955806531807,7.1210808393338885e-06,0.48041800135084745,0.4620515393251219
OII_3726,3727.092,1.047517971210823,1.047517971210823,2.970492175724773,14.026874322595663,0.2699955806531807,7.1210808393338885e-06,0.48041800135084745,0.4620515393251219
OII_3729,3729.875,72.78911961005338,72.78911961005338,206.411265698507,792.7671643071701,0.2699955806531807,7.1210808393338885e-06,0.48041800135084745,0.4620515393251219
OI_6300,6302.046,0.0,0.0,0.0,10000000000.0,0.2699955806531807,7.1210808393338885e-06,0.48041800135084745,0.4620515393251219
SII_6717,6718.29,1.8894683934886416,1.8894683934886416,5.358047530821472,12.134640230063798,0.2699955806531807,7.1210808393338885e-06,0.48041800135084745,0.4620515393251219
SII_6731,6732.67,266.8559198950568,266.8559198950568,756.7349142257016,6841.060917401574,0.2699955806531807,7.1210808393338885e-06,0.48041800135084745,0.4620515393251219
NII_6548,6549.85,0.017774246468434285,0.017774246468434285,0.05040320215495527,25.788934551031783,0.2699955806531807,7.1210808393338885e-06,0.48041800135084745,0.4620515393251219
NII_6584,6585.28,13.887926975741038,13.887926975741038,39.38259729404968,92.2194164357562,0.2699955806531807,7.1210808393338885e-06,0.48041800135084745,0.4620515393251219
NII_5755,5756.24,0.0,0.0,0.0,10000000000.0,0.2699955806531807,7.1210808393338885e-06,0.48041800135084745,0.4620515393251219
HeI_5876,5877.594,0.0,0.0,0.0,10000000000.0,0.2699955806531807,7.1210808393338885e-06,0.48041800135084745,0.4620515393251219
HeII_4686,4687.02,0.0,0.0,0.0,10000000000.0,0.2699955806531807,7.1210808393338885e-06,0.48041800135084745,0.4620515393251219
NeIII_3869,3870.16,10.19335060318349,17.54538455947618,28.905726721018674,56.99436577963323,0.2699955806531807,7.1210808393338885e-06,0.48041800135084745,0.4620515393251219
