line,wl,amp,amp_err,flux,flux_err,z,zerr,FWHM,FWHMerr
HI_6563,6564.61,1.7963195100064695,1.7963195100064695,78.46603566491179,60.98331625305386,0.270119706327244,0.00011114677256943107,7.400319432010269,0.9445445476335385
HI_4861,4862.683,0.0,0.0,0.0,10000000000.0,0.270119706327244,0.00011114677256943107,7.400319432010269,0.9445445476335385
HI_4341,4341.684,1.0911436871779188,1.0911436871779188,47.66285674497716,60.33079957228936,0.270119706327244,0.00011114677256943107,7.400319432010269,0.9445445476335385
HI_4102,4102.892,0.0,0.0,0.0,10000000000.0,0.270119706327244,0.00011114677256943107,7.400319432010269,0.9445445476335385
OIII_4363,4364.436,0.0,0.0,0.0,10000000000.0,0.270119706327244,0.00011114677256943107,7.400319432010269,0.9445445476335385
OIII_5007,5008.24,5.0457895437353955,5.0457895437353955,220.4079508633487,67.6956149210097,0.270119706327244,0.00011114677256943107,7.400319432010269,0.9445445476335385
OIII_4959,4960.295,0.0,0.0,0.0,10000000000.0,0.270119706327244,0.00011114677256943107,7.400319432010269,0.9445445476335385
OII_3726,3727.092,15.722395477612963,15.722395477612963,686.7787369741275,125.94772188548411,0.270119706327244,0.00011114677256943107,7.400319432010269,0.9445445476335385
OII_3729,3729.875,0.0,0.0,0.0,10000000000.0,0.270119706327244,0.00011114677256943107,7.400319432010269,0.9445445476335385
OI_6300,6302.046,0.0,0.0,0.0,10000000000.0,0.270119706327244,0.00011114677256943107,7.400319432010269,0.9445445476335385
SII_6717,6718.29,0.9757076588967948,0.9757076588967948,42.620431128784965,60.25415523219084,0.270119706327244,0.00011114677256943107,7.400319432010269,0.9445445476335385
SII_6731,6732.67,0.6627066981119469,0.6627066981119469,28.94806136645517,60.08883538499597,0.270119706327244,0.00011114677256943107,7.400319432010269,0.9445445476335385
NII_6548,6549.85,0.0,0.0,0.0,10000000000.0,0.270119706327244,0.00011114677256943107,7.400319432010269,0.9445445476335385
NII_6584,6585.28,0.0,0.0,0.0,10000000000.0,0.270119706327244,0.00011114677256943107,7.400319432010269,0.9445445476335385
NII_5755,5756.24,0.0,0.0,0.0,10000000000.0,0.270119706327244,0.00011114677256943107,7.400319432010269,0.9445445476335385
HeI_5876,5877.594,1.9628809955815996,1.9628809955815996,85.74170093199547,61.18209858819704,0.270119706327244,0.00011114677256943107,7.400319432010269,0.9445445476335385
HeII_4686,4687.02,0.0,0.0,0.0,10000000000.0,0.270119706327244,0.00011114677256943107,7.400319432010269,0.9445445476335385
NeIII_3869,3870.16,0.1780873534961529,1.3723917069570593,7.779133140322324,59.956430424674046,0.270119706327244,0.00011114677256943107,7.400319432010269,0.9445445476335385
