line,wl,amp,amp_err,flux,flux_err,z,zerr,FWHM,FWHMerr
HI_6563,6564.61,21.30554561799147,21.30554561799147,677.3290250627477,72.79601835339987,0.26923173194313205,2.8750116868246496e-05,5.385913419403561,0.3369086376413506
HI_4861,4862.683,10.063005307488993,10.063005307488993,319.9150914195332,59.63020453608412,0.26923173194313205,2.8750116868246496e-05,5.385913419403561,0.3369086376413506
HI_4341,4341.684,3.5248971722277247,3.5248971722277247,112.06073798435389,55.82643802568497,0.26923173194313205,2.8750116868246496e-05,5.385913419403561,0.3369086376413506
HI_4102,4102.892,2.6229585435031595,2.6229585435031595,83.38701974150545,55.58036688634279,0.26923173194313205,2.8750116868246496e-05,5.385913419403561,0.3369086376413506
OIII_4363,4364.436,2.402017917916396,2.402017917916396,76.3630504328263,55.53096540077093,0.26923173194313205,2.8750116868246496e-05,5.385913419403561,0.3369086376413506
OIII_5007,5008.24,21.837654427343182,21.837654427343182,694.2454067188526,73.57078236871715,0.26923173194313205,2.8750116868246496e-05,5.385913419403561,0.3369086376413506
OIII_4959,4960.295,6.375974914034032,6.375974914034032,202.6999425304714,57.06255150961223,0.26923173194313205,2.8750116868246496e-05,5.385913419403561,0.3369086376413506
OII_3726,3727.092,13.933171163901193,13.933171163901193,442.95233784147837,83.76909407322967,0.26923173194313205,2.8750116868246496e-05,5.385913419403561,0.3369086376413506
OII_3729,3729.875,24.43921757302087,24.43921757302087,776.9522409251085,88.79650928466843,0.26923173194313205,2.8750116868246496e-05,5.385913419403561,0.3369086376413506
OI_6300,6302.046,0.0,0.0,0.0,10000000000.0,0.26923173194313205,2.8750116868246496e-05,5.385913419403561,0.3369086376413506
SII_6717,6718.29,1.0204873108613128,1.0204873108613128,32.442524014541526,55.320093456791206,0.26923173194313205,2.8750116868246496e-05,5.385913419403561,0.3369086376413506
SII_6731,6732.67,1.2541912172252978,1.2541912172252978,39.872253432839166,55.34384345999942,0.26923173194313205,2.8750116868246496e-05,5.385913419403561,0.3369086376413506
NII_6548,6549.85,2.3902843345964584,2.3902843345964584,75.99002564889986,55.528453301721925,0.26923173194313205,2.8750116868246496e-05,5.385913419403561,0.3369086376413506
NII_6584,6585.28,4.347340759998929,4.347340759998929,138.20721287227062,56.112388742687365,0.26923173194313205,2.8750116868246496e-05,5.385913419403561,0.3369086376413506
NII_5755,5756.24,0.016934787389800476,0.016934787389800476,0.5383773425962991,55.273534506503154,0.26923173194313205,2.8750116868246496e-05,5.385913419403561,0.3369086376413506
HeI_5876,5877.594,0.0,0.0,0.0,10000000000.0,0.26923173194313205,2.8750116868246496e-05,5.385913419403561,0.3369086376413506
HeII_4686,4687.02,0.0,0.0,0.0,10000000000.0,0.26923173194313205,2.8750116868246496e-05,5.385913419403561,0.3369086376413506
NeIII_3869,3870.16,4.3112649061096135,1.7438643944958403,137.06031790974396,56.09858576384544,0.26923173194313205,2.8750116868246496e-05,5.385913419403561,0.3369086376413506
