line,wl,amp,amp_err,flux,flux_err,z,zerr,FWHM,FWHMerr
HI_6563,6564.61,175.34281824337222,175.34281824337222,3632.9453359495546,66.71990641223427,0.26938803092557445,3.1485463546010205e-06,3.510130171792233,0.04115358923732613
HI_4861,4862.683,55.992972913108815,55.992972913108815,1160.1239892716135,49.142705232487444,0.26938803092557445,3.1485463546010205e-06,3.510130171792233,0.04115358923732613
HI_4341,4341.684,24.833266035427187,24.833266035427187,514.522915301721,47.21481221828173,0.26938803092557445,3.1485463546010205e-06,3.510130171792233,0.04115358923732613
HI_4102,4102.892,7.242815175179885,7.242815175179885,150.06460985070322,46.772056094090246,0.26938803092557445,3.1485463546010205e-06,3.510130171792233,0.04115358923732613
OIII_4363,4364.436,2.1384276653794814,2.1384276653794814,44.306296037873416,46.73424904767578,0.26938803092557445,3.1485463546010205e-06,3.510130171792233,0.04115358923732613
OIII_5007,5008.24,166.1807407412084,166.1807407412084,3443.1153385618372,64.96663016633899,0.26938803092557445,3.1485463546010205e-06,3.510130171792233,0.04115358923732613
OIII_4959,4960.295,51.303293839544494,51.303293839544494,1062.9580609028892,48.763675850738174,0.26938803092557445,3.1485463546010205e-06,3.510130171792233,0.04115358923732613
OII_3726,3727.092,55.705279845717996,55.705279845717996,1154.1632479202806,52.26281414119938,0.26938803092557445,3.1485463546010205e-06,3.510130171792233,0.04115358923732613
OII_3729,3729.875,93.74459783186171,93.74459783186171,1942.3036704647118,55.33078616915663,0.26938803092557445,3.1485463546010205e-06,3.510130171792233,0.04115358923732613
OI_6300,6302.046,6.121659427647387,6.121659427647387,126.83527211861629,46.76018122844906,0.26938803092557445,3.1485463546010205e-06,3.510130171792233,0.04115358923732613
SII_6717,6718.29,22.14458856311262,22.14458856311262,458.8159386443691,47.116110314048086,0.26938803092557445,3.1485463546010205e-06,3.510130171792233,0.04115358923732613
SII_6731,6732.67,13.476574773193647,13.476574773193647,279.22249657750046,46.87375010003322,0.26938803092557445,3.1485463546010205e-06,3.510130171792233,0.04115358923732613
NII_6548,6549.85,2.7974178837553154,2.7974178837553154,57.959980085325746,46.73683707263407,0.26938803092557445,3.1485463546010205e-06,3.510130171792233,0.04115358923732613
NII_6584,6585.28,12.79251583059829,12.79251583059829,265.0494111331508,46.85964707943791,0.26938803092557445,3.1485463546010205e-06,3.510130171792233,0.04115358923732613
NII_5755,5756.24,0.0,0.0,0.0,10000000000.0,0.26938803092557445,3.1485463546010205e-06,3.510130171792233,0.04115358923732613
HeI_5876,5877.594,7.728900964425634,7.728900964425634,160.1358697893945,46.777733221162606,0.26938803092557445,3.1485463546010205e-06,3.510130171792233,0.04115358923732613
HeII_4686,4687.02,0.0,0.0,0.0,10000000000.0,0.26938803092557445,3.1485463546010205e-06,3.510130171792233,0.04115358923732613
NeIII_3869,3870.16,21.83163106540701,2.2590665197483197,452.3317410420358,47.10530327770979,0.26938803092557445,3.1485463546010205e-06,3.510130171792233,0.04115358923732613
