line,wl,amp,amp_err,flux,flux_err,z,zerr,FWHM,FWHMerr
HI_6563,6564.61,21.998935739028298,21.998935739028298,627.655734069565,71.67619434723463,0.2699267712179862,2.3276233598430864e-05,4.833616288798335,0.2873465129149083
HI_4861,4862.683,5.98761778178266,5.98761778178266,170.83383845180396,59.3802417273254,0.2699267712179862,2.3276233598430864e-05,4.833616288798335,0.2873465129149083
HI_4341,4341.684,4.194960771697879,4.194960771697879,119.68720731711915,58.8248593325238,0.2699267712179862,2.3276233598430864e-05,4.833616288798335,0.2873465129149083
HI_4102,4102.892,0.0,0.0,0.0,10000000000.0,0.2699267712179862,2.3276233598430864e-05,4.833616288798335,0.2873465129149083
OIII_4363,4364.436,3.51393790020893,3.51393790020893,100.25681689308492,58.66416669731914,0.2699267712179862,2.3276233598430864e-05,4.833616288798335,0.2873465129149083
OIII_5007,5008.24,31.78217130253438,31.78217130253438,906.7830505921557,83.84221250677241,0.2699267712179862,2.3276233598430864e-05,4.833616288798335,0.2873465129149083
OIII_4959,4960.295,24.901792981936296,24.901792981936296,710.477694882159,75.0129861643174,0.2699267712179862,2.3276233598430864e-05,4.833616288798335,0.2873465129149083
OII_3726,3727.092,15.342556758299565,15.342556758299565,437.74134525745177,73.56996016310103,0.2699267712179862,2.3276233598430864e-05,4.833616288798335,0.2873465129149083
OII_3729,3729.875,9.851697744909643,9.851697744909643,281.0806237750239,71.56452129853153,0.2699267712179862,2.3276233598430864e-05,4.833616288798335,0.2873465129149083
OI_6300,6302.046,3.441567370443636,3.441567370443636,98.19199982540047,58.64872495547424,0.2699267712179862,2.3276233598430864e-05,4.833616288798335,0.2873465129149083
SII_6717,6718.29,1.8567161511466566,1.8567161511466566,52.97431442282341,58.39072439303598,0.2699267712179862,2.3276233598430864e-05,4.833616288798335,0.2873465129149083
SII_6731,6732.67,0.8545693324421109,0.8545693324421109,24.38187683396466,58.30700126104112,0.2699267712179862,2.3276233598430864e-05,4.833616288798335,0.2873465129149083
NII_6548,6549.85,0.0,0.0,0.0,10000000000.0,0.2699267712179862,2.3276233598430864e-05,4.833616288798335,0.2873465129149083
NII_6584,6585.28,1.5937074617103235,1.5937074617103235,45.470364504829455,58.36277546181156,0.2699267712179862,2.3276233598430864e-05,4.833616288798335,0.2873465129149083
NII_5755,5756.24,0.0,0.0,0.0,10000000000.0,0.2699267712179862,2.3276233598430864e-05,4.833616288798335,0.2873465129149083
HeI_5876,5877.594,2.2081239431923905,2.2081239431923905,63.00039560651128,58.434695365311704,0.2699267712179862,2.3276233598430864e-05,4.833616288798335,0.2873465129149083
HeII_4686,4687.02,0.0,0.0,0.0,10000000000.0,0.2699267712179862,2.3276233598430864e-05,4.833616288798335,0.2873465129149083
NeIII_3869,3870.16,1.3367524066383112,2.0432201172414852,38.13913195670287,58.33956757617128,0.2699267712179862,2.3276233598430864e-05,4.833616288798335,0.2873465129149083
