line,wl,amp,amp_err,flux,flux_err,z,zerr,FWHM,FWHMerr
HI_6563,6564.61,13.17117978059764,13.17117978059764,336.76977348523866,66.3650936632472,0.26919624324896935,4.310268136041968e-05,4.331723915753487,0.49892846279935454
HI_4861,4862.683,3.275919379621314,3.275919379621314,83.76095731804783,51.375371942222664,0.26919624324896935,4.310268136041968e-05,4.331723915753487,0.49892846279935454
HI_4341,4341.684,2.6427050170059374,2.6427050170059374,67.57049746419986,50.978323393373806,0.26919624324896935,4.310268136041968e-05,4.331723915753487,0.49892846279935454
HI_4102,4102.892,0.764306935902141,0.764306935902141,19.542324830773936,50.293131843443454,0.26919624324896935,4.310268136041968e-05,4.331723915753487,0.49892846279935454
OIII_4363,4364.436,2.5223747769522333,2.5223747769522333,64.4938112173076,50.91234169689433,0.26919624324896935,4.310268136041968e-05,4.331723915753487,0.49892846279935454
OIII_5007,5008.24,11.823085381554733,11.823085381554733,302.30076972361826,63.55228624722766,0.26919624324896935,4.310268136041968e-05,4.331723915753487,0.49892846279935454
OIII_4959,4960.295,3.0416401509022535,3.0416401509022535,77.77074504380352,51.218873019139366,0.26919624324896935,4.310268136041968e-05,4.331723915753487,0.49892846279935454
OII_3726,3727.092,7.659682723801325,7.659682723801325,195.8480302321347,72.97640566161733,0.26919624324896935,4.310268136041968e-05,4.331723915753487,0.49892846279935454
OII_3729,3729.875,19.75913378092082,19.75913378092082,505.2151074171501,85.64706094010188,0.26919624324896935,4.310268136041968e-05,4.331723915753487,0.49892846279935454
OI_6300,6302.046,0.0,0.0,0.0,10000000000.0,0.26919624324896935,4.310268136041968e-05,4.331723915753487,0.49892846279935454
SII_6717,6718.29,0.7780267663309814,0.7780267663309814,19.893122880967038,50.295421612428854,0.26919624324896935,4.310268136041968e-05,4.331723915753487,0.49892846279935454
SII_6731,6732.67,0.0,0.0,0.0,10000000000.0,0.26919624324896935,4.310268136041968e-05,4.331723915753487,0.49892846279935454
NII_6548,6549.85,0.0,0.0,0.0,10000000000.0,0.26919624324896935,4.310268136041968e-05,4.331723915753487,0.49892846279935454
NII_6584,6585.28,0.0,0.0,0.0,10000000000.0,0.26919624324896935,4.310268136041968e-05,4.331723915753487,0.49892846279935454
NII_5755,5756.24,0.0,0.0,0.0,10000000000.0,0.26919624324896935,4.310268136041968e-05,4.331723915753487,0.49892846279935454
HeI_5876,5877.594,0.0,0.0,0.0,10000000000.0,0.26919624324896935,4.310268136041968e-05,4.331723915753487,0.49892846279935454
HeII_4686,4687.02,0.0,0.0,0.0,10000000000.0,0.26919624324896935,4.310268136041968e-05,4.331723915753487,0.49892846279935454
NeIII_3869,3870.16,3.4256759777558727,1.9744073983710502,87.59003690482778,51.48120281129519,0.26919624324896935,4.310268136041968e-05,4.331723915753487,0.49892846279935454
