line,wl,amp,amp_err,flux,flux_err,z,zerr,FWHM,FWHMerr
HI_6563,6564.61,7.629286690719368,7.629286690719368,52.01778404413699,34.20782559441351,0.2701863461013136,8.2484137476338e-06,1.1551017828101207,0.4057270159758958
HI_4861,4862.683,6.767792417176338,6.767792417176338,46.143968457820804,38.03357460666923,0.2701863461013136,8.2484137476338e-06,1.1551017828101207,0.4057270159758958
HI_4341,4341.684,1.4417143894579567,1.4417143894579567,9.8298557655955,22.903702738469125,0.2701863461013136,8.2484137476338e-06,1.1551017828101207,0.4057270159758958
HI_4102,4102.892,0.0,0.0,0.0,10000000000.0,0.2701863461013136,8.2484137476338e-06,1.1551017828101207,0.4057270159758958
OIII_4363,4364.436,0.0,0.0,0.0,10000000000.0,0.2701863461013136,8.2484137476338e-06,1.1551017828101207,0.4057270159758958
OIII_5007,5008.24,0.0,0.0,0.0,10000000000.0,0.2701863461013136,8.2484137476338e-06,1.1551017828101207,0.4057270159758958
OIII_4959,4960.295,73.46667329442039,73.46667329442039,500.90836808099925,335.2063455518448,0.2701863461013136,8.2484137476338e-06,1.1551017828101207,0.4057270159758958
OII_3726,3727.092,1.8576434156486812,1.8576434156486812,12.665731141519702,34.755497803344696,0.2701863461013136,8.2484137476338e-06,1.1551017828101207,0.4057270159758958
OII_3729,3729.875,5.993654629885555,5.993654629885555,40.865764364549136,30.95748924018573,0.2701863461013136,8.2484137476338e-06,1.1551017828101207,0.4057270159758958
OI_6300,6302.046,0.0,0.0,0.0,10000000000.0,0.2701863461013136,8.2484137476338e-06,1.1551017828101207,0.4057270159758958
SII_6717,6718.29,2.5926357806621354,2.5926357806621354,17.677035037579532,23.62651138717169,0.2701863461013136,8.2484137476338e-06,1.1551017828101207,0.4057270159758958
SII_6731,6732.67,5.3344645007734925,5.3344645007734925,36.37129310265652,42.89760038322318,0.2701863461013136,8.2484137476338e-06,1.1551017828101207,0.4057270159758958
NII_6548,6549.85,0.0,0.0,0.0,10000000000.0,0.2701863461013136,8.2484137476338e-06,1.1551017828101207,0.4057270159758958
NII_6584,6585.28,0.0,0.0,0.0,10000000000.0,0.2701863461013136,8.2484137476338e-06,1.1551017828101207,0.4057270159758958
NII_5755,5756.24,0.0,0.0,0.0,10000000000.0,0.2701863461013136,8.2484137476338e-06,1.1551017828101207,0.4057270159758958
HeI_5876,5877.594,0.0,0.0,0.0,10000000000.0,0.2701863461013136,8.2484137476338e-06,1.1551017828101207,0.4057270159758958
HeII_4686,4687.02,0.0,0.0,0.0,10000000000.0,0.2701863461013136,8.2484137476338e-06,1.1551017828101207,0.4057270159758958
NeIII_3869,3870.16,0.0,10000000000.0,0.0,10000000000.0,0.2701863461013136,8.2484137476338e-06,1.1551017828101207,0.4057270159758958
