line,wl,amp,amp_err,flux,flux_err,z,zerr,FWHM,FWHMerr
HI_6563,6564.61,0.0,0.0,0.0,10000000000.0,0.2702163805658163,1.7817974956645265e-05,1.385766954800241,0.2970345889981777
HI_4861,4862.683,1.1915324963124476,1.1915324963124476,9.746389207604594,31.141124937875237,0.2702163805658163,1.7817974956645265e-05,1.385766954800241,0.2970345889981777
HI_4341,4341.684,0.0,0.0,0.0,10000000000.0,0.2702163805658163,1.7817974956645265e-05,1.385766954800241,0.2970345889981777
HI_4102,4102.892,0.6184196572305609,0.6184196572305609,5.058492900240596,30.065871026772726,0.2702163805658163,1.7817974956645265e-05,1.385766954800241,0.2970345889981777
OIII_4363,4364.436,2.961209947073712,2.961209947073712,24.22183596245162,26.386580245974187,0.2702163805658163,1.7817974956645265e-05,1.385766954800241,0.2970345889981777
OIII_5007,5008.24,2.0356228994680805,2.0356228994680805,16.650803162758194,30.198447119686097,0.2702163805658163,1.7817974956645265e-05,1.385766954800241,0.2970345889981777
OIII_4959,4960.295,46.34721740998202,46.34721740998202,379.10675618594416,119.11186681896208,0.2702163805658163,1.7817974956645265e-05,1.385766954800241,0.2970345889981777
OII_3726,3727.092,11.546944425166885,11.546944425166885,94.45064643603783,43.69215172355513,0.2702163805658163,1.7817974956645265e-05,1.385766954800241,0.2970345889981777
OII_3729,3729.875,7.208194139460147,7.208194139460147,58.9609312247669,32.783273358376626,0.2702163805658163,1.7817974956645265e-05,1.385766954800241,0.2970345889981777
OI_6300,6302.046,3.702262611891342,3.702262611891342,30.283431191283086,26.07464268172407,0.2702163805658163,1.7817974956645265e-05,1.385766954800241,0.2970345889981777
SII_6717,6718.29,0.0,0.0,0.0,10000000000.0,0.2702163805658163,1.7817974956645265e-05,1.385766954800241,0.2970345889981777
SII_6731,6732.67,6.895165998255493,6.895165998255493,56.40045208839802,33.123508773638,0.2702163805658163,1.7817974956645265e-05,1.385766954800241,0.2970345889981777
NII_6548,6549.85,0.0,0.0,0.0,10000000000.0,0.2702163805658163,1.7817974956645265e-05,1.385766954800241,0.2970345889981777
NII_6584,6585.28,0.0,0.0,0.0,10000000000.0,0.2702163805658163,1.7817974956645265e-05,1.385766954800241,0.2970345889981777
NII_5755,5756.24,0.9258966492648142,0.9258966492648142,7.573565251203605,31.13123751107878,0.2702163805658163,1.7817974956645265e-05,1.385766954800241,0.2970345889981777
HeI_5876,5877.594,0.0,0.0,0.0,10000000000.0,0.2702163805658163,1.7817974956645265e-05,1.385766954800241,0.2970345889981777
HeII_4686,4687.02,0.0,0.0,0.0,10000000000.0,0.2702163805658163,1.7817974956645265e-05,1.385766954800241,0.2970345889981777
NeIII_3869,3870.16,0.0,10000000000.0,0.0,10000000000.0,0.2702163805658163,1.7817974956645265e-05,1.385766954800241,0.2970345889981777
