line,wl,amp,amp_err,flux,flux_err,z,zerr,FWHM,FWHMerr
HI_6563,6564.61,231.16407524073975,231.16407524073975,6997.927652419427,100.37039321578841,0.2692479630811375,3.5645716689035693e-06,5.128630938505518,0.04588818689755603
HI_4861,4862.683,98.55933114818936,98.55933114818936,2983.6429736220744,77.87474961598339,0.2692479630811375,3.5645716689035693e-06,5.128630938505518,0.04588818689755603
HI_4341,4341.684,49.501832364223446,49.501832364223446,1498.5470436367345,73.47349459232896,0.2692479630811375,3.5645716689035693e-06,5.128630938505518,0.04588818689755603
HI_4102,4102.892,17.42660632246941,17.42660632246941,527.5479338423764,72.12129179902105,0.2692479630811375,3.5645716689035693e-06,5.128630938505518,0.04588818689755603
OIII_4363,4364.436,2.7564063759949704,2.7564063759949704,83.44346923193955,71.93279584964318,0.2692479630811375,3.5645716689035693e-06,5.128630938505518,0.04588818689755603
OIII_5007,5008.24,218.62110355678033,218.62110355678033,6618.219826714751,97.759049918575,0.2692479630811375,3.5645716689035693e-06,5.128630938505518,0.04588818689755603
OIII_4959,4960.295,82.18372863856189,82.18372863856189,2487.9116126491,76.11203163161429,0.2692479630811375,3.5645716689035693e-06,5.128630938505518,0.04588818689755603
OII_3726,3727.092,108.59923229306605,108.59923229306605,3287.5764536670217,95.37504890683013,0.2692479630811375,3.5645716689035693e-06,5.128630938505518,0.04588818689755603
OII_3729,3729.875,146.10378572731975,146.10378572731975,4422.9351866184115,97.8569240918056,0.2692479630811375,3.5645716689035693e-06,5.128630938505518,0.04588818689755603
OI_6300,6302.046,6.81398890543494,6.81398890543494,206.2768677830381,71.95754606300493,0.2692479630811375,3.5645716689035693e-06,5.128630938505518,0.04588818689755603
SII_6717,6718.29,33.157004040012,33.157004040012,1003.7472959470055,72.62542889876077,0.2692479630811375,3.5645716689035693e-06,5.128630938505518,0.04588818689755603
SII_6731,6732.67,32.339977570014526,32.339977570014526,979.0138155340147,72.59163364228296,0.2692479630811375,3.5645716689035693e-06,5.128630938505518,0.04588818689755603
NII_6548,6549.85,15.551779195544327,15.551779195544327,470.79212270973517,72.08197125586668,0.2692479630811375,3.5645716689035693e-06,5.128630938505518,0.04588818689755603
NII_6584,6585.28,44.534332606901444,44.534332606901444,1348.1681239064596,73.18138641229349,0.2692479630811375,3.5645716689035693e-06,5.128630938505518,0.04588818689755603
NII_5755,5756.24,2.5608732869659434,2.5608732869659434,77.52418264186619,71.93213249458192,0.2692479630811375,3.5645716689035693e-06,5.128630938505518,0.04588818689755603
HeI_5876,5877.594,14.360093297000049,14.360093297000049,434.71674337695384,72.0592916020135,0.2692479630811375,3.5645716689035693e-06,5.128630938505518,0.04588818689755603
HeII_4686,4687.02,4.888534022029489e-12,4.888534022029489e-12,1.4798842500473583e-10,71.92795307821561,0.2692479630811375,3.5645716689035693e-06,5.128630938505518,0.04588818689755603
NeIII_3869,3870.16,27.11458848136249,2.3791062303565824,820.8279263120531,72.39512472206438,0.2692479630811375,3.5645716689035693e-06,5.128630938505518,0.04588818689755603
