line,wl,amp,amp_err,flux,flux_err,z,zerr,FWHM,FWHMerr
HI_6563,6564.61,3.7520973102784865,3.7520973102784865,26.476388050410897,24.786308674104355,0.27022321259648807,1.9294686436528443e-05,1.1954653319375952,0.2525811981039388
HI_4861,4862.683,0.0,0.0,0.0,10000000000.0,0.27022321259648807,1.9294686436528443e-05,1.1954653319375952,0.2525811981039388
HI_4341,4341.684,1.9480520945762692,1.9480520945762692,13.746280795310422,24.40884264841337,0.27022321259648807,1.9294686436528443e-05,1.1954653319375952,0.2525811981039388
HI_4102,4102.892,2.0849783609417045,2.0849783609417045,14.712490534235377,34.78245478617067,0.27022321259648807,1.9294686436528443e-05,1.1954653319375952,0.2525811981039388
OIII_4363,4364.436,7.554272636357041,7.554272636357041,53.30614779389732,28.64936788500301,0.27022321259648807,1.9294686436528443e-05,1.1954653319375952,0.2525811981039388
OIII_5007,5008.24,9.665184660835962,9.665184660835962,68.20163724383224,39.65142280204531,0.27022321259648807,1.9294686436528443e-05,1.1954653319375952,0.2525811981039388
OIII_4959,4960.295,63.9196725899742,63.9196725899742,451.044286860929,157.7880188328079,0.27022321259648807,1.9294686436528443e-05,1.1954653319375952,0.2525811981039388
OII_3726,3727.092,1.0391736142400987,1.0391736142400987,7.332849227283701,36.20072367784635,0.27022321259648807,1.9294686436528443e-05,1.1954653319375952,0.2525811981039388
OII_3729,3729.875,11.168743782767137,11.168743782767137,78.81138733211824,38.54248733799919,0.27022321259648807,1.9294686436528443e-05,1.1954653319375952,0.2525811981039388
OI_6300,6302.046,4.135078866861818,4.135078866861818,29.178868148801012,26.104071847760565,0.27022321259648807,1.9294686436528443e-05,1.1954653319375952,0.2525811981039388
SII_6717,6718.29,0.0,0.0,0.0,10000000000.0,0.27022321259648807,1.9294686436528443e-05,1.1954653319375952,0.2525811981039388
SII_6731,6732.67,0.8481064582256295,0.8481064582256295,5.9845984363275315,29.116431577292463,0.27022321259648807,1.9294686436528443e-05,1.1954653319375952,0.2525811981039388
NII_6548,6549.85,1.1755555269685374,1.1755555269685374,8.295217776351905,24.184998549947313,0.27022321259648807,1.9294686436528443e-05,1.1954653319375952,0.2525811981039388
NII_6584,6585.28,5.12866427011852,5.12866427011852,36.19002764772561,25.312527818582293,0.27022321259648807,1.9294686436528443e-05,1.1954653319375952,0.2525811981039388
NII_5755,5756.24,0.0,0.0,0.0,10000000000.0,0.27022321259648807,1.9294686436528443e-05,1.1954653319375952,0.2525811981039388
HeI_5876,5877.594,3.1455759780731114,3.1455759780731114,22.196516601359964,26.805875945767564,0.27022321259648807,1.9294686436528443e-05,1.1954653319375952,0.2525811981039388
HeII_4686,4687.02,0.0,0.0,0.0,10000000000.0,0.27022321259648807,1.9294686436528443e-05,1.1954653319375952,0.2525811981039388
NeIII_3869,3870.16,3.4665706630623845,3.480582931278073,24.46159107547178,25.098366836482043,0.27022321259648807,1.9294686436528443e-05,1.1954653319375952,0.2525811981039388
