line,wl,amp,amp_err,flux,flux_err,z,zerr,FWHM,FWHMerr
HI_6563,6564.61,0.0,0.0,0.0,10000000000.0,0.2700988823463602,1.6384033996824044e-05,2.0715595640660323,0.1720774860606891
HI_4861,4862.683,4.171577555550925,4.171577555550925,51.00883509633155,34.828651142133864,0.2700988823463602,1.6384033996824044e-05,2.0715595640660323,0.1720774860606891
HI_4341,4341.684,0.0,0.0,0.0,10000000000.0,0.2700988823463602,1.6384033996824044e-05,2.0715595640660323,0.1720774860606891
HI_4102,4102.892,0.0,0.0,0.0,10000000000.0,0.2700988823463602,1.6384033996824044e-05,2.0715595640660323,0.1720774860606891
OIII_4363,4364.436,0.0,0.0,0.0,10000000000.0,0.2700988823463602,1.6384033996824044e-05,2.0715595640660323,0.1720774860606891
OIII_5007,5008.24,0.9731641486871467,0.9731641486871467,11.899567710539369,34.584249920282936,0.2700988823463602,1.6384033996824044e-05,2.0715595640660323,0.1720774860606891
OIII_4959,4960.295,44.61457091361967,44.61457091361967,545.5339761328894,61.07829054335628,0.2700988823463602,1.6384033996824044e-05,2.0715595640660323,0.1720774860606891
OII_3726,3727.092,2.538525739770421,2.538525739770421,31.040353229305246,34.747239983719695,0.2700988823463602,1.6384033996824044e-05,2.0715595640660323,0.1720774860606891
OII_3729,3729.875,0.0,0.0,0.0,10000000000.0,0.2700988823463602,1.6384033996824044e-05,2.0715595640660323,0.1720774860606891
OI_6300,6302.046,0.6857641713709199,0.6857641713709199,8.385324512518146,35.05327083563216,0.2700988823463602,1.6384033996824044e-05,2.0715595640660323,0.1720774860606891
SII_6717,6718.29,0.0,0.0,0.0,10000000000.0,0.2700988823463602,1.6384033996824044e-05,2.0715595640660323,0.1720774860606891
SII_6731,6732.67,0.5684948464896706,0.5684948464896706,6.951389370459932,34.54660866077522,0.2700988823463602,1.6384033996824044e-05,2.0715595640660323,0.1720774860606891
NII_6548,6549.85,0.0,0.0,0.0,10000000000.0,0.2700988823463602,1.6384033996824044e-05,2.0715595640660323,0.1720774860606891
NII_6584,6585.28,0.0,0.0,0.0,10000000000.0,0.2700988823463602,1.6384033996824044e-05,2.0715595640660323,0.1720774860606891
NII_5755,5756.24,0.0,0.0,0.0,10000000000.0,0.2700988823463602,1.6384033996824044e-05,2.0715595640660323,0.1720774860606891
HeI_5876,5877.594,0.0,0.0,0.0,10000000000.0,0.2700988823463602,1.6384033996824044e-05,2.0715595640660323,0.1720774860606891
HeII_4686,4687.02,0.0,0.0,0.0,10000000000.0,0.2700988823463602,1.6384033996824044e-05,2.0715595640660323,0.1720774860606891
NeIII_3869,3870.16,1.298528037461665,2.866432858370569,15.878022558326258,35.074713026084616,0.2700988823463602,1.6384033996824044e-05,2.0715595640660323,0.1720774860606891
