line,wl,amp,amp_err,flux,flux_err,z,zerr,FWHM,FWHMerr
HI_6563,6564.61,49.95237812249343,49.95237812249343,1606.9040111820098,79.97887074061194,0.2692498517811625,1.2207823678640844e-05,5.449869560270745,0.14798654134380165
HI_4861,4862.683,26.108615346002125,26.108615346002125,839.8807084423313,68.31522166152124,0.2692498517811625,1.2207823678640844e-05,5.449869560270745,0.14798654134380165
HI_4341,4341.684,9.375081379530911,9.375081379530911,301.5843577453688,64.03664601232376,0.2692498517811625,1.2207823678640844e-05,5.449869560270745,0.14798654134380165
HI_4102,4102.892,12.388125718134688,12.388125718134688,398.51013416584044,64.52309563706095,0.2692498517811625,1.2207823678640844e-05,5.449869560270745,0.14798654134380165
OIII_4363,4364.436,0.0,0.0,0.0,10000000000.0,0.2692498517811625,1.2207823678640844e-05,5.449869560270745,0.14798654134380165
OIII_5007,5008.24,64.23720015306367,64.23720015306367,2066.4284358982013,89.17498898571708,0.2692498517811625,1.2207823678640844e-05,5.449869560270745,0.14798654134380165
OIII_4959,4960.295,19.916750088662866,19.916750088662866,640.6963353916989,66.2961505027088,0.2692498517811625,1.2207823678640844e-05,5.449869560270745,0.14798654134380165
OII_3726,3727.092,33.46025026752409,33.46025026752409,1076.3733858313954,89.8253099956546,0.2692498517811625,1.2207823678640844e-05,5.449869560270745,0.14798654134380165
OII_3729,3729.875,46.554501917727066,46.554501917727066,1497.5986866276955,92.4796384722352,0.2692498517811625,1.2207823678640844e-05,5.449869560270745,0.14798654134380165
OI_6300,6302.046,7.213411554034792,7.213411554034792,232.04620873226548,63.769051405789824,0.2692498517811625,1.2207823678640844e-05,5.449869560270745,0.14798654134380165
SII_6717,6718.29,15.838204198778044,15.838204198778044,509.4947390597987,65.2388163885324,0.2692498517811625,1.2207823678640844e-05,5.449869560270745,0.14798654134380165
SII_6731,6732.67,14.257781470635223,14.257781470635223,458.6545645442166,64.89023541423734,0.2692498517811625,1.2207823678640844e-05,5.449869560270745,0.14798654134380165
NII_6548,6549.85,4.955311212021456,4.955311212021456,159.4060135380597,63.563253959474444,0.2692498517811625,1.2207823678640844e-05,5.449869560270745,0.14798654134380165
NII_6584,6585.28,11.565205718279003,11.565205718279003,372.03785199726536,64.37726218276765,0.2692498517811625,1.2207823678640844e-05,5.449869560270745,0.14798654134380165
NII_5755,5756.24,1.8512895539950023,1.8512895539950023,59.55361330103238,63.404563511332896,0.2692498517811625,1.2207823678640844e-05,5.449869560270745,0.14798654134380165
HeI_5876,5877.594,3.934551955484949,3.934551955484949,126.56949593008072,63.495141330723264,0.2692498517811625,1.2207823678640844e-05,5.449869560270745,0.14798654134380165
HeII_4686,4687.02,2.1600499167107046e-12,2.1600499167107046e-12,6.94860386227101e-11,63.37876025373983,0.2692498517811625,1.2207823678640844e-05,5.449869560270745,0.14798654134380165
NeIII_3869,3870.16,15.278841181974258,1.9810851086294037,491.5007473982861,65.11148025304773,0.2692498517811625,1.2207823678640844e-05,5.449869560270745,0.14798654134380165
