line,wl,amp,amp_err,flux,flux_err,z,zerr,FWHM,FWHMerr
HI_6563,6564.61,28.799128156140114,28.799128156140114,856.2920320502757,84.9898784532853,0.2692748466197905,2.462514695390887e-05,5.0372662228250675,0.309260873962014
HI_4861,4862.683,11.8337913726142,11.8337913726142,351.8572231206378,65.97037935745863,0.2692748466197905,2.462514695390887e-05,5.0372662228250675,0.309260873962014
HI_4341,4341.684,6.407656554502864,6.407656554502864,190.52053319071425,62.768076824301644,0.2692748466197905,2.462514695390887e-05,5.0372662228250675,0.309260873962014
HI_4102,4102.892,5.473347323015446,5.473347323015446,162.74047172301593,62.39873559688471,0.2692748466197905,2.462514695390887e-05,5.0372662228250675,0.309260873962014
OIII_4363,4364.436,2.7217902071230355,2.7217902071230355,80.92770220806214,61.641567754945186,0.2692748466197905,2.462514695390887e-05,5.0372662228250675,0.309260873962014
OIII_5007,5008.24,27.217303475608105,27.217303475608105,809.2592238799615,82.79016527780468,0.2692748466197905,2.462514695390887e-05,5.0372662228250675,0.309260873962014
OIII_4959,4960.295,9.574172440618213,9.574172440618213,284.67138067264034,64.42559117018796,0.2692748466197905,2.462514695390887e-05,5.0372662228250675,0.309260873962014
OII_3726,3727.092,19.89180539308518,19.89180539308518,591.4482677685498,86.5383510978066,0.2692748466197905,2.462514695390887e-05,5.0372662228250675,0.309260873962014
OII_3729,3729.875,19.205518225446554,19.205518225446554,571.042711386385,86.19555694120187,0.2692748466197905,2.462514695390887e-05,5.0372662228250675,0.309260873962014
OI_6300,6302.046,1.291109997672038,1.291109997672038,38.38891224459876,61.4472984119536,0.2692748466197905,2.462514695390887e-05,5.0372662228250675,0.309260873962014
SII_6717,6718.29,4.795665588668726,4.795665588668726,142.59078294629558,62.1660382288347,0.2692748466197905,2.462514695390887e-05,5.0372662228250675,0.309260873962014
SII_6731,6732.67,1.6467491774628797,1.6467491774628797,48.96322526854583,61.48270787795516,0.2692748466197905,2.462514695390887e-05,5.0372662228250675,0.309260873962014
NII_6548,6549.85,3.3593087858853323,3.3593087858853323,99.88320934419681,61.772410494708616,0.2692748466197905,2.462514695390887e-05,5.0372662228250675,0.309260873962014
NII_6584,6585.28,0.17308020396592383,0.17308020396592383,5.146239106896665,61.391795889063424,0.2692748466197905,2.462514695390887e-05,5.0372662228250675,0.309260873962014
NII_5755,5756.24,0.0,0.0,0.0,10000000000.0,0.2692748466197905,2.462514695390887e-05,5.0372662228250675,0.309260873962014
HeI_5876,5877.594,1.275355238985071,1.275355238985071,37.920471871772804,61.445942414023236,0.2692748466197905,2.462514695390887e-05,5.0372662228250675,0.309260873962014
HeII_4686,4687.02,0.0,0.0,0.0,10000000000.0,0.2692748466197905,2.462514695390887e-05,5.0372662228250675,0.309260873962014
NeIII_3869,3870.16,2.5643537738117175,2.0662168804758942,76.24660343771087,61.6134520232265,0.2692748466197905,2.462514695390887e-05,5.0372662228250675,0.309260873962014
