line,wl,amp,amp_err,flux,flux_err,z,zerr,FWHM,FWHMerr
HI_6563,6564.61,77.7981493117145,77.7981493117145,1621.7390888093719,71.92189003339699,0.2698475553399066,7.665905537820521e-06,3.5315394374722375,0.10050754956044379
HI_4861,4862.683,22.521653730288335,22.521653730288335,469.47448650347695,52.28035504811114,0.2698475553399066,7.665905537820521e-06,3.5315394374722375,0.10050754956044379
HI_4341,4341.684,3.939208460460236,3.939208460460236,82.11465691427468,50.16891911829089,0.2698475553399066,7.665905537820521e-06,3.5315394374722375,0.10050754956044379
HI_4102,4102.892,5.309494155232073,5.309494155232073,110.67890803988828,50.22444441236839,0.2698475553399066,7.665905537820521e-06,3.5315394374722375,0.10050754956044379
OIII_4363,4364.436,2.2064958986406964,2.2064958986406964,45.99544693262215,50.122230900465155,0.2698475553399066,7.665905537820521e-06,3.5315394374722375,0.10050754956044379
OIII_5007,5008.24,75.11644745612625,75.11644745612625,1565.8377497387619,70.65673894657473,0.2698475553399066,7.665905537820521e-06,3.5315394374722375,0.10050754956044379
OIII_4959,4960.295,7.982441732191205,7.982441732191205,166.39776004656707,50.37985801972235,0.2698475553399066,7.665905537820521e-06,3.5315394374722375,0.10050754956044379
OII_3726,3727.092,29.3916170542509,29.3916170542509,612.6821098174579,57.143757282063554,0.2698475553399066,7.665905537820521e-06,3.5315394374722375,0.10050754956044379
OII_3729,3729.875,39.58122923169253,39.58122923169253,825.0893780386419,59.224469305645066,0.2698475553399066,7.665905537820521e-06,3.5315394374722375,0.10050754956044379
OI_6300,6302.046,1.2642122986173945,1.2642122986173945,26.353101190193236,50.10786446037304,0.2698475553399066,7.665905537820521e-06,3.5315394374722375,0.10050754956044379
SII_6717,6718.29,7.903924033548833,7.903924033548833,164.7610216128353,50.37435634510568,0.2698475553399066,7.665905537820521e-06,3.5315394374722375,0.10050754956044379
SII_6731,6732.67,10.27491130926569,10.27491130926569,214.18536882568972,50.56226292842126,0.2698475553399066,7.665905537820521e-06,3.5315394374722375,0.10050754956044379
NII_6548,6549.85,2.321290909580398,2.321290909580398,48.38840303875386,50.124460880097644,0.2698475553399066,7.665905537820521e-06,3.5315394374722375,0.10050754956044379
NII_6584,6585.28,4.95703013396087,4.95703013396087,103.3316293995675,50.20856906028946,0.2698475553399066,7.665905537820521e-06,3.5315394374722375,0.10050754956044379
NII_5755,5756.24,5.7014338161241085,5.7014338161241085,118.84907499304477,50.24336443105335,0.2698475553399066,7.665905537820521e-06,3.5315394374722375,0.10050754956044379
HeI_5876,5877.594,7.432124982474193,7.432124982474193,154.9261480334492,50.342751279226235,0.2698475553399066,7.665905537820521e-06,3.5315394374722375,0.10050754956044379
HeII_4686,4687.02,0.0,0.0,0.0,10000000000.0,0.2698475553399066,7.665905537820521e-06,3.5315394374722375,0.10050754956044379
NeIII_3869,3870.16,10.44768423092546,2.4080338011103026,217.7869018058741,50.577825425645045,0.2698475553399066,7.665905537820521e-06,3.5315394374722375,0.10050754956044379
