line,wl,amp,amp_err,flux,flux_err,z,zerr,FWHM,FWHMerr
HI_6563,6564.61,9.51475577424992,9.51475577424992,155.11162285538725,44.05440083220831,0.26980818873703666,2.8009618468541685e-05,2.761843325790606,0.31882923325088236
HI_4861,4862.683,2.7498340902785685,2.7498340902785685,44.82839480551997,39.66456069213192,0.26980818873703666,2.8009618468541685e-05,2.761843325790606,0.31882923325088236
HI_4341,4341.684,7.96250260554109,7.96250260554109,129.80645330679474,42.68161131783246,0.26980818873703666,2.8009618468541685e-05,2.761843325790606,0.31882923325088236
HI_4102,4102.892,0.0,0.0,0.0,10000000000.0,0.26980818873703666,2.8009618468541685e-05,2.761843325790606,0.31882923325088236
OIII_4363,4364.436,0.0,0.0,0.0,10000000000.0,0.26980818873703666,2.8009618468541685e-05,2.761843325790606,0.31882923325088236
OIII_5007,5008.24,17.421821386206375,17.421821386206375,284.014330207461,53.703467777512216,0.26980818873703666,2.8009618468541685e-05,2.761843325790606,0.31882923325088236
OIII_4959,4960.295,14.979006346762958,14.979006346762958,244.1910268990284,50.30557881119241,0.26980818873703666,2.8009618468541685e-05,2.761843325790606,0.31882923325088236
OII_3726,3727.092,6.789761788916621,6.789761788916621,110.68817685584573,42.74310479845636,0.26980818873703666,2.8009618468541685e-05,2.761843325790606,0.31882923325088236
OII_3729,3729.875,8.994811960839002,8.994811960839002,146.6353854610392,44.36452132428342,0.26980818873703666,2.8009618468541685e-05,2.761843325790606,0.31882923325088236
OI_6300,6302.046,0.0,0.0,0.0,10000000000.0,0.26980818873703666,2.8009618468541685e-05,2.761843325790606,0.31882923325088236
SII_6717,6718.29,0.31513516591382995,0.31513516591382995,5.137402174418853,39.24627841365538,0.26980818873703666,2.8009618468541685e-05,2.761843325790606,0.31882923325088236
SII_6731,6732.67,1.5625583168737194,1.5625583168737194,25.47316632050621,39.39001988907971,0.26980818873703666,2.8009618468541685e-05,2.761843325790606,0.31882923325088236
NII_6548,6549.85,2.556764683002143,2.556764683002143,41.680935238830784,39.61131686021876,0.26980818873703666,2.8009618468541685e-05,2.761843325790606,0.31882923325088236
NII_6584,6585.28,0.0,0.0,0.0,10000000000.0,0.26980818873703666,2.8009618468541685e-05,2.761843325790606,0.31882923325088236
NII_5755,5756.24,0.8914578835326665,0.8914578835326665,14.532740755805833,39.29607117533917,0.26980818873703666,2.8009618468541685e-05,2.761843325790606,0.31882923325088236
HeI_5876,5877.594,2.5413866674392693,2.5413866674392693,41.43023947670642,39.60325972567296,0.26980818873703666,2.8009618468541685e-05,2.761843325790606,0.31882923325088236
HeII_4686,4687.02,0.0,0.0,0.0,10000000000.0,0.26980818873703666,2.8009618468541685e-05,2.761843325790606,0.31882923325088236
NeIII_3869,3870.16,3.001052356439459,2.413937582299543,48.923809746236536,39.755751764156585,0.26980818873703666,2.8009618468541685e-05,2.761843325790606,0.31882923325088236
