line,wl,amp,amp_err,flux,flux_err,z,zerr,FWHM,FWHMerr
HI_6563,6564.61,3486.6291798991215,3486.6291798991215,8359.215167830049,95130.2132985703,0.2714655020534516,7.539914370070756e-06,0.40617396783271364,0.3563212873763333
HI_4861,4862.683,0.0,0.0,0.0,10000000000.0,0.2714655020534516,7.539914370070756e-06,0.40617396783271364,0.3563212873763333
HI_4341,4341.684,176.44567891947372,176.44567891947372,423.02961382443607,3005.5365392022272,0.2714655020534516,7.539914370070756e-06,0.40617396783271364,0.3563212873763333
HI_4102,4102.892,22.40920095818194,22.40920095818194,53.72619882508009,3632.4268022034003,0.2714655020534516,7.539914370070756e-06,0.40617396783271364,0.3563212873763333
OIII_4363,4364.436,0.0,0.0,0.0,10000000000.0,0.2714655020534516,7.539914370070756e-06,0.40617396783271364,0.3563212873763333
OIII_5007,5008.24,30.89495088556032,30.89495088556032,74.07083711133639,644.1607272692878,0.2714655020534516,7.539914370070756e-06,0.40617396783271364,0.3563212873763333
OIII_4959,4960.295,23.49107565288341,23.49107565288341,56.32000014177236,572.6186408276376,0.2714655020534516,7.539914370070756e-06,0.40617396783271364,0.3563212873763333
OII_3726,3727.092,8.924531032664845,8.924531032664845,21.39661871819142,69.11886650221514,0.2714655020534516,7.539914370070756e-06,0.40617396783271364,0.3563212873763333
OII_3729,3729.875,7.87514725607889,7.87514725607889,18.880714579981376,19.412190681457858,0.2714655020534516,7.539914370070756e-06,0.40617396783271364,0.3563212873763333
OI_6300,6302.046,219.94589985037283,219.94589985037283,527.3216643544699,4381.597531544328,0.2714655020534516,7.539914370070756e-06,0.40617396783271364,0.3563212873763333
SII_6717,6718.29,4.022628273984765,4.022628273984765,9.644276333225765,30.365562051530116,0.2714655020534516,7.539914370070756e-06,0.40617396783271364,0.3563212873763333
SII_6731,6732.67,0.0,0.0,0.0,10000000000.0,0.2714655020534516,7.539914370070756e-06,0.40617396783271364,0.3563212873763333
NII_6548,6549.85,0.0,0.0,0.0,10000000000.0,0.2714655020534516,7.539914370070756e-06,0.40617396783271364,0.3563212873763333
NII_6584,6585.28,1148.7669690208536,1148.7669690208536,2754.1759608686316,32164.022352345994,0.2714655020534516,7.539914370070756e-06,0.40617396783271364,0.3563212873763333
NII_5755,5756.24,0.0,0.0,0.0,10000000000.0,0.2714655020534516,7.539914370070756e-06,0.40617396783271364,0.3563212873763333
HeI_5876,5877.594,34.38776564245677,34.38776564245677,82.44488223853119,433.0680510746672,0.2714655020534516,7.539914370070756e-06,0.40617396783271364,0.3563212873763333
HeII_4686,4687.02,0.0,0.0,0.0,10000000000.0,0.2714655020534516,7.539914370070756e-06,0.40617396783271364,0.3563212873763333
NeIII_3869,3870.16,0.0,10000000000.0,0.0,10000000000.0,0.2714655020534516,7.539914370070756e-06,0.40617396783271364,0.3563212873763333
