line,wl,amp,amp_err,flux,flux_err,z,zerr,FWHM,FWHMerr
HI_6563,6564.61,2.064839357041251,2.064839357041251,13.472709448292749,21.091178467224346,0.27023895221046457,1.9251803489422422e-05,1.105403960328271,0.23975536170278589
HI_4861,4862.683,4.9652977062329455,4.9652977062329455,32.39768415505579,37.851022870764176,0.27023895221046457,1.9251803489422422e-05,1.105403960328271,0.23975536170278589
HI_4341,4341.684,3.435411964795776,3.435411964795776,22.415451874766525,22.355107064540487,0.27023895221046457,1.9251803489422422e-05,1.105403960328271,0.23975536170278589
HI_4102,4102.892,0.22293502077093308,0.22293502077093308,1.454611348071029,35.12008163339528,0.27023895221046457,1.9251803489422422e-05,1.105403960328271,0.23975536170278589
OIII_4363,4364.436,0.0,0.0,0.0,10000000000.0,0.27023895221046457,1.9251803489422422e-05,1.105403960328271,0.23975536170278589
OIII_5007,5008.24,0.0,0.0,0.0,10000000000.0,0.27023895221046457,1.9251803489422422e-05,1.105403960328271,0.23975536170278589
OIII_4959,4960.295,34.38556764458963,34.38556764458963,224.35971133076245,74.03410500085003,0.27023895221046457,1.9251803489422422e-05,1.105403960328271,0.23975536170278589
OII_3726,3727.092,20.699485871809998,20.699485871809998,135.0604626596942,68.4051234809474,0.27023895221046457,1.9251803489422422e-05,1.105403960328271,0.23975536170278589
OII_3729,3729.875,0.0,0.0,0.0,10000000000.0,0.27023895221046457,1.9251803489422422e-05,1.105403960328271,0.23975536170278589
OI_6300,6302.046,0.0,0.0,0.0,10000000000.0,0.27023895221046457,1.9251803489422422e-05,1.105403960328271,0.23975536170278589
SII_6717,6718.29,1.5896690139364864,1.5896690139364864,10.372307497281229,24.04107301218551,0.27023895221046457,1.9251803489422422e-05,1.105403960328271,0.23975536170278589
SII_6731,6732.67,1.1390024524868068,1.1390024524868068,7.431788362091476,23.422899010918425,0.27023895221046457,1.9251803489422422e-05,1.105403960328271,0.23975536170278589
NII_6548,6549.85,0.0,0.0,0.0,10000000000.0,0.27023895221046457,1.9251803489422422e-05,1.105403960328271,0.23975536170278589
NII_6584,6585.28,0.0,0.0,0.0,10000000000.0,0.27023895221046457,1.9251803489422422e-05,1.105403960328271,0.23975536170278589
NII_5755,5756.24,2.3459833562986887,2.3459833562986887,15.307124025005422,34.66894913386648,0.27023895221046457,1.9251803489422422e-05,1.105403960328271,0.23975536170278589
HeI_5876,5877.594,0.4155395850630157,0.4155395850630157,2.7113218637212833,21.60653899665537,0.27023895221046457,1.9251803489422422e-05,1.105403960328271,0.23975536170278589
HeII_4686,4687.02,0.0,0.0,0.0,10000000000.0,0.27023895221046457,1.9251803489422422e-05,1.105403960328271,0.23975536170278589
NeIII_3869,3870.16,5.686161890963035,3.2087835626073926,37.101194711182266,22.429929304104558,0.27023895221046457,1.9251803489422422e-05,1.105403960328271,0.23975536170278589
