line,wl,amp,amp_err,flux,flux_err,z,zerr,FWHM,FWHMerr
HI_6563,6564.61,0.0,0.0,0.0,10000000000.0,0.2703600769885909,6.493943997722677e-05,4.439084338990701,0.7304139439481707
HI_4861,4862.683,0.0,0.0,0.0,10000000000.0,0.2703600769885909,6.493943997722677e-05,4.439084338990701,0.7304139439481707
HI_4341,4341.684,2.555988988358763,2.555988988358763,66.9730431459391,49.62023691176206,0.2703600769885909,6.493943997722677e-05,4.439084338990701,0.7304139439481707
HI_4102,4102.892,1.1784399386073119,1.1784399386073119,30.877953392093204,48.40116331192218,0.2703600769885909,6.493943997722677e-05,4.439084338990701,0.7304139439481707
OIII_4363,4364.436,0.0,0.0,0.0,10000000000.0,0.2703600769885909,6.493943997722677e-05,4.439084338990701,0.7304139439481707
OIII_5007,5008.24,6.691971793749758,6.691971793749758,175.34571460027846,57.883451837961246,0.2703600769885909,6.493943997722677e-05,4.439084338990701,0.7304139439481707
OIII_4959,4960.295,10.078854648334186,10.078854648334186,264.090170301543,68.33590611895522,0.2703600769885909,6.493943997722677e-05,4.439084338990701,0.7304139439481707
OII_3726,3727.092,2.905978045445636,2.905978045445636,76.1435960425448,62.44948658642808,0.2703600769885909,6.493943997722677e-05,4.439084338990701,0.7304139439481707
OII_3729,3729.875,10.160318411636581,10.160318411636581,266.2247163263227,71.90140272424952,0.2703600769885909,6.493943997722677e-05,4.439084338990701,0.7304139439481707
OI_6300,6302.046,0.0,0.0,0.0,10000000000.0,0.2703600769885909,6.493943997722677e-05,4.439084338990701,0.7304139439481707
SII_6717,6718.29,1.806880056408545,1.806880056408545,47.34459206535552,48.84935834698806,0.2703600769885909,6.493943997722677e-05,4.439084338990701,0.7304139439481707
SII_6731,6732.67,0.4767267159294306,0.4767267159294306,12.491383593661306,48.12166836062959,0.2703600769885909,6.493943997722677e-05,4.439084338990701,0.7304139439481707
NII_6548,6549.85,0.6182876780276274,0.6182876780276274,16.200620396152747,48.15897948750727,0.2703600769885909,6.493943997722677e-05,4.439084338990701,0.7304139439481707
NII_6584,6585.28,4.299476145849212,4.299476145849212,112.65658918420907,52.342630486789645,0.2703600769885909,6.493943997722677e-05,4.439084338990701,0.7304139439481707
NII_5755,5756.24,1.0448379635258789,1.0448379635258789,27.37726114253192,48.32979879341833,0.2703600769885909,6.493943997722677e-05,4.439084338990701,0.7304139439481707
HeI_5876,5877.594,2.2816209279861823,2.2816209279861823,59.78394177308871,49.3083670007928,0.2703600769885909,6.493943997722677e-05,4.439084338990701,0.7304139439481707
HeII_4686,4687.02,0.0,0.0,0.0,10000000000.0,0.2703600769885909,6.493943997722677e-05,4.439084338990701,0.7304139439481707
NeIII_3869,3870.16,0.0,10000000000.0,0.0,10000000000.0,0.2703600769885909,6.493943997722677e-05,4.439084338990701,0.7304139439481707
