line,wl,amp,amp_err,flux,flux_err,z,zerr,FWHM,FWHMerr
HI_6563,6564.61,3.084010333509468,3.084010333509468,19.846474543093017,20.318544529952884,0.27022377724116314,1.543596854457627e-05,1.0902344189164674,0.2403999827014108
HI_4861,4862.683,12.971166376045517,12.971166376045517,83.47310658439501,51.088962893609335,0.27022377724116314,1.543596854457627e-05,1.0902344189164674,0.2403999827014108
HI_4341,4341.684,0.0,0.0,0.0,10000000000.0,0.27022377724116314,1.543596854457627e-05,1.0902344189164674,0.2403999827014108
HI_4102,4102.892,7.655181628814262,7.655181628814262,49.26324846198806,36.64755023230143,0.27022377724116314,1.543596854457627e-05,1.0902344189164674,0.2403999827014108
OIII_4363,4364.436,0.0,0.0,0.0,10000000000.0,0.27022377724116314,1.543596854457627e-05,1.0902344189164674,0.2403999827014108
OIII_5007,5008.24,1.992961552094357,1.992961552094357,12.825268540522021,32.27317171505417,0.27022377724116314,1.543596854457627e-05,1.0902344189164674,0.2403999827014108
OIII_4959,4960.295,41.82898676744003,41.82898676744003,269.18130332549504,101.86428209815601,0.27022377724116314,1.543596854457627e-05,1.0902344189164674,0.2403999827014108
OII_3726,3727.092,24.74880489610814,24.74880489610814,159.26552547690355,81.72809747745356,0.27022377724116314,1.543596854457627e-05,1.0902344189164674,0.2403999827014108
OII_3729,3729.875,2.637308811586422,2.637308811586422,16.971824517806574,29.96180329749312,0.27022377724116314,1.543596854457627e-05,1.0902344189164674,0.2403999827014108
OI_6300,6302.046,0.0,0.0,0.0,10000000000.0,0.27022377724116314,1.543596854457627e-05,1.0902344189164674,0.2403999827014108
SII_6717,6718.29,0.0,0.0,0.0,10000000000.0,0.27022377724116314,1.543596854457627e-05,1.0902344189164674,0.2403999827014108
SII_6731,6732.67,0.0,0.0,0.0,10000000000.0,0.27022377724116314,1.543596854457627e-05,1.0902344189164674,0.2403999827014108
NII_6548,6549.85,0.0,0.0,0.0,10000000000.0,0.27022377724116314,1.543596854457627e-05,1.0902344189164674,0.2403999827014108
NII_6584,6585.28,0.0,0.0,0.0,10000000000.0,0.27022377724116314,1.543596854457627e-05,1.0902344189164674,0.2403999827014108
NII_5755,5756.24,0.0,0.0,0.0,10000000000.0,0.27022377724116314,1.543596854457627e-05,1.0902344189164674,0.2403999827014108
HeI_5876,5877.594,0.0,0.0,0.0,10000000000.0,0.27022377724116314,1.543596854457627e-05,1.0902344189164674,0.2403999827014108
HeII_4686,4687.02,0.0,0.0,0.0,10000000000.0,0.27022377724116314,1.543596854457627e-05,1.0902344189164674,0.2403999827014108
NeIII_3869,3870.16,3.701318713159253,3.150262589556305,23.819027718041657,20.94212875359196,0.27022377724116314,1.543596854457627e-05,1.0902344189164674,0.2403999827014108
