line,wl,amp,amp_err,flux,flux_err,z,zerr,FWHM,FWHMerr
HI_6563,6564.61,0.0,0.0,0.0,10000000000.0,0.2704284120492031,7.920956333784009e-05,6.005371391595974,0.9760181190668852
HI_4861,4862.683,1.7687602078907503,1.7687602078907503,62.69840433244764,58.81922494849097,0.2704284120492031,7.920956333784009e-05,6.005371391595974,0.9760181190668852
HI_4341,4341.684,0.8104805522991683,0.8104805522991683,28.729636241781296,57.940661192519855,0.2704284120492031,7.920956333784009e-05,6.005371391595974,0.9760181190668852
HI_4102,4102.892,0.0,0.0,0.0,10000000000.0,0.2704284120492031,7.920956333784009e-05,6.005371391595974,0.9760181190668852
OIII_4363,4364.436,0.6878900598399014,0.6878900598399014,24.384090571296753,57.87499817158317,0.2704284120492031,7.920956333784009e-05,6.005371391595974,0.9760181190668852
OIII_5007,5008.24,3.48219648879342,3.48219648879342,123.43570510315585,61.910450703083164,0.2704284120492031,7.920956333784009e-05,6.005371391595974,0.9760181190668852
OIII_4959,4960.295,9.965360490057947,9.965360490057947,353.248675844727,86.32018739361322,0.2704284120492031,7.920956333784009e-05,6.005371391595974,0.9760181190668852
OII_3726,3727.092,0.0,0.0,0.0,10000000000.0,0.2704284120492031,7.920956333784009e-05,6.005371391595974,0.9760181190668852
OII_3729,3729.875,4.650292931818399,4.650292931818399,164.84198660889496,78.24740142171164,0.2704284120492031,7.920956333784009e-05,6.005371391595974,0.9760181190668852
OI_6300,6302.046,0.0,0.0,0.0,10000000000.0,0.2704284120492031,7.920956333784009e-05,6.005371391595974,0.9760181190668852
SII_6717,6718.29,0.0,0.0,0.0,10000000000.0,0.2704284120492031,7.920956333784009e-05,6.005371391595974,0.9760181190668852
SII_6731,6732.67,0.0,0.0,0.0,10000000000.0,0.2704284120492031,7.920956333784009e-05,6.005371391595974,0.9760181190668852
NII_6548,6549.85,1.2787854581107467,1.2787854581107467,45.329947694093626,58.290232952439055,0.2704284120492031,7.920956333784009e-05,6.005371391595974,0.9760181190668852
NII_6584,6585.28,2.788798983927336,2.788798983927336,98.8563885122156,60.43651966905343,0.2704284120492031,7.920956333784009e-05,6.005371391595974,0.9760181190668852
NII_5755,5756.24,3.2281543324285167,3.2281543324285167,114.43050600030641,61.3371138141915,0.2704284120492031,7.920956333784009e-05,6.005371391595974,0.9760181190668852
HeI_5876,5877.594,2.074376410154173,2.074376410154173,73.53178250014707,59.2324984829683,0.2704284120492031,7.920956333784009e-05,6.005371391595974,0.9760181190668852
HeII_4686,4687.02,0.0,0.0,0.0,10000000000.0,0.2704284120492031,7.920956333784009e-05,6.005371391595974,0.9760181190668852
NeIII_3869,3870.16,0.0,10000000000.0,0.0,10000000000.0,0.2704284120492031,7.920956333784009e-05,6.005371391595974,0.9760181190668852
