line,wl,amp,amp_err,flux,flux_err,z,zerr,FWHM,FWHMerr
HI_6563,6564.61,1.0490305242026352,1.0490305242026352,11.32210888960011,31.88077717736176,0.2700888740215885,2.0571531638934668e-05,1.8284855976165437,0.19327465576821476
HI_4861,4862.683,0.0,0.0,0.0,10000000000.0,0.2700888740215885,2.0571531638934668e-05,1.8284855976165437,0.19327465576821476
HI_4341,4341.684,4.175041856579469,4.175041856579469,45.060918084114796,32.95112592152293,0.2700888740215885,2.0571531638934668e-05,1.8284855976165437,0.19327465576821476
HI_4102,4102.892,1.7168142798866484,1.7168142798866484,18.529449593348833,31.270631205828124,0.2700888740215885,2.0571531638934668e-05,1.8284855976165437,0.19327465576821476
OIII_4363,4364.436,0.0,0.0,0.0,10000000000.0,0.2700888740215885,2.0571531638934668e-05,1.8284855976165437,0.19327465576821476
OIII_5007,5008.24,0.0,0.0,0.0,10000000000.0,0.2700888740215885,2.0571531638934668e-05,1.8284855976165437,0.19327465576821476
OIII_4959,4960.295,32.55791618954731,32.55791618954731,351.39518232486046,51.29454444496605,0.2700888740215885,2.0571531638934668e-05,1.8284855976165437,0.19327465576821476
OII_3726,3727.092,9.299681122022548,9.299681122022548,100.37077079537788,33.42575286219159,0.2700888740215885,2.0571531638934668e-05,1.8284855976165437,0.19327465576821476
OII_3729,3729.875,3.226445479473682,3.226445479473682,34.822787518719274,31.46800288836353,0.2700888740215885,2.0571531638934668e-05,1.8284855976165437,0.19327465576821476
OI_6300,6302.046,0.0,0.0,0.0,10000000000.0,0.2700888740215885,2.0571531638934668e-05,1.8284855976165437,0.19327465576821476
SII_6717,6718.29,0.06188328486427963,0.06188328486427963,0.6679017183147055,32.44308904648573,0.2700888740215885,2.0571531638934668e-05,1.8284855976165437,0.19327465576821476
SII_6731,6732.67,0.0,0.0,0.0,10000000000.0,0.2700888740215885,2.0571531638934668e-05,1.8284855976165437,0.19327465576821476
NII_6548,6549.85,0.674161748061465,0.674161748061465,7.276177903933568,31.875906867001046,0.2700888740215885,2.0571531638934668e-05,1.8284855976165437,0.19327465576821476
NII_6584,6585.28,0.0,0.0,0.0,10000000000.0,0.2700888740215885,2.0571531638934668e-05,1.8284855976165437,0.19327465576821476
NII_5755,5756.24,0.0,0.0,0.0,10000000000.0,0.2700888740215885,2.0571531638934668e-05,1.8284855976165437,0.19327465576821476
HeI_5876,5877.594,2.284851678263067,2.284851678263067,24.660235237237927,31.741268909014444,0.2700888740215885,2.0571531638934668e-05,1.8284855976165437,0.19327465576821476
HeII_4686,4687.02,0.0,0.0,0.0,10000000000.0,0.2700888740215885,2.0571531638934668e-05,1.8284855976165437,0.19327465576821476
NeIII_3869,3870.16,5.185735452988297,3.042947696767949,55.969259346405735,33.37090225686724,0.2700888740215885,2.0571531638934668e-05,1.8284855976165437,0.19327465576821476
