line,wl,amp,amp_err,flux,flux_err,z,zerr,FWHM,FWHMerr
HI_6563,6564.61,287.14486511561495,287.14486511561495,7954.609858669664,89.13203443262535,0.26925737694157686,2.5283499046191376e-06,4.6932119901962475,0.032688122326628814
HI_4861,4862.683,101.72472960301616,101.72472960301616,2818.0219647837084,67.7430618618371,0.26925737694157686,2.5283499046191376e-06,4.6932119901962475,0.032688122326628814
HI_4341,4341.684,42.63198820854086,42.63198820854086,1181.00957007121,64.74685954949268,0.26925737694157686,2.5283499046191376e-06,4.6932119901962475,0.032688122326628814
HI_4102,4102.892,23.92318103151092,23.92318103151092,662.7301923277449,64.29783514558339,0.26925737694157686,2.5283499046191376e-06,4.6932119901962475,0.032688122326628814
OIII_4363,4364.436,4.175683414955074,4.175683414955074,115.67656780458567,64.09671165162831,0.26925737694157686,2.5283499046191376e-06,4.6932119901962475,0.032688122326628814
OIII_5007,5008.24,301.87691093835315,301.87691093835315,8362.723292607418,91.36917754470646,0.26925737694157686,2.5283499046191376e-06,4.6932119901962475,0.032688122326628814
OIII_4959,4960.295,99.11604173103433,99.11604173103433,2745.7549776784244,67.56286083689734,0.26925737694157686,2.5283499046191376e-06,4.6932119901962475,0.032688122326628814
OII_3726,3727.092,137.95686154774148,137.95686154774148,3821.739979563765,81.41196335155375,0.26925737694157686,2.5283499046191376e-06,4.6932119901962475,0.032688122326628814
OII_3729,3729.875,165.29952765380017,165.29952765380017,4579.198209861541,82.81469040578804,0.26925737694157686,2.5283499046191376e-06,4.6932119901962475,0.032688122326628814
OI_6300,6302.046,7.3149600722566674,7.3149600722566674,202.64215236138517,64.10980266280316,0.26925737694157686,2.5283499046191376e-06,4.6932119901962475,0.032688122326628814
SII_6717,6718.29,35.893456694510405,35.893456694510405,994.3358881550085,64.55640503238156,0.26925737694157686,2.5283499046191376e-06,4.6932119901962475,0.032688122326628814
SII_6731,6732.67,26.20752330483174,26.20752330483174,726.0120189437888,64.33924772531881,0.26925737694157686,2.5283499046191376e-06,4.6932119901962475,0.032688122326628814
NII_6548,6549.85,13.284715086402343,13.284715086402343,368.0188588897984,64.15441834265974,0.26925737694157686,2.5283499046191376e-06,4.6932119901962475,0.032688122326628814
NII_6584,6585.28,47.437514099464124,47.437514099464124,1314.1343035141683,64.9022009839985,0.26925737694157686,2.5283499046191376e-06,4.6932119901962475,0.032688122326628814
NII_5755,5756.24,0.0,0.0,0.0,10000000000.0,0.26925737694157686,2.5283499046191376e-06,4.6932119901962475,0.032688122326628814
HeI_5876,5877.594,11.84527415380478,11.84527415380478,328.1428505592891,64.14129684174021,0.26925737694157686,2.5283499046191376e-06,4.6932119901962475,0.032688122326628814
HeII_4686,4687.02,0.0,0.0,0.0,10000000000.0,0.26925737694157686,2.5283499046191376e-06,4.6932119901962475,0.032688122326628814
NeIII_3869,3870.16,26.802982296949494,2.3154114507247727,742.5076786075138,64.35066107373038,0.26925737694157686,2.5283499046191376e-06,4.6932119901962475,0.032688122326628814
