line,wl,amp,amp_err,flux,flux_err,z,zerr,FWHM,FWHMerr
HI_6563,6564.61,653.8112333234067,653.8112333234067,17860.071021944084,119.09753436274927,0.2692658902721083,1.442151842485882e-06,4.627891253448647,0.018360989538628112
HI_4861,4862.683,272.1941381406052,272.1941381406052,7435.4896202026275,94.84597566874966,0.2692658902721083,1.442151842485882e-06,4.627891253448647,0.018360989538628112
HI_4341,4341.684,120.144509016666,120.144509016666,3281.970933761619,90.11037933411022,0.2692658902721083,1.442151842485882e-06,4.627891253448647,0.018360989538628112
HI_4102,4102.892,57.97578559102885,57.97578559102885,1583.716515461877,89.20366885325637,0.2692658902721083,1.442151842485882e-06,4.627891253448647,0.018360989538628112
OIII_4363,4364.436,5.370702785990261,5.370702785990261,146.71074509986556,88.92900432562173,0.2692658902721083,1.442151842485882e-06,4.627891253448647,0.018360989538628112
OIII_5007,5008.24,793.4764821098697,793.4764821098697,21675.287303781588,130.9658918225449,0.2692658902721083,1.442151842485882e-06,4.627891253448647,0.018360989538628112
OIII_4959,4960.295,264.87946571718203,264.87946571718203,7235.675725417536,94.54141541476871,0.2692658902721083,1.442151842485882e-06,4.627891253448647,0.018360989538628112
OII_3726,3727.092,321.50687769760725,321.50687769760725,8782.558905472979,110.64159625923786,0.2692658902721083,1.442151842485882e-06,4.627891253448647,0.018360989538628112
OII_3729,3729.875,363.643677073778,363.643677073778,9933.604025438917,111.8005143339827,0.2692658902721083,1.442151842485882e-06,4.627891253448647,0.018360989538628112
OI_6300,6302.046,19.904403034928578,19.904403034928578,543.7258244190785,88.95932268852151,0.2692658902721083,1.442151842485882e-06,4.627891253448647,0.018360989538628112
SII_6717,6718.29,89.16016469241981,89.16016469241981,2435.5758857804267,89.58048004769066,0.2692658902721083,1.442151842485882e-06,4.627891253448647,0.018360989538628112
SII_6731,6732.67,62.66752897086553,62.66752897086553,1711.8802203812297,89.2502370856067,0.2692658902721083,1.442151842485882e-06,4.627891253448647,0.018360989538628112
NII_6548,6549.85,29.0473018007699,29.0473018007699,793.4811253097234,88.99624886835934,0.2692658902721083,1.442151842485882e-06,4.627891253448647,0.018360989538628112
NII_6584,6585.28,107.08859314070196,107.08859314070196,2925.324285743714,89.8683567734239,0.2692658902721083,1.442151842485882e-06,4.627891253448647,0.018360989538628112
NII_5755,5756.24,0.0,0.0,0.0,10000000000.0,0.2692658902721083,1.442151842485882e-06,4.627891253448647,0.018360989538628112
HeI_5876,5877.594,29.611220555850196,29.611220555850196,808.8856159379203,88.99897859708561,0.2692658902721083,1.442151842485882e-06,4.627891253448647,0.018360989538628112
HeII_4686,4687.02,0.0,0.0,0.0,10000000000.0,0.2692658902721083,1.442151842485882e-06,4.627891253448647,0.018360989538628112
NeIII_3869,3870.16,73.45770110950252,3.2586345452630345,2006.633860136657,89.37097289266067,0.2692658902721083,1.442151842485882e-06,4.627891253448647,0.018360989538628112
