line,wl,amp,amp_err,flux,flux_err,z,zerr,FWHM,FWHMerr
HI_6563,6564.61,0.0,0.0,0.0,10000000000.0,0.2701986493609555,4.5879561038676866e-05,3.570221516691162,0.5184146281418882
HI_4861,4862.683,1.5553854676049923,1.5553854676049923,32.777879787521954,44.41372450550958,0.2701986493609555,4.5879561038676866e-05,3.570221516691162,0.5184146281418882
HI_4341,4341.684,0.0,0.0,0.0,10000000000.0,0.2701986493609555,4.5879561038676866e-05,3.570221516691162,0.5184146281418882
HI_4102,4102.892,0.0,0.0,0.0,10000000000.0,0.2701986493609555,4.5879561038676866e-05,3.570221516691162,0.5184146281418882
OIII_4363,4364.436,5.999984884961577,5.999984884961577,126.44247190315467,48.638339801752664,0.2701986493609555,4.5879561038676866e-05,3.570221516691162,0.5184146281418882
OIII_5007,5008.24,0.0,0.0,0.0,10000000000.0,0.2701986493609555,4.5879561038676866e-05,3.570221516691162,0.5184146281418882
OIII_4959,4960.295,13.13724073256526,13.13724073256526,276.8515628057285,62.965506188494444,0.2701986493609555,4.5879561038676866e-05,3.570221516691162,0.5184146281418882
OII_3726,3727.092,3.23582281607014,3.23582281607014,68.19107770254918,48.878663405821975,0.2701986493609555,4.5879561038676866e-05,3.570221516691162,0.5184146281418882
OII_3729,3729.875,0.0,0.0,0.0,10000000000.0,0.2701986493609555,4.5879561038676866e-05,3.570221516691162,0.5184146281418882
OI_6300,6302.046,0.0,0.0,0.0,10000000000.0,0.2701986493609555,4.5879561038676866e-05,3.570221516691162,0.5184146281418882
SII_6717,6718.29,0.4766035409397773,0.4766035409397773,10.043846941225707,44.12374015271448,0.2701986493609555,4.5879561038676866e-05,3.570221516691162,0.5184146281418882
SII_6731,6732.67,0.0,0.0,0.0,10000000000.0,0.2701986493609555,4.5879561038676866e-05,3.570221516691162,0.5184146281418882
NII_6548,6549.85,1.407513698601747,1.407513698601747,29.66165993764772,44.355796926525535,0.2701986493609555,4.5879561038676866e-05,3.570221516691162,0.5184146281418882
NII_6584,6585.28,0.0,0.0,0.0,10000000000.0,0.2701986493609555,4.5879561038676866e-05,3.570221516691162,0.5184146281418882
NII_5755,5756.24,0.0,0.0,0.0,10000000000.0,0.2701986493609555,4.5879561038676866e-05,3.570221516691162,0.5184146281418882
HeI_5876,5877.594,0.0,0.0,0.0,10000000000.0,0.2701986493609555,4.5879561038676866e-05,3.570221516691162,0.5184146281418882
HeII_4686,4687.02,0.0,0.0,0.0,10000000000.0,0.2701986493609555,4.5879561038676866e-05,3.570221516691162,0.5184146281418882
NeIII_3869,3870.16,0.0,10000000000.0,0.0,10000000000.0,0.2701986493609555,4.5879561038676866e-05,3.570221516691162,0.5184146281418882
