line,wl,amp,amp_err,flux,flux_err,z,zerr,FWHM,FWHMerr
HI_6563,6564.61,0.0,0.0,0.0,10000000000.0,0.2701013005822364,2.2643783910413707e-05,1.4845194867179767,0.23520385482971698
HI_4861,4862.683,0.0,0.0,0.0,10000000000.0,0.2701013005822364,2.2643783910413707e-05,1.4845194867179767,0.23520385482971698
HI_4341,4341.684,0.0,0.0,0.0,10000000000.0,0.2701013005822364,2.2643783910413707e-05,1.4845194867179767,0.23520385482971698
HI_4102,4102.892,0.0,0.0,0.0,10000000000.0,0.2701013005822364,2.2643783910413707e-05,1.4845194867179767,0.23520385482971698
OIII_4363,4364.436,3.913315369578072,3.913315369578072,34.29086255958396,28.044663719172437,0.2701013005822364,2.2643783910413707e-05,1.4845194867179767,0.23520385482971698
OIII_5007,5008.24,0.0,0.0,0.0,10000000000.0,0.2701013005822364,2.2643783910413707e-05,1.4845194867179767,0.23520385482971698
OIII_4959,4960.295,25.870801071929918,25.870801071929918,226.69578096373445,49.263065663187824,0.2701013005822364,2.2643783910413707e-05,1.4845194867179767,0.23520385482971698
OII_3726,3727.092,12.739001600134998,12.739001600134998,111.62692289317019,32.69270610928164,0.2701013005822364,2.2643783910413707e-05,1.4845194867179767,0.23520385482971698
OII_3729,3729.875,0.0,0.0,0.0,10000000000.0,0.2701013005822364,2.2643783910413707e-05,1.4845194867179767,0.23520385482971698
OI_6300,6302.046,0.0,0.0,0.0,10000000000.0,0.2701013005822364,2.2643783910413707e-05,1.4845194867179767,0.23520385482971698
SII_6717,6718.29,0.3578314976728052,0.3578314976728052,3.1355384239096526,30.004760666549362,0.2701013005822364,2.2643783910413707e-05,1.4845194867179767,0.23520385482971698
SII_6731,6732.67,1.539641955397883,1.539641955397883,13.491284421886562,25.811494201985948,0.2701013005822364,2.2643783910413707e-05,1.4845194867179767,0.23520385482971698
NII_6548,6549.85,3.322225847535833,3.322225847535833,29.11137467104561,29.145063561946685,0.2701013005822364,2.2643783910413707e-05,1.4845194867179767,0.23520385482971698
NII_6584,6585.28,0.0,0.0,0.0,10000000000.0,0.2701013005822364,2.2643783910413707e-05,1.4845194867179767,0.23520385482971698
NII_5755,5756.24,0.0,0.0,0.0,10000000000.0,0.2701013005822364,2.2643783910413707e-05,1.4845194867179767,0.23520385482971698
HeI_5876,5877.594,0.0,0.0,0.0,10000000000.0,0.2701013005822364,2.2643783910413707e-05,1.4845194867179767,0.23520385482971698
HeII_4686,4687.02,0.0,0.0,0.0,10000000000.0,0.2701013005822364,2.2643783910413707e-05,1.4845194867179767,0.23520385482971698
NeIII_3869,3870.16,0.0,10000000000.0,0.0,10000000000.0,0.2701013005822364,2.2643783910413707e-05,1.4845194867179767,0.23520385482971698
