line,wl,amp,amp_err,flux,flux_err,z,zerr,FWHM,FWHMerr
HI_6563,6564.61,73.00424732425131,73.00424732425131,2284.552345652144,79.49917635910852,0.26917887656432277,8.810059532521637e-06,5.3015801010696375,0.1098992815060338
HI_4861,4862.683,32.39880422442775,32.39880422442775,1013.8692870634302,63.78836830841585,0.26917887656432277,8.810059532521637e-06,5.3015801010696375,0.1098992815060338
HI_4341,4341.684,13.480796391931449,13.480796391931449,421.8601813899572,60.103581785537216,0.26917887656432277,8.810059532521637e-06,5.3015801010696375,0.1098992815060338
HI_4102,4102.892,8.985152540426157,8.985152540426157,281.17612419317425,59.66001330816185,0.26917887656432277,8.810059532521637e-06,5.3015801010696375,0.1098992815060338
OIII_4363,4364.436,0.0,0.0,0.0,10000000000.0,0.26917887656432277,8.810059532521637e-06,5.3015801010696375,0.1098992815060338
OIII_5007,5008.24,82.25818466833107,82.25818466833107,2574.1396647575148,84.11765009097799,0.26917887656432277,8.810059532521637e-06,5.3015801010696375,0.1098992815060338
OIII_4959,4960.295,25.22863627773404,25.22863627773404,789.4902323957788,62.06150401271885,0.26917887656432277,8.810059532521637e-06,5.3015801010696375,0.1098992815060338
OII_3726,3727.092,38.830658389284054,38.830658389284054,1215.143980766543,81.16325618869975,0.26917887656432277,8.810059532521637e-06,5.3015801010696375,0.1098992815060338
OII_3729,3729.875,55.04282055178123,55.04282055178123,1722.4779298712049,83.66889257326118,0.26917887656432277,8.810059532521637e-06,5.3015801010696375,0.1098992815060338
OI_6300,6302.046,0.0,0.0,0.0,10000000000.0,0.26917887656432277,8.810059532521637e-06,5.3015801010696375,0.1098992815060338
SII_6717,6718.29,10.859505632922833,10.859505632922833,339.8310369001665,59.82374680477308,0.26917887656432277,8.810059532521637e-06,5.3015801010696375,0.1098992815060338
SII_6731,6732.67,8.21193342726906,8.21193342726906,256.9794561442549,59.60136510910745,0.26917887656432277,8.810059532521637e-06,5.3015801010696375,0.1098992815060338
NII_6548,6549.85,5.686572775541549,5.686572775541549,177.95229249311762,59.446272182261886,0.26917887656432277,8.810059532521637e-06,5.3015801010696375,0.1098992815060338
NII_6584,6585.28,11.035548774566223,11.035548774566223,345.34002832077636,59.840678074053926,0.26917887656432277,8.810059532521637e-06,5.3015801010696375,0.1098992815060338
NII_5755,5756.24,0.0,0.0,0.0,10000000000.0,0.26917887656432277,8.810059532521637e-06,5.3015801010696375,0.1098992815060338
HeI_5876,5877.594,3.5972753546350305,3.5972753546350305,112.57103731084028,59.360409543877644,0.26917887656432277,8.810059532521637e-06,5.3015801010696375,0.1098992815060338
HeII_4686,4687.02,0.0,0.0,0.0,10000000000.0,0.26917887656432277,8.810059532521637e-06,5.3015801010696375,0.1098992815060338
NeIII_3869,3870.16,10.735910214268642,1.898328021589642,335.9633139395533,59.81201041243605,0.26917887656432277,8.810059532521637e-06,5.3015801010696375,0.1098992815060338
