line,wl,amp,amp_err,flux,flux_err,z,zerr,FWHM,FWHMerr
HI_6563,6564.61,51.75544002508991,51.75544002508991,1760.390880825798,84.64419213991195,0.26924047441139504,1.371599333962755e-05,5.762427132477993,0.17386411723319845
HI_4861,4862.683,18.73608626039129,18.73608626039129,637.282484298636,64.03201761726133,0.26924047441139504,1.371599333962755e-05,5.762427132477993,0.17386411723319845
HI_4341,4341.684,6.310297670717091,6.310297670717091,214.63619031045698,60.748061408207796,0.26924047441139504,1.371599333962755e-05,5.762427132477993,0.17386411723319845
HI_4102,4102.892,3.814552503198456,3.814552503198456,129.74681381911637,60.47360242302283,0.26924047441139504,1.371599333962755e-05,5.762427132477993,0.17386411723319845
OIII_4363,4364.436,0.0,0.0,0.0,10000000000.0,0.26924047441139504,1.371599333962755e-05,5.762427132477993,0.17386411723319845
OIII_5007,5008.24,48.57339803018749,48.57339803018749,1652.1580514359716,82.12390534227701,0.26924047441139504,1.371599333962755e-05,5.762427132477993,0.17386411723319845
OIII_4959,4960.295,17.589040682804466,17.589040682804466,598.2672894959926,63.602034114838176,0.26924047441139504,1.371599333962755e-05,5.762427132477993,0.17386411723319845
OII_3726,3727.092,26.69834998776105,26.69834998776105,908.1080525789321,85.69316747638082,0.26924047441139504,1.371599333962755e-05,5.762427132477993,0.17386411723319845
OII_3729,3729.875,31.647483561916943,31.647483561916943,1076.4460979652574,86.76909434515535,0.26924047441139504,1.371599333962755e-05,5.762427132477993,0.17386411723319845
OI_6300,6302.046,3.6614971406036148,3.6614971406036148,124.5408438873985,60.46118084406721,0.26924047441139504,1.371599333962755e-05,5.762427132477993,0.17386411723319845
SII_6717,6718.29,6.580679632615784,6.580679632615784,223.8328648983941,60.78582380473634,0.26924047441139504,1.371599333962755e-05,5.762427132477993,0.17386411723319845
SII_6731,6732.67,1.012450124336283,1.012450124336283,34.437113573153155,60.32619539649842,0.26924047441139504,1.371599333962755e-05,5.762427132477993,0.17386411723319845
NII_6548,6549.85,2.3264463819626826,2.3264463819626826,79.13090862626018,60.37404369389607,0.26924047441139504,1.371599333962755e-05,5.762427132477993,0.17386411723319845
NII_6584,6585.28,8.358057727152413,8.358057727152413,284.28796271777315,61.07269441095779,0.26924047441139504,1.371599333962755e-05,5.762427132477993,0.17386411723319845
NII_5755,5756.24,0.0,0.0,0.0,10000000000.0,0.26924047441139504,1.371599333962755e-05,5.762427132477993,0.17386411723319845
HeI_5876,5877.594,0.13466416396056502,0.13466416396056502,4.580418330812886,60.31518836603538,0.26924047441139504,1.371599333962755e-05,5.762427132477993,0.17386411723319845
HeII_4686,4687.02,0.0,0.0,0.0,10000000000.0,0.26924047441139504,1.371599333962755e-05,5.762427132477993,0.17386411723319845
NeIII_3869,3870.16,7.315585273226816,1.7766917199377443,248.8296804480626,60.89632270907893,0.26924047441139504,1.371599333962755e-05,5.762427132477993,0.17386411723319845
