line,wl,amp,amp_err,flux,flux_err,z,zerr,FWHM,FWHMerr
HI_6563,6564.61,168.06239279957413,168.06239279957413,5293.359881361172,124.14069290102759,0.2691951389451649,5.448704301877516e-06,5.335968053225921,0.06348172310420705
HI_4861,4862.683,128.2333045372843,128.2333045372843,4038.8870965411506,115.49761019973404,0.2691951389451649,5.448704301877516e-06,5.335968053225921,0.06348172310420705
HI_4341,4341.684,46.618886857279676,46.618886857279676,1468.3269784117053,104.091805456422,0.2691951389451649,5.448704301877516e-06,5.335968053225921,0.06348172310420705
HI_4102,4102.892,14.709272605508886,14.709272605508886,463.28909280055757,102.42870516453416,0.2691951389451649,5.448704301877516e-06,5.335968053225921,0.06348172310420705
OIII_4363,4364.436,1.7479592542788396,1.7479592542788396,55.05441899716334,102.2457704969291,0.2691951389451649,5.448704301877516e-06,5.335968053225921,0.06348172310420705
OIII_5007,5008.24,229.1814083283391,229.1814083283391,7218.388672151272,140.25731978458404,0.2691951389451649,5.448704301877516e-06,5.335968053225921,0.06348172310420705
OIII_4959,4960.295,116.50127627253482,116.50127627253482,3669.370474118186,113.29506002077028,0.2691951389451649,5.448704301877516e-06,5.335968053225921,0.06348172310420705
OII_3726,3727.092,141.61503793778593,141.61503793778593,4460.363487215659,149.63905896054993,0.2691951389451649,5.448704301877516e-06,5.335968053225921,0.06348172310420705
OII_3729,3729.875,199.22171333779943,199.22171333779943,6274.766218138813,154.83529231204432,0.2691951389451649,5.448704301877516e-06,5.335968053225921,0.06348172310420705
OI_6300,6302.046,7.129112239741403,7.129112239741403,224.5413509289489,102.28677110562246,0.2691951389451649,5.448704301877516e-06,5.335968053225921,0.06348172310420705
SII_6717,6718.29,40.683195538560994,40.683195538560994,1281.3740868619614,103.65394818532329,0.2691951389451649,5.448704301877516e-06,5.335968053225921,0.06348172310420705
SII_6731,6732.67,34.811789096644134,34.811789096644134,1096.445937327207,103.27799093004371,0.2691951389451649,5.448704301877516e-06,5.335968053225921,0.06348172310420705
NII_6548,6549.85,17.185610040590632,17.185610040590632,541.2848003066794,102.4963074352846,0.2691951389451649,5.448704301877516e-06,5.335968053225921,0.06348172310420705
NII_6584,6585.28,45.30077937691681,45.30077937691681,1426.8113416315266,103.98960149986776,0.2691951389451649,5.448704301877516e-06,5.335968053225921,0.06348172310420705
NII_5755,5756.24,0.0,0.0,0.0,10000000000.0,0.2691951389451649,5.448704301877516e-06,5.335968053225921,0.06348172310420705
HeI_5876,5877.594,4.968121422813169,4.968121422813169,156.47792577017773,102.264300897904,0.2691951389451649,5.448704301877516e-06,5.335968053225921,0.06348172310420705
HeII_4686,4687.02,0.0,0.0,0.0,10000000000.0,0.2691951389451649,5.448704301877516e-06,5.335968053225921,0.06348172310420705
NeIII_3869,3870.16,35.0571692628489,3.252877723683417,1104.1745285119052,103.2926427398562,0.2691951389451649,5.448704301877516e-06,5.335968053225921,0.06348172310420705
