line,wl,amp,amp_err,flux,flux_err,z,zerr,FWHM,FWHMerr
HI_6563,6564.61,134.25075960327285,134.25075960327285,2552.229814491228,57.9472190982935,0.2698628128475921,3.3958964687862544e-06,3.2207377810430926,0.043290381116663584
HI_4861,4862.683,40.86672193956724,40.86672193956724,776.9137877722933,44.98198805652407,0.2698628128475921,3.3958964687862544e-06,3.2207377810430926,0.043290381116663584
HI_4341,4341.684,18.215279322236825,18.215279322236825,346.2891316435057,43.75134591320699,0.2698628128475921,3.3958964687862544e-06,3.2207377810430926,0.043290381116663584
HI_4102,4102.892,5.239640362839964,5.239640362839964,99.61035893405688,43.46663936327219,0.2698628128475921,3.3958964687862544e-06,3.2207377810430926,0.043290381116663584
OIII_4363,4364.436,0.0,0.0,0.0,10000000000.0,0.2698628128475921,3.3958964687862544e-06,3.2207377810430926,0.043290381116663584
OIII_5007,5008.24,174.17070866297036,174.17070866297036,3311.1445832732675,66.0500583475589,0.2698628128475921,3.3958964687862544e-06,3.2207377810430926,0.043290381116663584
OIII_4959,4960.295,52.03993984660815,52.03993984660815,989.3268865914519,45.914519281293074,0.2698628128475921,3.3958964687862544e-06,3.2207377810430926,0.043290381116663584
OII_3726,3727.092,47.01841084393027,47.01841084393027,893.8630242428142,46.84608230101817,0.2698628128475921,3.3958964687862544e-06,3.2207377810430926,0.043290381116663584
OII_3729,3729.875,48.710277804858606,48.710277804858606,926.0269636692597,46.96421224357004,0.2698628128475921,3.3958964687862544e-06,3.2207377810430926,0.043290381116663584
OI_6300,6302.046,3.7924120147885105,3.7924120147885105,72.09722344648857,43.45454013287084,0.2698628128475921,3.3958964687862544e-06,3.2207377810430926,0.043290381116663584
SII_6717,6718.29,13.308133042219652,13.308133042219652,252.99978954264935,43.60680706700968,0.2698628128475921,3.3958964687862544e-06,3.2207377810430926,0.043290381116663584
SII_6731,6732.67,4.554093354624001,4.554093354624001,86.577482853694,43.46030019207005,0.2698628128475921,3.3958964687862544e-06,3.2207377810430926,0.043290381116663584
NII_6548,6549.85,0.0,0.0,0.0,10000000000.0,0.2698628128475921,3.3958964687862544e-06,3.2207377810430926,0.043290381116663584
NII_6584,6585.28,6.662542196852769,6.662542196852769,126.66102512465021,43.48226205036697,0.2698628128475921,3.3958964687862544e-06,3.2207377810430926,0.043290381116663584
NII_5755,5756.24,0.0,0.0,0.0,10000000000.0,0.2698628128475921,3.3958964687862544e-06,3.2207377810430926,0.043290381116663584
HeI_5876,5877.594,8.00863139293051,8.00863139293051,152.25141276451566,43.50088189637428,0.2698628128475921,3.3958964687862544e-06,3.2207377810430926,0.043290381116663584
HeII_4686,4687.02,0.0,0.0,0.0,10000000000.0,0.2698628128475921,3.3958964687862544e-06,3.2207377810430926,0.043290381116663584
NeIII_3869,3870.16,22.455476950216507,2.2900204874093903,426.89916943729486,43.911895325292576,0.2698628128475921,3.3958964687862544e-06,3.2207377810430926,0.043290381116663584
