line,wl,amp,amp_err,flux,flux_err,z,zerr,FWHM,FWHMerr
HI_6563,6564.61,3.710723885865036,3.710723885865036,219.03118702116024,81.18156593146969,0.2697075044754614,0.00012334454477719688,9.999992143492392,1.41789574512264
HI_4861,4862.683,3.3532879503864024,3.3532879503864024,197.93298094602585,79.88350087957264,0.2697075044754614,0.00012334454477719688,9.999992143492392,1.41789574512264
HI_4341,4341.684,4.59956837317327,4.59956837317327,271.4966005416686,85.2722956149047,0.2697075044754614,0.00012334454477719688,9.999992143492392,1.41789574512264
HI_4102,4102.892,0.0,0.0,0.0,10000000000.0,0.2697075044754614,0.00012334454477719688,9.999992143492392,1.41789574512264
OIII_4363,4364.436,0.0,0.0,0.0,10000000000.0,0.2697075044754614,0.00012334454477719688,9.999992143492392,1.41789574512264
OIII_5007,5008.24,6.356363156935913,6.356363156935913,375.1941158178321,94.86876705416618,0.2697075044754614,0.00012334454477719688,9.999992143492392,1.41789574512264
OIII_4959,4960.295,0.0,0.0,0.0,10000000000.0,0.2697075044754614,0.00012334454477719688,9.999992143492392,1.41789574512264
OII_3726,3727.092,3.197949145261191,3.197949145261191,188.76386895506664,138.8109848867826,0.2697075044754614,0.00012334454477719688,9.999992143492392,1.41789574512264
OII_3729,3729.875,0.0,0.0,0.0,10000000000.0,0.2697075044754614,0.00012334454477719688,9.999992143492392,1.41789574512264
OI_6300,6302.046,0.0,0.0,0.0,10000000000.0,0.2697075044754614,0.00012334454477719688,9.999992143492392,1.41789574512264
SII_6717,6718.29,0.6934177953613698,0.6934177953613698,40.93005232702482,73.59127968018302,0.2697075044754614,0.00012334454477719688,9.999992143492392,1.41789574512264
SII_6731,6732.67,0.15808488376717378,0.15808488376717378,9.33120350816789,73.31352885372132,0.2697075044754614,0.00012334454477719688,9.999992143492392,1.41789574512264
NII_6548,6549.85,0.0,0.0,0.0,10000000000.0,0.2697075044754614,0.00012334454477719688,9.999992143492392,1.41789574512264
NII_6584,6585.28,3.144157489105851,3.144157489105851,185.5887336817528,79.11983581025542,0.2697075044754614,0.00012334454477719688,9.999992143492392,1.41789574512264
NII_5755,5756.24,0.0,0.0,0.0,10000000000.0,0.2697075044754614,0.00012334454477719688,9.999992143492392,1.41789574512264
HeI_5876,5877.594,0.0,0.0,0.0,10000000000.0,0.2697075044754614,0.00012334454477719688,9.999992143492392,1.41789574512264
HeII_4686,4687.02,0.0,0.0,0.0,10000000000.0,0.2697075044754614,0.00012334454477719688,9.999992143492392,1.41789574512264
NeIII_3869,3870.16,0.0,10000000000.0,0.0,10000000000.0,0.2697075044754614,0.00012334454477719688,9.999992143492392,1.41789574512264
