line,wl,amp,amp_err,flux,flux_err,z,zerr,FWHM,FWHMerr
HI_6563,6564.61,4.396206792485145,4.396206792485145,30.659098138157677,33.97224777521601,0.2701537987293453,1.767634594359299e-05,1.1814996694020674,0.41218174139730795
HI_4861,4862.683,0.0,0.0,0.0,10000000000.0,0.2701537987293453,1.767634594359299e-05,1.1814996694020674,0.41218174139730795
HI_4341,4341.684,0.8342750415237106,0.8342750415237106,5.818225024358302,22.458079180313465,0.2701537987293453,1.767634594359299e-05,1.1814996694020674,0.41218174139730795
HI_4102,4102.892,0.0,0.0,0.0,10000000000.0,0.2701537987293453,1.767634594359299e-05,1.1814996694020674,0.41218174139730795
OIII_4363,4364.436,0.0,0.0,0.0,10000000000.0,0.2701537987293453,1.767634594359299e-05,1.1814996694020674,0.41218174139730795
OIII_5007,5008.24,0.0,0.0,0.0,10000000000.0,0.2701537987293453,1.767634594359299e-05,1.1814996694020674,0.41218174139730795
OIII_4959,4960.295,43.164659868008584,43.164659868008584,301.0298663055767,190.32123862466997,0.2701537987293453,1.767634594359299e-05,1.1814996694020674,0.41218174139730795
OII_3726,3727.092,6.099565441766231,6.099565441766231,42.53830274747201,34.19825870948191,0.2701537987293453,1.767634594359299e-05,1.1814996694020674,0.41218174139730795
OII_3729,3729.875,0.0,0.0,0.0,10000000000.0,0.2701537987293453,1.767634594359299e-05,1.1814996694020674,0.41218174139730795
OI_6300,6302.046,0.0,0.0,0.0,10000000000.0,0.2701537987293453,1.767634594359299e-05,1.1814996694020674,0.41218174139730795
SII_6717,6718.29,1.486154045437047,1.486154045437047,10.364422075267614,24.714700206518017,0.2701537987293453,1.767634594359299e-05,1.1814996694020674,0.41218174139730795
SII_6731,6732.67,5.3266849965741585,5.3266849965741585,37.14824296713769,35.648891304496644,0.2701537987293453,1.767634594359299e-05,1.1814996694020674,0.41218174139730795
NII_6548,6549.85,3.5111304277686486,3.5111304277686486,24.48658524090443,32.49346307908725,0.2701537987293453,1.767634594359299e-05,1.1814996694020674,0.41218174139730795
NII_6584,6585.28,0.0,0.0,0.0,10000000000.0,0.2701537987293453,1.767634594359299e-05,1.1814996694020674,0.41218174139730795
NII_5755,5756.24,0.0,0.0,0.0,10000000000.0,0.2701537987293453,1.767634594359299e-05,1.1814996694020674,0.41218174139730795
HeI_5876,5877.594,1.0452123887522475,1.0452123887522475,7.289299779244098,31.743756886139565,0.2701537987293453,1.767634594359299e-05,1.1814996694020674,0.41218174139730795
HeII_4686,4687.02,0.0,0.0,0.0,10000000000.0,0.2701537987293453,1.767634594359299e-05,1.1814996694020674,0.41218174139730795
NeIII_3869,3870.16,8.034951338894189,4.110859025256657,56.0356628481577,34.699730358065445,0.2701537987293453,1.767634594359299e-05,1.1814996694020674,0.41218174139730795
