line,wl,amp,amp_err,flux,flux_err,z,zerr,FWHM,FWHMerr
HI_6563,6564.61,31.940722995435635,31.940722995435635,870.3562606693582,78.78934845475399,0.2697247329941907,2.0391721108636906e-05,4.616413018045562,0.2723335953873947
HI_4861,4862.683,7.83562468179764,7.83562468179764,213.5137955090271,55.777266407793995,0.2697247329941907,2.0391721108636906e-05,4.616413018045562,0.2723335953873947
HI_4341,4341.684,2.3342653538786635,2.3342653538786635,63.60665239488141,54.13323045403925,0.2697247329941907,2.0391721108636906e-05,4.616413018045562,0.2723335953873947
HI_4102,4102.892,0.0,0.0,0.0,10000000000.0,0.2697247329941907,2.0391721108636906e-05,4.616413018045562,0.2723335953873947
OIII_4363,4364.436,0.0,0.0,0.0,10000000000.0,0.2697247329941907,2.0391721108636906e-05,4.616413018045562,0.2723335953873947
OIII_5007,5008.24,24.573164555099083,24.573164555099083,669.5968534602406,69.7354294015895,0.2697247329941907,2.0391721108636906e-05,4.616413018045562,0.2723335953873947
OIII_4959,4960.295,12.268201307208642,12.268201307208642,334.2975616552857,58.299753062010005,0.2697247329941907,2.0391721108636906e-05,4.616413018045562,0.2723335953873947
OII_3726,3727.092,17.07504579489796,17.07504579489796,465.27979378955024,69.77200278147151,0.2697247329941907,2.0391721108636906e-05,4.616413018045562,0.2723335953873947
OII_3729,3729.875,14.627941475910006,14.627941475910006,398.5983800705637,68.66360474330791,0.2697247329941907,2.0391721108636906e-05,4.616413018045562,0.2723335953873947
OI_6300,6302.046,2.7116866562377027,2.7116866562377027,73.89104681717154,54.19001475132838,0.2697247329941907,2.0391721108636906e-05,4.616413018045562,0.2723335953873947
SII_6717,6718.29,9.623732094159891,9.623732094159891,262.23813031263086,56.67389660146252,0.2697247329941907,2.0391721108636906e-05,4.616413018045562,0.2723335953873947
SII_6731,6732.67,3.2575497908040916,3.2575497908040916,88.76533118156581,54.2870227155784,0.2697247329941907,2.0391721108636906e-05,4.616413018045562,0.2723335953873947
NII_6548,6549.85,0.0,0.0,0.0,10000000000.0,0.2697247329941907,2.0391721108636906e-05,4.616413018045562,0.2723335953873947
NII_6584,6585.28,3.5277211913472684,3.5277211913472684,96.12726127783087,54.341528892913146,0.2697247329941907,2.0391721108636906e-05,4.616413018045562,0.2723335953873947
NII_5755,5756.24,0.0,0.0,0.0,10000000000.0,0.2697247329941907,2.0391721108636906e-05,4.616413018045562,0.2723335953873947
HeI_5876,5877.594,0.0,0.0,0.0,10000000000.0,0.2697247329941907,2.0391721108636906e-05,4.616413018045562,0.2723335953873947
HeII_4686,4687.02,0.0,0.0,0.0,10000000000.0,0.2697247329941907,2.0391721108636906e-05,4.616413018045562,0.2723335953873947
NeIII_3869,3870.16,6.585163675690978,1.9901284620719435,179.43984653976415,55.2527297009438,0.2697247329941907,2.0391721108636906e-05,4.616413018045562,0.2723335953873947
