line,wl,amp,amp_err,flux,flux_err,z,zerr,FWHM,FWHMerr
HI_6563,6564.61,102.1886764402218,102.1886764402218,2894.02197129701,76.20881700909354,0.2692312078046882,5.997847895471011e-06,4.79790220536879,0.07600571780937226
HI_4861,4862.683,46.133329797421766,46.133329797421766,1306.5133505367462,60.95937181797651,0.2692312078046882,5.997847895471011e-06,4.79790220536879,0.07600571780937226
HI_4341,4341.684,18.859266111862325,18.859266111862325,534.1015501085813,57.18469065114496,0.2692312078046882,5.997847895471011e-06,4.79790220536879,0.07600571780937226
HI_4102,4102.892,9.596047467370227,9.596047467370227,271.76369413517176,56.60190984761593,0.2692312078046882,5.997847895471011e-06,4.79790220536879,0.07600571780937226
OIII_4363,4364.436,1.7052389668459682,1.7052389668459682,48.29301257513513,56.40336011890727,0.2692312078046882,5.997847895471011e-06,4.79790220536879,0.07600571780937226
OIII_5007,5008.24,113.8909421963856,113.8909421963856,3225.4345640817487,80.27387812597118,0.2692312078046882,5.997847895471011e-06,4.79790220536879,0.07600571780937226
OIII_4959,4960.295,36.25871748210261,36.25871748210261,1026.8605945360282,59.256750731766886,0.2692312078046882,5.997847895471011e-06,4.79790220536879,0.07600571780937226
OII_3726,3727.092,65.06827363217099,65.06827363217099,1842.7581223837997,75.28078118097088,0.2692312078046882,5.997847895471011e-06,4.79790220536879,0.07600571780937226
OII_3729,3729.875,65.8203914290707,65.8203914290707,1864.0583828926492,75.37517696367034,0.2692312078046882,5.997847895471011e-06,4.79790220536879,0.07600571780937226
OI_6300,6302.046,6.234594228678475,6.234594228678475,176.56606689168584,56.48349974822514,0.2692312078046882,5.997847895471011e-06,4.79790220536879,0.07600571780937226
SII_6717,6718.29,10.737957183132835,10.737957183132835,304.10300923127926,56.653441458411265,0.2692312078046882,5.997847895471011e-06,4.79790220536879,0.07600571780937226
SII_6731,6732.67,7.895011248039509,7.895011248039509,223.58970495942535,56.53571352918129,0.2692312078046882,5.997847895471011e-06,4.79790220536879,0.07600571780937226
NII_6548,6549.85,4.804094522922583,4.804094522922583,136.05377411516463,56.44833386510679,0.2692312078046882,5.997847895471011e-06,4.79790220536879,0.07600571780937226
NII_6584,6585.28,17.412084043905566,17.412084043905566,493.1168065241597,57.069089115222596,0.2692312078046882,5.997847895471011e-06,4.79790220536879,0.07600571780937226
NII_5755,5756.24,1.2316345510639621,1.2316345510639621,34.880356371703485,56.40022638789918,0.2692312078046882,5.997847895471011e-06,4.79790220536879,0.07600571780937226
HeI_5876,5877.594,2.8415814356163764,2.8415814356163764,80.47466113052286,56.414875119449064,0.2692312078046882,5.997847895471011e-06,4.79790220536879,0.07600571780937226
HeII_4686,4687.02,0.0,0.0,0.0,10000000000.0,0.2692312078046882,5.997847895471011e-06,4.79790220536879,0.07600571780937226
NeIII_3869,3870.16,13.768004205852662,1.9943711948620761,389.9150870787104,56.81809234763569,0.2692312078046882,5.997847895471011e-06,4.79790220536879,0.07600571780937226
