line,wl,amp,amp_err,flux,flux_err,z,zerr,FWHM,FWHMerr
HI_6563,6564.61,1.8802222457173912,1.8802222457173912,4.723459998020983,66.10112090412241,0.2702887840953834,1.4296344943494441e-05,0.425601741990454,0.3907773186437214
HI_4861,4862.683,3.820605902284001,3.820605902284001,9.59805639399601,45.03297610416803,0.2702887840953834,1.4296344943494441e-05,0.425601741990454,0.3907773186437214
HI_4341,4341.684,25.791891730899806,25.791891730899806,64.79391951758917,264.8433074451023,0.2702887840953834,1.4296344943494441e-05,0.425601741990454,0.3907773186437214
HI_4102,4102.892,0.0,0.0,0.0,10000000000.0,0.2702887840953834,1.4296344943494441e-05,0.425601741990454,0.3907773186437214
OIII_4363,4364.436,413.51150791422197,413.51150791422197,1038.816060602946,7845.5853242891435,0.2702887840953834,1.4296344943494441e-05,0.425601741990454,0.3907773186437214
OIII_5007,5008.24,0.0,0.0,0.0,10000000000.0,0.2702887840953834,1.4296344943494441e-05,0.425601741990454,0.3907773186437214
OIII_4959,4960.295,4.443685743736069,4.443685743736069,11.163346195973208,13.476384108385073,0.2702887840953834,1.4296344943494441e-05,0.425601741990454,0.3907773186437214
OII_3726,3727.092,0.0,0.0,0.0,10000000000.0,0.2702887840953834,1.4296344943494441e-05,0.425601741990454,0.3907773186437214
OII_3729,3729.875,764.8756225822124,764.8756225822124,1921.5065745326312,15737.344050827503,0.2702887840953834,1.4296344943494441e-05,0.425601741990454,0.3907773186437214
OI_6300,6302.046,0.0,0.0,0.0,10000000000.0,0.2702887840953834,1.4296344943494441e-05,0.425601741990454,0.3907773186437214
SII_6717,6718.29,0.0,0.0,0.0,10000000000.0,0.2702887840953834,1.4296344943494441e-05,0.425601741990454,0.3907773186437214
SII_6731,6732.67,3.1153093927400732,3.1153093927400732,7.8262233794879466,12.434479647251187,0.2702887840953834,1.4296344943494441e-05,0.425601741990454,0.3907773186437214
NII_6548,6549.85,9.088751568086309,9.088751568086309,22.83259575382072,117.69949391125478,0.2702887840953834,1.4296344943494441e-05,0.425601741990454,0.3907773186437214
NII_6584,6585.28,0.0,0.0,0.0,10000000000.0,0.2702887840953834,1.4296344943494441e-05,0.425601741990454,0.3907773186437214
NII_5755,5756.24,0.0,0.0,0.0,10000000000.0,0.2702887840953834,1.4296344943494441e-05,0.425601741990454,0.3907773186437214
HeI_5876,5877.594,0.0,0.0,0.0,10000000000.0,0.2702887840953834,1.4296344943494441e-05,0.425601741990454,0.3907773186437214
HeII_4686,4687.02,0.0,0.0,0.0,10000000000.0,0.2702887840953834,1.4296344943494441e-05,0.425601741990454,0.3907773186437214
NeIII_3869,3870.16,10.837832250962265,8.487285485891434,27.226604311954535,32.85652992675625,0.2702887840953834,1.4296344943494441e-05,0.425601741990454,0.3907773186437214
