line,wl,amp,amp_err,flux,flux_err,z,zerr,FWHM,FWHMerr
HI_6563,6564.61,175.09692663885767,175.09692663885767,4601.465913843738,82.88493973251455,0.26943166751182124,3.9164110551839166e-06,4.452152458510678,0.0511901701556773
HI_4861,4862.683,63.99370285372288,63.99370285372288,1681.7247911460643,61.954785588774875,0.26943166751182124,3.9164110551839166e-06,4.452152458510678,0.0511901701556773
HI_4341,4341.684,30.337636938024616,30.337636938024616,797.2590093760524,58.958248044175605,0.26943166751182124,3.9164110551839166e-06,4.452152458510678,0.0511901701556773
HI_4102,4102.892,9.680285392398787,9.680285392398787,254.39340441008827,58.15266716947464,0.26943166751182124,3.9164110551839166e-06,4.452152458510678,0.0511901701556773
OIII_4363,4364.436,2.07629522469972,2.07629522469972,54.564074235510056,58.06487245517803,0.26943166751182124,3.9164110551839166e-06,4.452152458510678,0.0511901701556773
OIII_5007,5008.24,162.36614686217763,162.36614686217763,4266.906933720302,79.87272551048461,0.26943166751182124,3.9164110551839166e-06,4.452152458510678,0.0511901701556773
OIII_4959,4960.295,50.607003510091545,50.607003510091545,1329.9285494242292,60.52533588755491,0.26943166751182124,3.9164110551839166e-06,4.452152458510678,0.0511901701556773
OII_3726,3727.092,70.47933142940701,70.47933142940701,1852.164098070133,72.12638179874817,0.26943166751182124,3.9164110551839166e-06,4.452152458510678,0.0511901701556773
OII_3729,3729.875,111.69968016177131,111.69968016177131,2935.415719270397,75.767163610926,0.26943166751182124,3.9164110551839166e-06,4.452152458510678,0.0511901701556773
OI_6300,6302.046,2.4835831390266776,2.4835831390266776,65.26741147204208,58.066704753745285,0.26943166751182124,3.9164110551839166e-06,4.452152458510678,0.0511901701556773
SII_6717,6718.29,25.35770057324953,25.35770057324953,666.3885944835838,58.689248548572245,0.26943166751182124,3.9164110551839166e-06,4.452152458510678,0.0511901701556773
SII_6731,6732.67,19.427657630448493,19.427657630448493,510.54981996752065,58.43044696943308,0.26943166751182124,3.9164110551839166e-06,4.452152458510678,0.0511901701556773
NII_6548,6549.85,2.4017193804806993,2.4017193804806993,63.1160699164853,58.06628811716625,0.26943166751182124,3.9164110551839166e-06,4.452152458510678,0.0511901701556773
NII_6584,6585.28,19.072372247884914,19.072372247884914,501.2130851148003,58.417072333111115,0.26943166751182124,3.9164110551839166e-06,4.452152458510678,0.0511901701556773
NII_5755,5756.24,1.0405754516624484,1.0405754516624484,27.345839607356726,58.06169258143597,0.26943166751182124,3.9164110551839166e-06,4.452152458510678,0.0511901701556773
HeI_5876,5877.594,2.391635776552448,2.391635776552448,62.851077488261545,58.0662575566318,0.26943166751182124,3.9164110551839166e-06,4.452152458510678,0.0511901701556773
HeII_4686,4687.02,2.1600499167107046e-12,2.1600499167107046e-12,5.676510864434301e-11,58.06064173508916,0.26943166751182124,3.9164110551839166e-06,4.452152458510678,0.0511901701556773
NeIII_3869,3870.16,14.626517751305755,2.2109469296651447,384.3780936811016,58.27049930255963,0.26943166751182124,3.9164110551839166e-06,4.452152458510678,0.0511901701556773
