line,wl,amp,amp_err,flux,flux_err,z,zerr,FWHM,FWHMerr
HI_6563,6564.61,13.490051595852606,13.490051595852606,105.27927053603032,51.139618982501716,0.27093000639690595,2.08730693269435e-05,1.322152645094532,0.3664782714019861
HI_4861,4862.683,0.053345430781973846,0.053345430781973846,0.41631924083100946,26.668522024734024,0.27093000639690595,2.08730693269435e-05,1.322152645094532,0.3664782714019861
HI_4341,4341.684,3.6002218224958824,3.6002218224958824,28.096907157626674,33.91497316529217,0.27093000639690595,2.08730693269435e-05,1.322152645094532,0.3664782714019861
HI_4102,4102.892,0.0,0.0,0.0,10000000000.0,0.27093000639690595,2.08730693269435e-05,1.322152645094532,0.3664782714019861
OIII_4363,4364.436,0.0,0.0,0.0,10000000000.0,0.27093000639690595,2.08730693269435e-05,1.322152645094532,0.3664782714019861
OIII_5007,5008.24,0.0,0.0,0.0,10000000000.0,0.27093000639690595,2.08730693269435e-05,1.322152645094532,0.3664782714019861
OIII_4959,4960.295,0.0,0.0,0.0,10000000000.0,0.27093000639690595,2.08730693269435e-05,1.322152645094532,0.3664782714019861
OII_3726,3727.092,13.650349042220682,13.650349042220682,106.53026636080597,52.01753341011217,0.27093000639690595,2.08730693269435e-05,1.322152645094532,0.3664782714019861
OII_3729,3729.875,12.415979493650184,12.415979493650184,96.89698032612957,52.29631328208887,0.27093000639690595,2.08730693269435e-05,1.322152645094532,0.3664782714019861
OI_6300,6302.046,0.0,0.0,0.0,10000000000.0,0.27093000639690595,2.08730693269435e-05,1.322152645094532,0.3664782714019861
SII_6717,6718.29,2.7195088323373966,2.7195088323373966,21.223633138126434,24.90971207715661,0.27093000639690595,2.08730693269435e-05,1.322152645094532,0.3664782714019861
SII_6731,6732.67,0.0,0.0,0.0,10000000000.0,0.27093000639690595,2.08730693269435e-05,1.322152645094532,0.3664782714019861
NII_6548,6549.85,0.0,0.0,0.0,10000000000.0,0.27093000639690595,2.08730693269435e-05,1.322152645094532,0.3664782714019861
NII_6584,6585.28,0.2540504656160465,0.2540504656160465,1.98266459615463,28.639757351330683,0.27093000639690595,2.08730693269435e-05,1.322152645094532,0.3664782714019861
NII_5755,5756.24,8.03736619287065,8.03736619287065,62.72533828384467,33.951092907938275,0.27093000639690595,2.08730693269435e-05,1.322152645094532,0.3664782714019861
HeI_5876,5877.594,2.0884670002687926,2.0884670002687926,16.29884665485399,25.301512022127458,0.27093000639690595,2.08730693269435e-05,1.322152645094532,0.3664782714019861
HeII_4686,4687.02,0.0,0.0,0.0,10000000000.0,0.27093000639690595,2.08730693269435e-05,1.322152645094532,0.3664782714019861
NeIII_3869,3870.16,3.6955572081208174,3.1170021333086706,28.840925057302464,25.605661542082768,0.27093000639690595,2.08730693269435e-05,1.322152645094532,0.3664782714019861
