line,wl,amp,amp_err,flux,flux_err,z,zerr,FWHM,FWHMerr
HI_6563,6564.61,1.0440192517022524,1.0440192517022524,12.716748542800802,35.184054424539255,0.2701233165829698,1.4113368881253106e-05,2.063573387514452,0.1724570115472162
HI_4861,4862.683,1.373467569021841,1.373467569021841,16.72961650703723,34.73142922190618,0.2701233165829698,1.4113368881253106e-05,2.063573387514452,0.1724570115472162
HI_4341,4341.684,1.968563329973108,1.968563329973108,23.978221490676184,35.04637252338269,0.2701233165829698,1.4113368881253106e-05,2.063573387514452,0.1724570115472162
HI_4102,4102.892,0.0,0.0,0.0,10000000000.0,0.2701233165829698,1.4113368881253106e-05,2.063573387514452,0.1724570115472162
OIII_4363,4364.436,0.0,0.0,0.0,10000000000.0,0.2701233165829698,1.4113368881253106e-05,2.063573387514452,0.1724570115472162
OIII_5007,5008.24,0.0,0.0,0.0,10000000000.0,0.2701233165829698,1.4113368881253106e-05,2.063573387514452,0.1724570115472162
OIII_4959,4960.295,50.72954988698393,50.72954988698393,617.9147832287542,68.02289681689099,0.2701233165829698,1.4113368881253106e-05,2.063573387514452,0.1724570115472162
OII_3726,3727.092,1.266180846034672,1.266180846034672,15.42280317386887,34.926739063398664,0.2701233165829698,1.4113368881253106e-05,2.063573387514452,0.1724570115472162
OII_3729,3729.875,6.407436822636328,6.407436822636328,78.04622639332976,35.393547073000214,0.2701233165829698,1.4113368881253106e-05,2.063573387514452,0.1724570115472162
OI_6300,6302.046,1.0110188733699488,1.0110188733699488,12.314785157178406,35.11442423264651,0.2701233165829698,1.4113368881253106e-05,2.063573387514452,0.1724570115472162
SII_6717,6718.29,0.5130765076003172,0.5130765076003172,6.249563808074729,35.160498667185635,0.2701233165829698,1.4113368881253106e-05,2.063573387514452,0.1724570115472162
SII_6731,6732.67,0.2419063484982189,0.2419063484982189,2.946556971763887,34.82061743879079,0.2701233165829698,1.4113368881253106e-05,2.063573387514452,0.1724570115472162
NII_6548,6549.85,1.7946272784712392,1.7946272784712392,21.85958141208524,35.22758366372593,0.2701233165829698,1.4113368881253106e-05,2.063573387514452,0.1724570115472162
NII_6584,6585.28,0.16175539804021355,0.16175539804021355,1.9702727885181692,35.16530285393865,0.2701233165829698,1.4113368881253106e-05,2.063573387514452,0.1724570115472162
NII_5755,5756.24,3.1530201394854203,3.1530201394854203,38.40557939793429,34.83073802524534,0.2701233165829698,1.4113368881253106e-05,2.063573387514452,0.1724570115472162
HeI_5876,5877.594,1.085051534880904,1.085051534880904,13.216545099683376,35.10122277370033,0.2701233165829698,1.4113368881253106e-05,2.063573387514452,0.1724570115472162
HeII_4686,4687.02,0.0,0.0,0.0,10000000000.0,0.2701233165829698,1.4113368881253106e-05,2.063573387514452,0.1724570115472162
NeIII_3869,3870.16,0.0,10000000000.0,0.0,10000000000.0,0.2701233165829698,1.4113368881253106e-05,2.063573387514452,0.1724570115472162
