line,wl,amp,amp_err,flux,flux_err,z,zerr,FWHM,FWHMerr
HI_6563,6564.61,91.00645194013896,91.00645194013896,1723.3463703057532,57.486905639104926,0.26987152824443866,4.943108106754292e-06,3.208135719163211,0.0623171620569399
HI_4861,4862.683,31.24089535392568,31.24089535392568,591.5941393770975,45.488649642864694,0.26987152824443866,4.943108106754292e-06,3.208135719163211,0.0623171620569399
HI_4341,4341.684,12.985202728993158,12.985202728993158,245.89467574688257,43.96234570458401,0.26987152824443866,4.943108106754292e-06,3.208135719163211,0.0623171620569399
HI_4102,4102.892,6.9179328420831325,6.9179328420831325,131.0016399855345,43.72966745628109,0.26987152824443866,4.943108106754292e-06,3.208135719163211,0.0623171620569399
OIII_4363,4364.436,5.231158118200369,5.231158118200369,99.05998051023805,43.689668038257665,0.26987152824443866,4.943108106754292e-06,3.208135719163211,0.0623171620569399
OIII_5007,5008.24,120.05896796231627,120.05896796231627,2273.5001997067916,65.89103789639857,0.26987152824443866,4.943108106754292e-06,3.208135719163211,0.0623171620569399
OIII_4959,4960.295,36.82977903665892,36.82977903665892,697.4282006262353,46.19106232569216,0.26987152824443866,4.943108106754292e-06,3.208135719163211,0.0623171620569399
OII_3726,3727.092,38.402457602195,38.402457602195,727.209274822568,47.98222124606022,0.26987152824443866,4.943108106754292e-06,3.208135719163211,0.0623171620569399
OII_3729,3729.875,40.19270094658782,40.19270094658782,761.1102708920857,48.19025637971798,0.26987152824443866,4.943108106754292e-06,3.208135719163211,0.0623171620569399
OI_6300,6302.046,0.3416257048816078,0.3416257048816078,6.469205270172675,43.63747805064946,0.26987152824443866,4.943108106754292e-06,3.208135719163211,0.0623171620569399
SII_6717,6718.29,5.753147273188574,5.753147273188574,108.94464359082487,43.70105887371776,0.26987152824443866,4.943108106754292e-06,3.208135719163211,0.0623171620569399
SII_6731,6732.67,4.793803978898609,4.793803978898609,90.77801090878987,43.681345709374824,0.26987152824443866,4.943108106754292e-06,3.208135719163211,0.0623171620569399
NII_6548,6549.85,0.0,0.0,0.0,10000000000.0,0.26987152824443866,4.943108106754292e-06,3.208135719163211,0.0623171620569399
NII_6584,6585.28,9.485364337330907,9.485364337330907,179.61988247293817,43.810731839444294,0.26987152824443866,4.943108106754292e-06,3.208135719163211,0.0623171620569399
NII_5755,5756.24,0.0,0.0,0.0,10000000000.0,0.26987152824443866,4.943108106754292e-06,3.208135719163211,0.0623171620569399
HeI_5876,5877.594,4.663834005462945,4.663834005462945,88.31683066064203,43.678972284232685,0.26987152824443866,4.943108106754292e-06,3.208135719163211,0.0623171620569399
HeII_4686,4687.02,0.0,0.0,0.0,10000000000.0,0.26987152824443866,4.943108106754292e-06,3.208135719163211,0.0623171620569399
NeIII_3869,3870.16,9.593201539300708,2.306256605468216,181.66194483925068,43.8148252184204,0.26987152824443866,4.943108106754292e-06,3.208135719163211,0.0623171620569399
