line,wl,amp,amp_err,flux,flux_err,z,zerr,FWHM,FWHMerr
HI_6563,6564.61,0.0,0.0,0.0,10000000000.0,0.2702113719627382,2.2948050707677113e-05,1.3815395048947465,0.4210194645578652
HI_4861,4862.683,0.0,0.0,0.0,10000000000.0,0.2702113719627382,2.2948050707677113e-05,1.3815395048947465,0.4210194645578652
HI_4341,4341.684,0.0,0.0,0.0,10000000000.0,0.2702113719627382,2.2948050707677113e-05,1.3815395048947465,0.4210194645578652
HI_4102,4102.892,3.297614744672046,3.297614744672046,26.891243330297428,33.813858364433045,0.2702113719627382,2.2948050707677113e-05,1.3815395048947465,0.4210194645578652
OIII_4363,4364.436,2.442447347924599,2.442447347924599,19.917561947040618,28.36000925754417,0.2702113719627382,2.2948050707677113e-05,1.3815395048947465,0.4210194645578652
OIII_5007,5008.24,0.0,0.0,0.0,10000000000.0,0.2702113719627382,2.2948050707677113e-05,1.3815395048947465,0.4210194645578652
OIII_4959,4960.295,34.8914547492725,34.8914547492725,284.5312968492509,129.20484389083921,0.2702113719627382,2.2948050707677113e-05,1.3815395048947465,0.4210194645578652
OII_3726,3727.092,10.825666831383046,10.825666831383046,88.28067058039656,52.62736201632231,0.2702113719627382,2.2948050707677113e-05,1.3815395048947465,0.4210194645578652
OII_3729,3729.875,0.0,0.0,0.0,10000000000.0,0.2702113719627382,2.2948050707677113e-05,1.3815395048947465,0.4210194645578652
OI_6300,6302.046,2.1927072012255167,2.1927072012255167,17.880992009609344,27.589832050443974,0.2702113719627382,2.2948050707677113e-05,1.3815395048947465,0.4210194645578652
SII_6717,6718.29,1.5498621902778495,1.5498621902778495,12.63874785692539,27.14910839165322,0.2702113719627382,2.2948050707677113e-05,1.3815395048947465,0.4210194645578652
SII_6731,6732.67,0.0,0.0,0.0,10000000000.0,0.2702113719627382,2.2948050707677113e-05,1.3815395048947465,0.4210194645578652
NII_6548,6549.85,0.0,0.0,0.0,10000000000.0,0.2702113719627382,2.2948050707677113e-05,1.3815395048947465,0.4210194645578652
NII_6584,6585.28,0.0,0.0,0.0,10000000000.0,0.2702113719627382,2.2948050707677113e-05,1.3815395048947465,0.4210194645578652
NII_5755,5756.24,2.2688443129602547,2.2688443129602547,18.50187157155117,34.37839212337362,0.2702113719627382,2.2948050707677113e-05,1.3815395048947465,0.4210194645578652
HeI_5876,5877.594,4.549949218870779,4.549949218870779,37.10372528593213,32.29753181064171,0.2702113719627382,2.2948050707677113e-05,1.3815395048947465,0.4210194645578652
HeII_4686,4687.02,0.0,0.0,0.0,10000000000.0,0.2702113719627382,2.2948050707677113e-05,1.3815395048947465,0.4210194645578652
NeIII_3869,3870.16,5.705175397845892,3.411177997536192,46.52431279711486,31.222151907710618,0.2702113719627382,2.2948050707677113e-05,1.3815395048947465,0.4210194645578652
