line,wl,amp,amp_err,flux,flux_err,z,zerr,FWHM,FWHMerr
HI_6563,6564.61,45.90633470176749,45.90633470176749,1540.8823661583367,93.14163546721306,0.2694220871384476,1.7424894866150227e-05,5.686554530907831,0.21962213569089517
HI_4861,4862.683,12.002356758231713,12.002356758231713,402.8685801480143,67.46241000089155,0.2694220871384476,1.7424894866150227e-05,5.686554530907831,0.21962213569089517
HI_4341,4341.684,6.144485142223971,6.144485142223971,206.2444947148063,65.78658979458817,0.2694220871384476,1.7424894866150227e-05,5.686554530907831,0.21962213569089517
HI_4102,4102.892,0.08898864934576523,0.08898864934576523,2.986974269585016,65.18115744657202,0.2694220871384476,1.7424894866150227e-05,5.686554530907831,0.21962213569089517
OIII_4363,4364.436,0.04943078030919423,0.04943078030919423,1.6591831654325373,65.18109823951818,0.2694220871384476,1.7424894866150227e-05,5.686554530907831,0.21962213569089517
OIII_5007,5008.24,38.890494793684866,38.890494793684866,1305.3901608148722,86.17238951830421,0.2694220871384476,1.7424894866150227e-05,5.686554530907831,0.21962213569089517
OIII_4959,4960.295,15.277847281203776,15.277847281203776,512.8130054687332,68.8393322822795,0.2694220871384476,1.7424894866150227e-05,5.686554530907831,0.21962213569089517
OII_3726,3727.092,31.25734591011178,31.25734591011178,1049.1774923592022,96.84014637519043,0.2694220871384476,1.7424894866150227e-05,5.686554530907831,0.21962213569089517
OII_3729,3729.875,25.76955561991099,25.76955561991099,864.9754787965782,95.21112016411226,0.2694220871384476,1.7424894866150227e-05,5.686554530907831,0.21962213569089517
OI_6300,6302.046,4.855851115304972,4.855851115304972,162.99047625720465,65.55988038238242,0.2694220871384476,1.7424894866150227e-05,5.686554530907831,0.21962213569089517
SII_6717,6718.29,5.469961808194398,5.469961808194398,183.60358648894268,65.66139097340695,0.2694220871384476,1.7424894866150227e-05,5.686554530907831,0.21962213569089517
SII_6731,6732.67,3.5413309791939582,3.5413309791939582,118.86757010814257,65.38280336278251,0.2694220871384476,1.7424894866150227e-05,5.686554530907831,0.21962213569089517
NII_6548,6549.85,1.9846294529943407,1.9846294529943407,66.61565440465677,65.24447710471955,0.2694220871384476,1.7424894866150227e-05,5.686554530907831,0.21962213569089517
NII_6584,6585.28,3.841908339171823,3.841908339171823,128.9566864940449,65.41843914194013,0.2694220871384476,1.7424894866150227e-05,5.686554530907831,0.21962213569089517
NII_5755,5756.24,1.923084100172332,1.923084100172332,64.54983604868212,65.2405950992598,0.2694220871384476,1.7424894866150227e-05,5.686554530907831,0.21962213569089517
HeI_5876,5877.594,2.4910312455955363,2.4910312455955363,83.61343036475994,65.28094627689254,0.2694220871384476,1.7424894866150227e-05,5.686554530907831,0.21962213569089517
HeII_4686,4687.02,0.0,0.0,0.0,10000000000.0,0.2694220871384476,1.7424894866150227e-05,5.686554530907831,0.21962213569089517
NeIII_3869,3870.16,5.633002461253113,1.9449328156164607,189.07617472534224,65.69034547369725,0.2694220871384476,1.7424894866150227e-05,5.686554530907831,0.21962213569089517
