line,wl,amp,amp_err,flux,flux_err,z,zerr,FWHM,FWHMerr
HI_6563,6564.61,0.7517578318514779,0.7517578318514779,15.040506200855837,48.66505860398206,0.26842979669726597,4.683384783702189e-05,3.389509328908726,0.5448896086829296
HI_4861,4862.683,0.0,0.0,0.0,10000000000.0,0.26842979669726597,4.683384783702189e-05,3.389509328908726,0.5448896086829296
HI_4341,4341.684,0.0,0.0,0.0,10000000000.0,0.26842979669726597,4.683384783702189e-05,3.389509328908726,0.5448896086829296
HI_4102,4102.892,2.481923423643366,2.481923423643366,49.65613002184515,49.40304364857708,0.26842979669726597,4.683384783702189e-05,3.389509328908726,0.5448896086829296
OIII_4363,4364.436,0.0,0.0,0.0,10000000000.0,0.26842979669726597,4.683384783702189e-05,3.389509328908726,0.5448896086829296
OIII_5007,5008.24,3.321571649010366,3.321571649010366,66.455069527493,50.03676355303444,0.26842979669726597,4.683384783702189e-05,3.389509328908726,0.5448896086829296
OIII_4959,4960.295,1.3919911649591086,1.3919911649591086,27.84972881032826,48.847181149216524,0.26842979669726597,4.683384783702189e-05,3.389509328908726,0.5448896086829296
OII_3726,3727.092,0.0,0.0,0.0,10000000000.0,0.26842979669726597,4.683384783702189e-05,3.389509328908726,0.5448896086829296
OII_3729,3729.875,18.418981009203094,18.418981009203094,368.51069100281353,79.6633561930954,0.26842979669726597,4.683384783702189e-05,3.389509328908726,0.5448896086829296
OI_6300,6302.046,0.0,0.0,0.0,10000000000.0,0.26842979669726597,4.683384783702189e-05,3.389509328908726,0.5448896086829296
SII_6717,6718.29,0.0,0.0,0.0,10000000000.0,0.26842979669726597,4.683384783702189e-05,3.389509328908726,0.5448896086829296
SII_6731,6732.67,0.0,0.0,0.0,10000000000.0,0.26842979669726597,4.683384783702189e-05,3.389509328908726,0.5448896086829296
NII_6548,6549.85,3.819915978559038,3.819915978559038,76.42550237323816,50.49490041766017,0.26842979669726597,4.683384783702189e-05,3.389509328908726,0.5448896086829296
NII_6584,6585.28,0.0,0.0,0.0,10000000000.0,0.26842979669726597,4.683384783702189e-05,3.389509328908726,0.5448896086829296
NII_5755,5756.24,1.529020456160083,1.529020456160083,30.591289744826536,48.8999721213897,0.26842979669726597,4.683384783702189e-05,3.389509328908726,0.5448896086829296
HeI_5876,5877.594,0.0,0.0,0.0,10000000000.0,0.26842979669726597,4.683384783702189e-05,3.389509328908726,0.5448896086829296
HeII_4686,4687.02,0.0,0.0,0.0,10000000000.0,0.26842979669726597,4.683384783702189e-05,3.389509328908726,0.5448896086829296
NeIII_3869,3870.16,0.0,10000000000.0,0.0,10000000000.0,0.26842979669726597,4.683384783702189e-05,3.389509328908726,0.5448896086829296
