line,wl,amp,amp_err,flux,flux_err,z,zerr,FWHM,FWHMerr
HI_6563,6564.61,50.50738545975946,50.50738545975946,1092.7457046220584,60.37271720758936,0.2693712754240945,9.05271765465247e-06,3.665359376477886,0.10941663958981963
HI_4861,4862.683,19.021254561398905,19.021254561398905,411.53177954641205,50.034095191013776,0.2693712754240945,9.05271765465247e-06,3.665359376477886,0.10941663958981963
HI_4341,4341.684,6.655850436330752,6.655850436330752,144.0017515993179,48.35147066984094,0.2693712754240945,9.05271765465247e-06,3.665359376477886,0.10941663958981963
HI_4102,4102.892,7.24653148088521,7.24653148088521,156.78135142146297,48.39575263574409,0.2693712754240945,9.05271765465247e-06,3.665359376477886,0.10941663958981963
OIII_4363,4364.436,0.3450039687947992,0.3450039687947992,7.464286688893182,48.11267504722442,0.2693712754240945,9.05271765465247e-06,3.665359376477886,0.10941663958981963
OIII_5007,5008.24,73.84866886003829,73.84866886003829,1597.7428836255567,71.82094881820574,0.2693712754240945,9.05271765465247e-06,3.665359376477886,0.10941663958981963
OIII_4959,4960.295,21.709437693073937,21.709437693073937,469.6916019889289,50.6014413186068,0.2693712754240945,9.05271765465247e-06,3.665359376477886,0.10941663958981963
OII_3726,3727.092,36.822232079801324,36.822232079801324,796.662420228772,59.87579441227239,0.2693712754240945,9.05271765465247e-06,3.665359376477886,0.10941663958981963
OII_3729,3729.875,45.77846423143296,45.77846423143296,990.4337691949726,62.21239412295093,0.2693712754240945,9.05271765465247e-06,3.665359376477886,0.10941663958981963
OI_6300,6302.046,1.5351947263682177,1.5351947263682177,33.214497795255625,48.12480392762152,0.2693712754240945,9.05271765465247e-06,3.665359376477886,0.10941663958981963
SII_6717,6718.29,8.135329767235817,8.135329767235817,176.01082649415065,48.46933670936585,0.2693712754240945,9.05271765465247e-06,3.665359376477886,0.10941663958981963
SII_6731,6732.67,6.697366803631553,6.697366803631553,144.8999733470187,48.35446793141596,0.2693712754240945,9.05271765465247e-06,3.665359376477886,0.10941663958981963
NII_6548,6549.85,4.596050413871808,4.596050413871808,99.43722689796049,48.2263702392741,0.2693712754240945,9.05271765465247e-06,3.665359376477886,0.10941663958981963
NII_6584,6585.28,1.9939823865485096,1.9939823865485096,43.14053614453916,48.13357147341461,0.2693712754240945,9.05271765465247e-06,3.665359376477886,0.10941663958981963
NII_5755,5756.24,0.14502885901356422,0.14502885901356422,3.1377522572332563,48.11214668394946,0.2693712754240945,9.05271765465247e-06,3.665359376477886,0.10941663958981963
HeI_5876,5877.594,0.23849913412163914,0.23849913412163914,5.160015748095756,48.11232891160502,0.2693712754240945,9.05271765465247e-06,3.665359376477886,0.10941663958981963
HeII_4686,4687.02,2.1600499167107046e-12,2.1600499167107046e-12,4.6733467724941684e-11,48.11202837884757,0.2693712754240945,9.05271765465247e-06,3.665359376477886,0.10941663958981963
NeIII_3869,3870.16,6.358778544665142,2.225792494577322,137.57449288009198,48.33063303227656,0.2693712754240945,9.05271765465247e-06,3.665359376477886,0.10941663958981963
