line,wl,amp,amp_err,flux,flux_err,z,zerr,FWHM,FWHMerr
HI_6563,6564.61,26.758132052886822,26.758132052886822,767.6911599613679,74.0885845899255,0.2691786747896478,2.2784308234457612e-05,4.860523965483179,0.2846191294033431
HI_4861,4862.683,10.533558885870661,10.533558885870661,302.2079427529771,57.917051328927926,0.2691786747896478,2.2784308234457612e-05,4.860523965483179,0.2846191294033431
HI_4341,4341.684,2.416242489045885,2.416242489045885,69.32202873867864,54.62150039981122,0.2691786747896478,2.2784308234457612e-05,4.860523965483179,0.2846191294033431
HI_4102,4102.892,1.4263748439119581,1.4263748439119581,40.92271300172276,54.49850527868087,0.2691786747896478,2.2784308234457612e-05,4.860523965483179,0.2846191294033431
OIII_4363,4364.436,0.0,0.0,0.0,10000000000.0,0.2691786747896478,2.2784308234457612e-05,4.860523965483179,0.2846191294033431
OIII_5007,5008.24,27.308179496255434,27.308179496255434,783.4720283343482,74.79355562991645,0.2691786747896478,2.2784308234457612e-05,4.860523965483179,0.2846191294033431
OIII_4959,4960.295,5.198324085731201,5.198324085731201,149.13998627940708,55.30147054041505,0.2691786747896478,2.2784308234457612e-05,4.860523965483179,0.2846191294033431
OII_3726,3727.092,9.245115088729563,9.245115088729563,265.2424732942984,71.84861816664218,0.2691786747896478,2.2784308234457612e-05,4.860523965483179,0.2846191294033431
OII_3729,3729.875,26.468084052863787,26.468084052863787,759.3696790320543,79.77861313610677,0.2691786747896478,2.2784308234457612e-05,4.860523965483179,0.2846191294033431
OI_6300,6302.046,0.0,0.0,0.0,10000000000.0,0.2691786747896478,2.2784308234457612e-05,4.860523965483179,0.2846191294033431
SII_6717,6718.29,0.7269783600230539,0.7269783600230539,20.857018695096123,54.449736913913895,0.2691786747896478,2.2784308234457612e-05,4.860523965483179,0.2846191294033431
SII_6731,6732.67,0.21280342970442234,0.21280342970442234,6.105333192565675,54.43408953866547,0.2691786747896478,2.2784308234457612e-05,4.860523965483179,0.2846191294033431
NII_6548,6549.85,3.0927318316214496,3.0927318316214496,88.73051686022932,54.741713900542955,0.2691786747896478,2.2784308234457612e-05,4.860523965483179,0.2846191294033431
NII_6584,6585.28,6.571693467022783,6.571693467022783,188.54197186253054,55.81471317085667,0.2691786747896478,2.2784308234457612e-05,4.860523965483179,0.2846191294033431
NII_5755,5756.24,3.5782544928762263,3.5782544928762263,102.6601683870816,54.846010492591304,0.2691786747896478,2.2784308234457612e-05,4.860523965483179,0.2846191294033431
HeI_5876,5877.594,2.0016311485520646,2.0016311485520646,57.42682393560273,54.56231193618065,0.2691786747896478,2.2784308234457612e-05,4.860523965483179,0.2846191294033431
HeII_4686,4687.02,0.0,0.0,0.0,10000000000.0,0.2691786747896478,2.2784308234457612e-05,4.860523965483179,0.2846191294033431
NeIII_3869,3870.16,3.5072147113843357,1.9000441954567664,100.62203612324788,54.829805391856254,0.2691786747896478,2.2784308234457612e-05,4.860523965483179,0.2846191294033431
