line,wl,amp,amp_err,flux,flux_err,z,zerr,FWHM,FWHMerr
HI_6563,6564.61,15.57379422552367,15.57379422552367,448.92608971396044,66.51523883096318,0.26916492368043915,3.4661446882967154e-05,4.883517577097946,0.43737533712923105
HI_4861,4862.683,9.625322452640262,9.625322452640262,277.4570094048153,56.35091858204263,0.26916492368043915,3.4661446882967154e-05,4.883517577097946,0.43737533712923105
HI_4341,4341.684,0.0,0.0,0.0,10000000000.0,0.26916492368043915,3.4661446882967154e-05,4.883517577097946,0.43737533712923105
HI_4102,4102.892,2.935373365195119,2.935373365195119,84.61429935473825,49.75275586790949,0.26916492368043915,3.4661446882967154e-05,4.883517577097946,0.43737533712923105
OIII_4363,4364.436,2.251620545241508,2.251620545241508,64.90462068891867,49.45470546488989,0.26916492368043915,3.4661446882967154e-05,4.883517577097946,0.43737533712923105
OIII_5007,5008.24,12.809973480054737,12.809973480054737,369.25692098305205,61.40596416916641,0.26916492368043915,3.4661446882967154e-05,4.883517577097946,0.43737533712923105
OIII_4959,4960.295,5.8701519437477145,5.8701519437477145,169.21145354640478,51.870918867856325,0.26916492368043915,3.4661446882967154e-05,4.883517577097946,0.43737533712923105
OII_3726,3727.092,0.31499566632510323,0.31499566632510323,9.079982097645644,60.57751467558902,0.26916492368043915,3.4661446882967154e-05,4.883517577097946,0.43737533712923105
OII_3729,3729.875,14.348967249749762,14.348967249749762,413.61954996854604,68.29289622312857,0.26916492368043915,3.4661446882967154e-05,4.883517577097946,0.43737533712923105
OI_6300,6302.046,0.0,0.0,0.0,10000000000.0,0.26916492368043915,3.4661446882967154e-05,4.883517577097946,0.43737533712923105
SII_6717,6718.29,1.896784408231838,1.896784408231838,54.67620767856235,49.33058066765358,0.26916492368043915,3.4661446882967154e-05,4.883517577097946,0.43737533712923105
SII_6731,6732.67,2.8300094157257263,2.8300094157257263,81.57710590353716,49.70167603800595,0.26916492368043915,3.4661446882967154e-05,4.883517577097946,0.43737533712923105
NII_6548,6549.85,0.0,0.0,0.0,10000000000.0,0.26916492368043915,3.4661446882967154e-05,4.883517577097946,0.43737533712923105
NII_6584,6585.28,3.8909386207014904,3.8909386207014904,112.15917168379154,50.29573700292723,0.26916492368043915,3.4661446882967154e-05,4.883517577097946,0.43737533712923105
NII_5755,5756.24,0.0,0.0,0.0,10000000000.0,0.26916492368043915,3.4661446882967154e-05,4.883517577097946,0.43737533712923105
HeI_5876,5877.594,0.22685692665004353,0.22685692665004353,6.539318006309816,49.03020337762267,0.26916492368043915,3.4661446882967154e-05,4.883517577097946,0.43737533712923105
HeII_4686,4687.02,0.0,0.0,0.0,10000000000.0,0.26916492368043915,3.4661446882967154e-05,4.883517577097946,0.43737533712923105
NeIII_3869,3870.16,0.0,10000000000.0,0.0,10000000000.0,0.26916492368043915,3.4661446882967154e-05,4.883517577097946,0.43737533712923105
