line,wl,amp,amp_err,flux,flux_err,z,zerr,FWHM,FWHMerr
HI_6563,6564.61,1.714030908849736,1.714030908849736,3.4992843600541725,7.4078169720870415,0.27060744590552466,3.7552517517377274e-06,0.34587002738163397,0.3907935021781457
HI_4861,4862.683,3.4864423090014043,3.4864423090014043,7.11775556737601,10.096834665242698,0.27060744590552466,3.7552517517377274e-06,0.34587002738163397,0.3907935021781457
HI_4341,4341.684,0.0,0.0,0.0,10000000000.0,0.27060744590552466,3.7552517517377274e-06,0.34587002738163397,0.3907935021781457
HI_4102,4102.892,7.881272403119965,7.881272403119965,16.090032633117474,359.53193427864574,0.27060744590552466,3.7552517517377274e-06,0.34587002738163397,0.3907935021781457
OIII_4363,4364.436,17715.057743727222,17715.057743727222,36166.22324604515,684842.1908209405,0.27060744590552466,3.7552517517377274e-06,0.34587002738163397,0.3907935021781457
OIII_5007,5008.24,3.6761436750308576,3.6761436750308576,7.505040895662918,11.15532321506022,0.27060744590552466,3.7552517517377274e-06,0.34587002738163397,0.3907935021781457
OIII_4959,4960.295,0.0,0.0,0.0,10000000000.0,0.27060744590552466,3.7552517517377274e-06,0.34587002738163397,0.3907935021781457
OII_3726,3727.092,291.36895513089894,291.36895513089894,594.845065179781,5350.032500393983,0.27060744590552466,3.7552517517377274e-06,0.34587002738163397,0.3907935021781457
OII_3729,3729.875,49999.93977346792,49999.93977346792,102077.51000847641,2092771.1771010873,0.27060744590552466,3.7552517517377274e-06,0.34587002738163397,0.3907935021781457
OI_6300,6302.046,4.449852533218859,4.449852533218859,9.084608272606875,13.34022139755769,0.27060744590552466,3.7552517517377274e-06,0.34587002738163397,0.3907935021781457
SII_6717,6718.29,11.304177672286983,11.304177672286983,23.07807398785667,69.06898841708293,0.27060744590552466,3.7552517517377274e-06,0.34587002738163397,0.3907935021781457
SII_6731,6732.67,0.0,0.0,0.0,10000000000.0,0.27060744590552466,3.7552517517377274e-06,0.34587002738163397,0.3907935021781457
NII_6548,6549.85,0.9247890806919941,0.9247890806919941,1.8880056069619395,6.657576180141783,0.27060744590552466,3.7552517517377274e-06,0.34587002738163397,0.3907935021781457
NII_6584,6585.28,1.1894163599976082,1.1894163599976082,2.428256132746946,6.720970066504443,0.27060744590552466,3.7552517517377274e-06,0.34587002738163397,0.3907935021781457
NII_5755,5756.24,34.44027118455756,34.44027118455756,70.31162722323577,434.2705126676668,0.27060744590552466,3.7552517517377274e-06,0.34587002738163397,0.3907935021781457
HeI_5876,5877.594,0.0,0.0,0.0,10000000000.0,0.27060744590552466,3.7552517517377274e-06,0.34587002738163397,0.3907935021781457
HeII_4686,4687.02,0.0,0.0,0.0,10000000000.0,0.27060744590552466,3.7552517517377274e-06,0.34587002738163397,0.3907935021781457
NeIII_3869,3870.16,0.0,10000000000.0,0.0,10000000000.0,0.27060744590552466,3.7552517517377274e-06,0.34587002738163397,0.3907935021781457
