line,wl,amp,amp_err,flux,flux_err,z,zerr,FWHM,FWHMerr
HI_6563,6564.61,0.0,0.0,0.0,10000000000.0,0.2701838988984231,1.0552404305849736e-05,1.3612196622675228,0.35679891905989103
HI_4861,4862.683,6.105671876184829,6.105671876184829,49.057942869232825,35.157915051595744,0.2701838988984231,1.0552404305849736e-05,1.3612196622675228,0.35679891905989103
HI_4341,4341.684,0.0,0.0,0.0,10000000000.0,0.2701838988984231,1.0552404305849736e-05,1.3612196622675228,0.35679891905989103
HI_4102,4102.892,1.2783771581139263,1.2783771581139263,10.271523733973211,29.933562055321428,0.2701838988984231,1.0552404305849736e-05,1.3612196622675228,0.35679891905989103
OIII_4363,4364.436,1.299579108208036,1.299579108208036,10.441877476775892,26.36918418454896,0.2701838988984231,1.0552404305849736e-05,1.3612196622675228,0.35679891905989103
OIII_5007,5008.24,3.296367426277925,3.296367426277925,26.485701844723103,30.002779329638475,0.2701838988984231,1.0552404305849736e-05,1.3612196622675228,0.35679891905989103
OIII_4959,4960.295,43.00958464727387,43.00958464727387,345.57404807246513,143.4979565923056,0.2701838988984231,1.0552404305849736e-05,1.3612196622675228,0.35679891905989103
OII_3726,3727.092,10.177374770805272,10.177374770805272,81.77332162450166,44.79579593154528,0.2701838988984231,1.0552404305849736e-05,1.3612196622675228,0.35679891905989103
OII_3729,3729.875,0.39401463249612334,0.39401463249612334,3.1658346079866293,28.881055956557677,0.2701838988984231,1.0552404305849736e-05,1.3612196622675228,0.35679891905989103
OI_6300,6302.046,0.0,0.0,0.0,10000000000.0,0.2701838988984231,1.0552404305849736e-05,1.3612196622675228,0.35679891905989103
SII_6717,6718.29,0.0,0.0,0.0,10000000000.0,0.2701838988984231,1.0552404305849736e-05,1.3612196622675228,0.35679891905989103
SII_6731,6732.67,0.0,0.0,0.0,10000000000.0,0.2701838988984231,1.0552404305849736e-05,1.3612196622675228,0.35679891905989103
NII_6548,6549.85,0.0,0.0,0.0,10000000000.0,0.2701838988984231,1.0552404305849736e-05,1.3612196622675228,0.35679891905989103
NII_6584,6585.28,0.0,0.0,0.0,10000000000.0,0.2701838988984231,1.0552404305849736e-05,1.3612196622675228,0.35679891905989103
NII_5755,5756.24,0.08503260441034399,0.08503260441034399,0.6832212299936656,30.834094201236628,0.2701838988984231,1.0552404305849736e-05,1.3612196622675228,0.35679891905989103
HeI_5876,5877.594,2.2680172294030854,2.2680172294030854,18.223098444002286,32.46030848955918,0.2701838988984231,1.0552404305849736e-05,1.3612196622675228,0.35679891905989103
HeII_4686,4687.02,0.0,0.0,0.0,10000000000.0,0.2701838988984231,1.0552404305849736e-05,1.3612196622675228,0.35679891905989103
NeIII_3869,3870.16,15.213196608154021,3.92081825066616,122.23521754784745,44.93328045793783,0.2701838988984231,1.0552404305849736e-05,1.3612196622675228,0.35679891905989103
