line,wl,amp,amp_err,flux,flux_err,z,zerr,FWHM,FWHMerr
HI_6563,6564.61,4.6072423220344945,4.6072423220344945,32.53184499249237,34.418870112977224,0.26973385993766164,2.1679490716094312e-05,1.196244574721711,0.34703832357593445
HI_4861,4862.683,0.23188288426058534,0.23188288426058534,1.6373304288987933,32.37143004035481,0.26973385993766164,2.1679490716094312e-05,1.196244574721711,0.34703832357593445
HI_4341,4341.684,2.699571545771505,2.699571545771505,19.061737354939176,31.60942670206906,0.26973385993766164,2.1679490716094312e-05,1.196244574721711,0.34703832357593445
HI_4102,4102.892,0.0,0.0,0.0,10000000000.0,0.26973385993766164,2.1679490716094312e-05,1.196244574721711,0.34703832357593445
OIII_4363,4364.436,4.199194333562218,4.199194333562218,29.65060867310196,36.942910495940396,0.26973385993766164,2.1679490716094312e-05,1.196244574721711,0.34703832357593445
OIII_5007,5008.24,8.029951755174238,8.029951755174238,56.69967575770254,43.33413945883567,0.26973385993766164,2.1679490716094312e-05,1.196244574721711,0.34703832357593445
OIII_4959,4960.295,0.0,0.0,0.0,10000000000.0,0.26973385993766164,2.1679490716094312e-05,1.196244574721711,0.34703832357593445
OII_3726,3727.092,0.0,0.0,0.0,10000000000.0,0.26973385993766164,2.1679490716094312e-05,1.196244574721711,0.34703832357593445
OII_3729,3729.875,2.8030361282519607,2.8030361282519607,19.79230317375219,23.823573196247718,0.26973385993766164,2.1679490716094312e-05,1.196244574721711,0.34703832357593445
OI_6300,6302.046,0.14366965434646772,0.14366965434646772,1.0144547646151036,29.255004917168066,0.26973385993766164,2.1679490716094312e-05,1.196244574721711,0.34703832357593445
SII_6717,6718.29,0.0,0.0,0.0,10000000000.0,0.26973385993766164,2.1679490716094312e-05,1.196244574721711,0.34703832357593445
SII_6731,6732.67,5.3412964490547665,5.3412964490547665,37.715018224365636,25.543538465893175,0.26973385993766164,2.1679490716094312e-05,1.196244574721711,0.34703832357593445
NII_6548,6549.85,0.0,0.0,0.0,10000000000.0,0.26973385993766164,2.1679490716094312e-05,1.196244574721711,0.34703832357593445
NII_6584,6585.28,1.9020468035878366,1.9020468035878366,13.430396635934057,31.724155543891023,0.26973385993766164,2.1679490716094312e-05,1.196244574721711,0.34703832357593445
NII_5755,5756.24,0.2001930043146558,0.2001930043146558,1.413567450923624,26.470613733463452,0.26973385993766164,2.1679490716094312e-05,1.196244574721711,0.34703832357593445
HeI_5876,5877.594,3.9866335570751517,3.9866335570751517,28.14971209575252,36.82254564203431,0.26973385993766164,2.1679490716094312e-05,1.196244574721711,0.34703832357593445
HeII_4686,4687.02,0.0,0.0,0.0,10000000000.0,0.26973385993766164,2.1679490716094312e-05,1.196244574721711,0.34703832357593445
NeIII_3869,3870.16,0.0,10000000000.0,0.0,10000000000.0,0.26973385993766164,2.1679490716094312e-05,1.196244574721711,0.34703832357593445
