line,wl,amp,amp_err,flux,flux_err,z,zerr,FWHM,FWHMerr
HI_6563,6564.61,16.691258447245104,16.691258447245104,420.6581253940063,64.43154412491184,0.26932653843539134,1.2790106707322304e-05,4.269652619714622,0.40978835313103795
HI_4861,4862.683,8.515383196351763,8.515383196351763,214.60725347405872,51.423730855799704,0.26932653843539134,1.2790106707322304e-05,4.269652619714622,0.40978835313103795
HI_4341,4341.684,4.168557187898614,4.168557187898614,105.05723446805551,47.341803828066894,0.26932653843539134,1.2790106707322304e-05,4.269652619714622,0.40978835313103795
HI_4102,4102.892,0.0,0.0,0.0,10000000000.0,0.26932653843539134,1.2790106707322304e-05,4.269652619714622,0.40978835313103795
OIII_4363,4364.436,0.07181431317394527,0.07181431317394527,1.8098859622652328,45.98085175488365,0.26932653843539134,1.2790106707322304e-05,4.269652619714622,0.40978835313103795
OIII_5007,5008.24,15.199648932578953,15.199648932578953,383.06613290030134,61.67274907287686,0.26932653843539134,1.2790106707322304e-05,4.269652619714622,0.40978835313103795
OIII_4959,4960.295,2.6039234012816905,2.6039234012816905,65.62486226636376,46.51660363219917,0.26932653843539134,1.2790106707322304e-05,4.269652619714622,0.40978835313103795
OII_3726,3727.092,7.957636546832987,7.957636546832987,200.55075433273242,57.57238773246417,0.26932653843539134,1.2790106707322304e-05,4.269652619714622,0.40978835313103795
OII_3729,3729.875,11.41036045812723,11.41036045812723,287.567342843338,60.25708756457902,0.26932653843539134,1.2790106707322304e-05,4.269652619714622,0.40978835313103795
OI_6300,6302.046,0.0,0.0,0.0,10000000000.0,0.26932653843539134,1.2790106707322304e-05,4.269652619714622,0.40978835313103795
SII_6717,6718.29,0.6302944734355833,0.6302944734355833,15.884871262380814,46.01199800657041,0.26932653843539134,1.2790106707322304e-05,4.269652619714622,0.40978835313103795
SII_6731,6732.67,3.0526051113988615,3.0526051113988615,76.93267393754533,46.715523886980826,0.26932653843539134,1.2790106707322304e-05,4.269652619714622,0.40978835313103795
NII_6548,6549.85,0.0,0.0,0.0,10000000000.0,0.26932653843539134,1.2790106707322304e-05,4.269652619714622,0.40978835313103795
NII_6584,6585.28,1.6609092394105573,1.6609092394105573,41.85873517615721,46.19928444443579,0.26932653843539134,1.2790106707322304e-05,4.269652619714622,0.40978835313103795
NII_5755,5756.24,0.0,0.0,0.0,10000000000.0,0.26932653843539134,1.2790106707322304e-05,4.269652619714622,0.40978835313103795
HeI_5876,5877.594,0.6194474220021675,0.6194474220021675,15.611500603334662,46.01092138486785,0.26932653843539134,1.2790106707322304e-05,4.269652619714622,0.40978835313103795
HeII_4686,4687.02,0.0,0.0,0.0,10000000000.0,0.26932653843539134,1.2790106707322304e-05,4.269652619714622,0.40978835313103795
NeIII_3869,3870.16,0.5945545164073565,1.8246759778157795,14.984142094914255,46.00851591407832,0.26932653843539134,1.2790106707322304e-05,4.269652619714622,0.40978835313103795
