line,wl,amp,amp_err,flux,flux_err,z,zerr,FWHM,FWHMerr
HI_6563,6564.61,31.139999530416844,31.139999530416844,690.0884437916703,65.92819622994615,0.2698849235391752,1.5778217404689548e-05,3.7543823100871796,0.1971616448430518
HI_4861,4862.683,8.522597750838258,8.522597750838258,188.86789684096166,53.17801967980772,0.2698849235391752,1.5778217404689548e-05,3.7543823100871796,0.1971616448430518
HI_4341,4341.684,7.293409607485728,7.293409607485728,161.6280591478117,52.867652283690724,0.2698849235391752,1.5778217404689548e-05,3.7543823100871796,0.1971616448430518
HI_4102,4102.892,6.49977894856454,6.49977894856454,144.04053973165617,52.69211561775434,0.2698849235391752,1.5778217404689548e-05,3.7543823100871796,0.1971616448430518
OIII_4363,4364.436,1.348104159321565,1.348104159321565,29.875116101610402,52.03859949109937,0.2698849235391752,1.5778217404689548e-05,3.7543823100871796,0.1971616448430518
OIII_5007,5008.24,38.628368323050154,38.628368323050154,856.0369616006958,72.32506273635478,0.2698849235391752,1.5778217404689548e-05,3.7543823100871796,0.1971616448430518
OIII_4959,4960.295,27.99199328052191,27.99199328052191,620.3259914218655,63.4930248574766,0.2698849235391752,1.5778217404689548e-05,3.7543823100871796,0.1971616448430518
OII_3726,3727.092,15.882004297664025,15.882004297664025,351.9585033828314,60.5492382848997,0.2698849235391752,1.5778217404689548e-05,3.7543823100871796,0.1971616448430518
OII_3729,3729.875,22.385872921076157,22.385872921076157,496.08967373085716,63.05771309197111,0.2698849235391752,1.5778217404689548e-05,3.7543823100871796,0.1971616448430518
OI_6300,6302.046,0.7683475982512391,0.7683475982512391,17.02722563789221,52.0186537593915,0.2698849235391752,1.5778217404689548e-05,3.7543823100871796,0.1971616448430518
SII_6717,6718.29,7.654503169445434,7.654503169445434,169.63019460040107,52.95402409812143,0.2698849235391752,1.5778217404689548e-05,3.7543823100871796,0.1971616448430518
SII_6731,6732.67,5.3250759170431365,5.3250759170431365,118.00813770325733,52.46850557629971,0.2698849235391752,1.5778217404689548e-05,3.7543823100871796,0.1971616448430518
NII_6548,6549.85,0.0,0.0,0.0,10000000000.0,0.2698849235391752,1.5778217404689548e-05,3.7543823100871796,0.1971616448430518
NII_6584,6585.28,8.913353575519636,8.913353575519636,197.52737285326887,53.28635583248287,0.2698849235391752,1.5778217404689548e-05,3.7543823100871796,0.1971616448430518
NII_5755,5756.24,0.0,0.0,0.0,10000000000.0,0.2698849235391752,1.5778217404689548e-05,3.7543823100871796,0.1971616448430518
HeI_5876,5877.594,1.025751260332413,1.025751260332413,22.73150615396505,52.0261231248997,0.2698849235391752,1.5778217404689548e-05,3.7543823100871796,0.1971616448430518
HeII_4686,4687.02,0.0,0.0,0.0,10000000000.0,0.2698849235391752,1.5778217404689548e-05,3.7543823100871796,0.1971616448430518
NeIII_3869,3870.16,0.0,10000000000.0,0.0,10000000000.0,0.2698849235391752,1.5778217404689548e-05,3.7543823100871796,0.1971616448430518
