line,wl,amp,amp_err,flux,flux_err,z,zerr,FWHM,FWHMerr
HI_6563,6564.61,64.56235128924959,64.56235128924959,1292.2805612615152,75.46714341234463,0.269877731602581,9.863344336150712e-06,3.391015812385615,0.13192478583169046
HI_4861,4862.683,10.891651304940751,10.891651304940751,218.00738325583902,51.24433222129004,0.269877731602581,9.863344336150712e-06,3.391015812385615,0.13192478583169046
HI_4341,4341.684,4.803409338873848,4.803409338873848,96.145081343131,50.532730287227544,0.269877731602581,9.863344336150712e-06,3.391015812385615,0.13192478583169046
HI_4102,4102.892,8.086718753883133,8.086718753883133,161.86382994654375,50.84924379005897,0.269877731602581,9.863344336150712e-06,3.391015812385615,0.13192478583169046
OIII_4363,4364.436,1.6250744833104136,1.6250744833104136,32.5275043961082,50.37927922970974,0.269877731602581,9.863344336150712e-06,3.391015812385615,0.13192478583169046
OIII_5007,5008.24,51.662205551730494,51.662205551730494,1034.071136710827,67.51932816091939,0.269877731602581,9.863344336150712e-06,3.391015812385615,0.13192478583169046
OIII_4959,4960.295,16.31995855869593,16.31995855869593,326.6604264691329,52.325543620922865,0.269877731602581,9.863344336150712e-06,3.391015812385615,0.13192478583169046
OII_3726,3727.092,23.954254810252223,23.954254810252223,479.46856384006225,57.144811333434674,0.269877731602581,9.863344336150712e-06,3.391015812385615,0.13192478583169046
OII_3729,3729.875,26.440248229610916,26.440248229610916,529.2282288322543,57.8140895297681,0.269877731602581,9.863344336150712e-06,3.391015812385615,0.13192478583169046
OI_6300,6302.046,1.0161089483679007,1.0161089483679007,20.33844517553011,50.367372485706746,0.269877731602581,9.863344336150712e-06,3.391015812385615,0.13192478583169046
SII_6717,6718.29,7.046503148368288,7.046503148368288,141.04286572073272,50.73177597540513,0.269877731602581,9.863344336150712e-06,3.391015812385615,0.13192478583169046
SII_6731,6732.67,7.4055339051051305,7.4055339051051305,148.22922833859,50.770436404730695,0.269877731602581,9.863344336150712e-06,3.391015812385615,0.13192478583169046
NII_6548,6549.85,4.424096453183893,4.424096453183893,88.55275146318188,50.50649836836403,0.269877731602581,9.863344336150712e-06,3.391015812385615,0.13192478583169046
NII_6584,6585.28,2.3218315306627346,2.3218315306627346,46.47379926045435,50.399966934562876,0.269877731602581,9.863344336150712e-06,3.391015812385615,0.13192478583169046
NII_5755,5756.24,1.1715547838037992,1.1715547838037992,23.449850312602884,50.36973844275453,0.269877731602581,9.863344336150712e-06,3.391015812385615,0.13192478583169046
HeI_5876,5877.594,0.7809816782137204,0.7809816782137204,15.632135777326289,50.36399684283182,0.269877731602581,9.863344336150712e-06,3.391015812385615,0.13192478583169046
HeII_4686,4687.02,2.1600499167107046e-12,2.1600499167107046e-12,4.323557712782059e-11,50.35952186571213,0.269877731602581,9.863344336150712e-06,3.391015812385615,0.13192478583169046
NeIII_3869,3870.16,3.670930514805036,2.5169696832870656,73.47737576611753,50.460719883587046,0.269877731602581,9.863344336150712e-06,3.391015812385615,0.13192478583169046
