line,wl,amp,amp_err,flux,flux_err,z,zerr,FWHM,FWHMerr
HI_6563,6564.61,22.493329343287655,22.493329343287655,405.7121593541299,56.575350984905924,0.26983295316750067,1.8623910436735003e-05,3.055741578385806,0.22880077112334285
HI_4861,4862.683,10.098590354192766,10.098590354192766,182.14826433664328,47.75016257867705,0.26983295316750067,1.8623910436735003e-05,3.055741578385806,0.22880077112334285
HI_4341,4341.684,5.177366975988775,5.177366975988775,93.38416307961961,45.92295338408656,0.26983295316750067,1.8623910436735003e-05,3.055741578385806,0.22880077112334285
HI_4102,4102.892,5.172467326112383,5.172467326112383,93.29578809959365,45.9203581855934,0.26983295316750067,1.8623910436735003e-05,3.055741578385806,0.22880077112334285
OIII_4363,4364.436,0.0,0.0,0.0,10000000000.0,0.26983295316750067,1.8623910436735003e-05,3.055741578385806,0.22880077112334285
OIII_5007,5008.24,35.824084052004764,35.824084052004764,646.1589689905084,70.51863562934044,0.26983295316750067,1.8623910436735003e-05,3.055741578385806,0.22880077112334285
OIII_4959,4960.295,0.0,0.0,0.0,10000000000.0,0.26983295316750067,1.8623910436735003e-05,3.055741578385806,0.22880077112334285
OII_3726,3727.092,9.292932970294942,9.292932970294942,167.61662289165074,48.685459705374676,0.26983295316750067,1.8623910436735003e-05,3.055741578385806,0.22880077112334285
OII_3729,3729.875,11.450444987640594,11.450444987640594,206.53166503729028,49.59085317671928,0.26983295316750067,1.8623910436735003e-05,3.055741578385806,0.22880077112334285
OI_6300,6302.046,0.0,0.0,0.0,10000000000.0,0.26983295316750067,1.8623910436735003e-05,3.055741578385806,0.22880077112334285
SII_6717,6718.29,3.1574353132640454,3.1574353132640454,56.950657655649,45.501573812642334,0.26983295316750067,1.8623910436735003e-05,3.055741578385806,0.22880077112334285
SII_6731,6732.67,3.1520177743290105,3.1520177743290105,56.85294151117909,45.502712011650466,0.26983295316750067,1.8623910436735003e-05,3.055741578385806,0.22880077112334285
NII_6548,6549.85,1.8393447524435942,1.8393447524435942,33.176259499942304,45.336520579157664,0.26983295316750067,1.8623910436735003e-05,3.055741578385806,0.22880077112334285
NII_6584,6585.28,0.9791221559372616,0.9791221559372616,17.660425368524663,45.27557402084768,0.26983295316750067,1.8623910436735003e-05,3.055741578385806,0.22880077112334285
NII_5755,5756.24,2.274629422164253,2.274629422164253,41.02748866174791,45.382764230009585,0.26983295316750067,1.8623910436735003e-05,3.055741578385806,0.22880077112334285
HeI_5876,5877.594,2.532741035890467,2.532741035890467,45.68304758595364,45.41247069879147,0.26983295316750067,1.8623910436735003e-05,3.055741578385806,0.22880077112334285
HeII_4686,4687.02,0.0,0.0,0.0,10000000000.0,0.26983295316750067,1.8623910436735003e-05,3.055741578385806,0.22880077112334285
NeIII_3869,3870.16,6.582929664667972,2.5209561338406745,118.73629591991904,46.331470704540216,0.26983295316750067,1.8623910436735003e-05,3.055741578385806,0.22880077112334285
