line,wl,amp,amp_err,flux,flux_err,z,zerr,FWHM,FWHMerr
HI_6563,6564.61,14.536918358028288,14.536918358028288,429.94307883655347,78.88341531753376,0.26926277256986525,4.319720157208157e-05,5.010614058206244,0.548295160825384
HI_4861,4862.683,6.935026017876453,6.935026017876453,205.1099390188653,63.92144090111406,0.26926277256986525,4.319720157208157e-05,5.010614058206244,0.548295160825384
HI_4341,4341.684,5.692370798951401,5.692370798951401,168.35723823329013,62.293923474090796,0.26926277256986525,4.319720157208157e-05,5.010614058206244,0.548295160825384
HI_4102,4102.892,0.0,0.0,0.0,10000000000.0,0.26926277256986525,4.319720157208157e-05,5.010614058206244,0.548295160825384
OIII_4363,4364.436,1.18780869570935,1.18780869570935,35.13056310315388,58.947968639851496,0.26926277256986525,4.319720157208157e-05,5.010614058206244,0.548295160825384
OIII_5007,5008.24,15.230225850788884,15.230225850788884,450.44830220484187,80.5773259607283,0.26926277256986525,4.319720157208157e-05,5.010614058206244,0.548295160825384
OIII_4959,4960.295,4.286787028198091,4.286787028198091,126.78577177275088,60.80270750131304,0.26926277256986525,4.319720157208157e-05,5.010614058206244,0.548295160825384
OII_3726,3727.092,2.231874110651688,2.231874110651688,66.0097830279989,71.25011792886868,0.26926277256986525,4.319720157208157e-05,5.010614058206244,0.548295160825384
OII_3729,3729.875,8.912131133191338,8.912131133191338,263.58468858588947,75.10912392786507,0.26926277256986525,4.319720157208157e-05,5.010614058206244,0.548295160825384
OI_6300,6302.046,0.0,0.0,0.0,10000000000.0,0.26926277256986525,4.319720157208157e-05,5.010614058206244,0.548295160825384
SII_6717,6718.29,2.3711656793783504,2.3711656793783504,70.12946262166194,59.413819559906706,0.26926277256986525,4.319720157208157e-05,5.010614058206244,0.548295160825384
SII_6731,6732.67,3.4158507619896454,3.4158507619896454,101.02700980259283,60.07610254290884,0.26926277256986525,4.319720157208157e-05,5.010614058206244,0.548295160825384
NII_6548,6549.85,1.3308925572231374,1.3308925572231374,39.36240333475884,58.98802103562396,0.26926277256986525,4.319720157208157e-05,5.010614058206244,0.548295160825384
NII_6584,6585.28,0.5273944859351332,0.5273944859351332,15.598189620370661,58.82210383576205,0.26926277256986525,4.319720157208157e-05,5.010614058206244,0.548295160825384
NII_5755,5756.24,0.0,0.0,0.0,10000000000.0,0.26926277256986525,4.319720157208157e-05,5.010614058206244,0.548295160825384
HeI_5876,5877.594,0.0,0.0,0.0,10000000000.0,0.26926277256986525,4.319720157208157e-05,5.010614058206244,0.548295160825384
HeII_4686,4687.02,0.0,0.0,0.0,10000000000.0,0.26926277256986525,4.319720157208157e-05,5.010614058206244,0.548295160825384
NeIII_3869,3870.16,6.912523145740806,2.023420459555895,204.4443953396355,63.88947282444076,0.26926277256986525,4.319720157208157e-05,5.010614058206244,0.548295160825384
