line,wl,amp,amp_err,flux,flux_err,z,zerr,FWHM,FWHMerr
HI_6563,6564.61,0.7995847858002207,0.7995847858002207,15.51081170635876,43.28196025363033,0.2700922774598746,5.3885270020504975e-05,3.2864145571460215,0.6417597884367606
HI_4861,4862.683,0.6025738316525349,0.6025738316525349,11.689078391590138,43.224504749140166,0.2700922774598746,5.3885270020504975e-05,3.2864145571460215,0.6417597884367606
HI_4341,4341.684,2.2532116761309453,2.2532116761309453,43.70911335945339,44.192832651728686,0.2700922774598746,5.3885270020504975e-05,3.2864145571460215,0.6417597884367606
HI_4102,4102.892,0.0,0.0,0.0,10000000000.0,0.2700922774598746,5.3885270020504975e-05,3.2864145571460215,0.6417597884367606
OIII_4363,4364.436,0.0,0.0,0.0,10000000000.0,0.2700922774598746,5.3885270020504975e-05,3.2864145571460215,0.6417597884367606
OIII_5007,5008.24,0.07719550043918844,0.07719550043918844,1.4974833102809346,43.15039589818332,0.2700922774598746,5.3885270020504975e-05,3.2864145571460215,0.6417597884367606
OIII_4959,4960.295,14.856988365130064,14.856988365130064,288.20451958008186,76.30261587406406,0.2700922774598746,5.3885270020504975e-05,3.2864145571460215,0.6417597884367606
OII_3726,3727.092,0.0,0.0,0.0,10000000000.0,0.2700922774598746,5.3885270020504975e-05,3.2864145571460215,0.6417597884367606
OII_3729,3729.875,2.4457922229552196,2.4457922229552196,47.44490305073606,45.15326311325564,0.2700922774598746,5.3885270020504975e-05,3.2864145571460215,0.6417597884367606
OI_6300,6302.046,0.0,0.0,0.0,10000000000.0,0.2700922774598746,5.3885270020504975e-05,3.2864145571460215,0.6417597884367606
SII_6717,6718.29,0.0,0.0,0.0,10000000000.0,0.2700922774598746,5.3885270020504975e-05,3.2864145571460215,0.6417597884367606
SII_6731,6732.67,0.7774877275725203,0.7774877275725203,15.082160091769454,43.27454666211991,0.2700922774598746,5.3885270020504975e-05,3.2864145571460215,0.6417597884367606
NII_6548,6549.85,0.0,0.0,0.0,10000000000.0,0.2700922774598746,5.3885270020504975e-05,3.2864145571460215,0.6417597884367606
NII_6584,6585.28,0.7802225020919877,0.7802225020919877,15.135210841838886,43.27556220831636,0.2700922774598746,5.3885270020504975e-05,3.2864145571460215,0.6417597884367606
NII_5755,5756.24,3.298774912194176,3.298774912194176,63.99155841052758,45.35485592984522,0.2700922774598746,5.3885270020504975e-05,3.2864145571460215,0.6417597884367606
HeI_5876,5877.594,1.1184390653588707,1.1184390653588707,21.69613286282783,43.40843576043266,0.2700922774598746,5.3885270020504975e-05,3.2864145571460215,0.6417597884367606
HeII_4686,4687.02,0.0,0.0,0.0,10000000000.0,0.2700922774598746,5.3885270020504975e-05,3.2864145571460215,0.6417597884367606
NeIII_3869,3870.16,0.0,10000000000.0,0.0,10000000000.0,0.2700922774598746,5.3885270020504975e-05,3.2864145571460215,0.6417597884367606
