line,wl,amp,amp_err,flux,flux_err,z,zerr,FWHM,FWHMerr
HI_6563,6564.61,197.08367104504578,197.08367104504578,526.0163567888579,31701.877941266983,0.27032675985326604,5.365408062431414e-06,0.4521691698339525,2.566020143970021
HI_4861,4862.683,5.315549187320357,5.315549187320357,14.187201826614826,90.56253960306897,0.27032675985326604,5.365408062431414e-06,0.4521691698339525,2.566020143970021
HI_4341,4341.684,64.62451965148875,64.62451965148875,172.48285566253963,7436.723258618467,0.27032675985326604,5.365408062431414e-06,0.4521691698339525,2.566020143970021
HI_4102,4102.892,7.412247599898251,7.412247599898251,19.78329030224062,329.3356481142314,0.27032675985326604,5.365408062431414e-06,0.4521691698339525,2.566020143970021
OIII_4363,4364.436,36.3699817680274,36.3699817680274,97.07148849344449,5022.4425136357695,0.27032675985326604,5.365408062431414e-06,0.4521691698339525,2.566020143970021
OIII_5007,5008.24,12.86411368004974,12.86411368004974,34.33432194263754,341.943133805753,0.27032675985326604,5.365408062431414e-06,0.4521691698339525,2.566020143970021
OIII_4959,4960.295,0.0,0.0,0.0,10000000000.0,0.27032675985326604,5.365408062431414e-06,0.4521691698339525,2.566020143970021
OII_3726,3727.092,9.403450985264158,9.403450985264158,25.097812529484994,218.37249130908472,0.27032675985326604,5.365408062431414e-06,0.4521691698339525,2.566020143970021
OII_3729,3729.875,0.0,0.0,0.0,10000000000.0,0.27032675985326604,5.365408062431414e-06,0.4521691698339525,2.566020143970021
OI_6300,6302.046,0.0,0.0,0.0,10000000000.0,0.27032675985326604,5.365408062431414e-06,0.4521691698339525,2.566020143970021
SII_6717,6718.29,11.675394789670122,11.675394789670122,31.161630990373588,824.4543924599744,0.27032675985326604,5.365408062431414e-06,0.4521691698339525,2.566020143970021
SII_6731,6732.67,0.0,0.0,0.0,10000000000.0,0.27032675985326604,5.365408062431414e-06,0.4521691698339525,2.566020143970021
NII_6548,6549.85,0.0,0.0,0.0,10000000000.0,0.27032675985326604,5.365408062431414e-06,0.4521691698339525,2.566020143970021
NII_6584,6585.28,0.0,0.0,0.0,10000000000.0,0.27032675985326604,5.365408062431414e-06,0.4521691698339525,2.566020143970021
NII_5755,5756.24,0.0,0.0,0.0,10000000000.0,0.27032675985326604,5.365408062431414e-06,0.4521691698339525,2.566020143970021
HeI_5876,5877.594,0.0,0.0,0.0,10000000000.0,0.27032675985326604,5.365408062431414e-06,0.4521691698339525,2.566020143970021
HeII_4686,4687.02,0.0,0.0,0.0,10000000000.0,0.27032675985326604,5.365408062431414e-06,0.4521691698339525,2.566020143970021
NeIII_3869,3870.16,8.553528509548414,108.63369346393434,22.829369274605813,317.57133805658464,0.27032675985326604,5.365408062431414e-06,0.4521691698339525,2.566020143970021
