line,wl,amp,amp_err,flux,flux_err,z,zerr,FWHM,FWHMerr
HI_6563,6564.61,0.0,0.0,0.0,10000000000.0,0.27032692821363297,999.0,0.4149757458763359,999.0
HI_4861,4862.683,1.2236329502771923,1.2236329502771923,2.997240108823872,76267338198.47818,0.27032692821363297,999.0,0.4149757458763359,999.0
HI_4341,4341.684,0.0,0.0,0.0,10000000000.0,0.27032692821363297,999.0,0.4149757458763359,999.0
HI_4102,4102.892,4.897270458240314,4.897270458240314,11.995668666711719,290105083917.3564,0.27032692821363297,999.0,0.4149757458763359,999.0
OIII_4363,4364.436,0.0,0.0,0.0,10000000000.0,0.27032692821363297,999.0,0.4149757458763359,999.0
OIII_5007,5008.24,0.0,0.0,0.0,10000000000.0,0.27032692821363297,999.0,0.4149757458763359,999.0
OIII_4959,4960.295,34.33329181323279,34.33329181323279,84.09802896143347,2026724993670.4954,0.27032692821363297,999.0,0.4149757458763359,999.0
OII_3726,3727.092,0.0,0.0,0.0,10000000000.0,0.27032692821363297,999.0,0.4149757458763359,999.0
OII_3729,3729.875,0.0,0.0,0.0,10000000000.0,0.27032692821363297,999.0,0.4149757458763359,999.0
OI_6300,6302.046,0.0,0.0,0.0,10000000000.0,0.27032692821363297,999.0,0.4149757458763359,999.0
SII_6717,6718.29,24.239538170575088,24.239538170575088,59.37378198891826,1430986817596.3967,0.27032692821363297,999.0,0.4149757458763359,999.0
SII_6731,6732.67,26.12429431519331,26.12429431519331,63.99041699431125,1542222412704.9907,0.27032692821363297,999.0,0.4149757458763359,999.0
NII_6548,6549.85,0.0,0.0,0.0,10000000000.0,0.27032692821363297,999.0,0.4149757458763359,999.0
NII_6584,6585.28,1451.2718513439208,1451.2718513439208,3554.832517929256,85663624888392.89,0.27032692821363297,999.0,0.4149757458763359,999.0
NII_5755,5756.24,0.37596253455058104,0.37596253455058104,0.9209052336444636,33052394568.04616,0.27032692821363297,999.0,0.4149757458763359,999.0
HeI_5876,5877.594,15.396449647668419,15.396449647668419,37.71298934621302,909129882610.7301,0.27032692821363297,999.0,0.4149757458763359,999.0
HeII_4686,4687.02,0.0,0.0,0.0,10000000000.0,0.27032692821363297,999.0,0.4149757458763359,999.0
NeIII_3869,3870.16,0.0,10000000000.0,0.0,10000000000.0,0.27032692821363297,999.0,0.4149757458763359,999.0
