line,wl,amp,amp_err,flux,flux_err,z,zerr,FWHM,FWHMerr
HI_6563,6564.61,0.17646655815349277,0.17646655815349277,7.638973914489045,72.30440014320303,0.2680510969563776,0.0001224063060232003,7.333730620884072,1.225149247292239
HI_4861,4862.683,0.0,0.0,0.0,10000000000.0,0.2680510969563776,0.0001224063060232003,7.333730620884072,1.225149247292239
HI_4341,4341.684,0.0,0.0,0.0,10000000000.0,0.2680510969563776,0.0001224063060232003,7.333730620884072,1.225149247292239
HI_4102,4102.892,0.0,0.0,0.0,10000000000.0,0.2680510969563776,0.0001224063060232003,7.333730620884072,1.225149247292239
OIII_4363,4364.436,1.6434511663045441,1.6434511663045441,71.14254803007572,73.50244155809128,0.2680510969563776,0.0001224063060232003,7.333730620884072,1.225149247292239
OIII_5007,5008.24,0.0,0.0,0.0,10000000000.0,0.2680510969563776,0.0001224063060232003,7.333730620884072,1.225149247292239
OIII_4959,4960.295,1.4231772644179728,1.4231772644179728,61.607219590731226,73.2010470508889,0.2680510969563776,0.0001224063060232003,7.333730620884072,1.225149247292239
OII_3726,3727.092,0.0,0.0,0.0,10000000000.0,0.2680510969563776,0.0001224063060232003,7.333730620884072,1.225149247292239
OII_3729,3729.875,10.257776389746482,10.257776389746482,444.04382950438384,129.35976567990565,0.2680510969563776,0.0001224063060232003,7.333730620884072,1.225149247292239
OI_6300,6302.046,1.3768612831132714,1.3768612831132714,59.60226988970725,73.14316437978916,0.2680510969563776,0.0001224063060232003,7.333730620884072,1.225149247292239
SII_6717,6718.29,1.1721906515897444,1.1721906515897444,50.742383735468934,72.90789431580032,0.2680510969563776,0.0001224063060232003,7.333730620884072,1.225149247292239
SII_6731,6732.67,0.0,0.0,0.0,10000000000.0,0.2680510969563776,0.0001224063060232003,7.333730620884072,1.225149247292239
NII_6548,6549.85,0.0,0.0,0.0,10000000000.0,0.2680510969563776,0.0001224063060232003,7.333730620884072,1.225149247292239
NII_6584,6585.28,0.0,0.0,0.0,10000000000.0,0.2680510969563776,0.0001224063060232003,7.333730620884072,1.225149247292239
NII_5755,5756.24,1.3074707515203272,1.3074707515203272,56.598457346993264,73.05978493312465,0.2680510969563776,0.0001224063060232003,7.333730620884072,1.225149247292239
HeI_5876,5877.594,1.2026556626757383,1.2026556626757383,52.06116859434346,72.94183529583403,0.2680510969563776,0.0001224063060232003,7.333730620884072,1.225149247292239
HeII_4686,4687.02,0.0,0.0,0.0,10000000000.0,0.2680510969563776,0.0001224063060232003,7.333730620884072,1.225149247292239
NeIII_3869,3870.16,0.0,10000000000.0,0.0,10000000000.0,0.2680510969563776,0.0001224063060232003,7.333730620884072,1.225149247292239
