line,wl,amp,amp_err,flux,flux_err,z,zerr,FWHM,FWHMerr
HI_6563,6564.61,16.116639021492915,16.116639021492915,500.3206786771736,65.85777673209947,0.2692677735277481,3.1186706720006954e-05,5.259280280193655,0.3630876973340999
HI_4861,4862.683,7.963178495103534,7.963178495103534,247.20680681527205,56.65764875762603,0.2692677735277481,3.1186706720006954e-05,5.259280280193655,0.3630876973340999
HI_4341,4341.684,2.988721754858034,2.988721754858034,92.78108759361481,53.826659756666494,0.2692677735277481,3.1186706720006954e-05,5.259280280193655,0.3630876973340999
HI_4102,4102.892,0.0,0.0,0.0,10000000000.0,0.2692677735277481,3.1186706720006954e-05,5.259280280193655,0.3630876973340999
OIII_4363,4364.436,0.0,0.0,0.0,10000000000.0,0.2692677735277481,3.1186706720006954e-05,5.259280280193655,0.3630876973340999
OIII_5007,5008.24,19.91865697742776,19.91865697742776,618.349518407302,71.58104852548914,0.2692677735277481,3.1186706720006954e-05,5.259280280193655,0.3630876973340999
OIII_4959,4960.295,10.538193082947373,10.538193082947373,327.1448785481904,59.022452533381,0.2692677735277481,3.1186706720006954e-05,5.259280280193655,0.3630876973340999
OII_3726,3727.092,20.578411245301595,20.578411245301595,638.8307553837335,84.41652882220492,0.2692677735277481,3.1186706720006954e-05,5.259280280193655,0.3630876973340999
OII_3729,3729.875,14.562318024203705,14.562318024203705,452.0687487798269,81.17609503825624,0.2692677735277481,3.1186706720006954e-05,5.259280280193655,0.3630876973340999
OI_6300,6302.046,5.560012858484811,5.560012858484811,172.6035684674192,54.98643038037116,0.2692677735277481,3.1186706720006954e-05,5.259280280193655,0.3630876973340999
SII_6717,6718.29,3.042059542312927,3.042059542312927,94.43689175867571,53.843861557257355,0.2692677735277481,3.1186706720006954e-05,5.259280280193655,0.3630876973340999
SII_6731,6732.67,3.8123769384226307,3.8123769384226307,118.3504212423645,54.12465961932035,0.2692677735277481,3.1186706720006954e-05,5.259280280193655,0.3630876973340999
NII_6548,6549.85,0.0,0.0,0.0,10000000000.0,0.2692677735277481,3.1186706720006954e-05,5.259280280193655,0.3630876973340999
NII_6584,6585.28,4.106611568658991,4.106611568658991,127.48456327370639,54.24812653801704,0.2692677735277481,3.1186706720006954e-05,5.259280280193655,0.3630876973340999
NII_5755,5756.24,0.0,0.0,0.0,10000000000.0,0.2692677735277481,3.1186706720006954e-05,5.259280280193655,0.3630876973340999
HeI_5876,5877.594,0.0,0.0,0.0,10000000000.0,0.2692677735277481,3.1186706720006954e-05,5.259280280193655,0.3630876973340999
HeII_4686,4687.02,0.0,0.0,0.0,10000000000.0,0.2692677735277481,3.1186706720006954e-05,5.259280280193655,0.3630876973340999
NeIII_3869,3870.16,3.491712145563838,1.7227050126775962,108.3957882337681,54.00023729948662,0.2692677735277481,3.1186706720006954e-05,5.259280280193655,0.3630876973340999
