line,wl,amp,amp_err,flux,flux_err,z,zerr,FWHM,FWHMerr
HI_6563,6564.61,0.5281625372704184,0.5281625372704184,2.5745730231379396,39.64169869068511,0.2697753769112053,1.8042973342985937e-05,0.8258286828394729,0.5427372898327105
HI_4861,4862.683,0.49908936513838853,0.49908936513838853,2.432853383091137,22.178310132620865,0.2697753769112053,1.8042973342985937e-05,0.8258286828394729,0.5427372898327105
HI_4341,4341.684,0.0,0.0,0.0,10000000000.0,0.2697753769112053,1.8042973342985937e-05,0.8258286828394729,0.5427372898327105
HI_4102,4102.892,0.0,0.0,0.0,10000000000.0,0.2697753769112053,1.8042973342985937e-05,0.8258286828394729,0.5427372898327105
OIII_4363,4364.436,16.623169976712006,16.623169976712006,81.03105002914468,137.19322204511266,0.2697753769112053,1.8042973342985937e-05,0.8258286828394729,0.5427372898327105
OIII_5007,5008.24,5.52528265492947,5.52528265492947,26.93345829128749,60.30013736820342,0.2697753769112053,1.8042973342985937e-05,0.8258286828394729,0.5427372898327105
OIII_4959,4960.295,0.5840120689199466,0.5840120689199466,2.8468162956026517,15.721943419779944,0.2697753769112053,1.8042973342985937e-05,0.8258286828394729,0.5427372898327105
OII_3726,3727.092,0.0,0.0,0.0,10000000000.0,0.2697753769112053,1.8042973342985937e-05,0.8258286828394729,0.5427372898327105
OII_3729,3729.875,5.677551162434497,5.677551162434497,27.67570402821904,23.417663919331254,0.2697753769112053,1.8042973342985937e-05,0.8258286828394729,0.5427372898327105
OI_6300,6302.046,3.03490840518964,3.03490840518964,14.793918076956084,19.091089973532902,0.2697753769112053,1.8042973342985937e-05,0.8258286828394729,0.5427372898327105
SII_6717,6718.29,0.0,0.0,0.0,10000000000.0,0.2697753769112053,1.8042973342985937e-05,0.8258286828394729,0.5427372898327105
SII_6731,6732.67,0.0,0.0,0.0,10000000000.0,0.2697753769112053,1.8042973342985937e-05,0.8258286828394729,0.5427372898327105
NII_6548,6549.85,2.7460126445953392,2.7460126445953392,13.385671222552272,45.311725465911856,0.2697753769112053,1.8042973342985937e-05,0.8258286828394729,0.5427372898327105
NII_6584,6585.28,9.975160601327957,9.975160601327957,48.62476524437468,99.48456277458311,0.2697753769112053,1.8042973342985937e-05,0.8258286828394729,0.5427372898327105
NII_5755,5756.24,0.5156844029116883,0.5156844029116883,2.5137473003119593,46.20295814057146,0.2697753769112053,1.8042973342985937e-05,0.8258286828394729,0.5427372898327105
HeI_5876,5877.594,0.0,0.0,0.0,10000000000.0,0.2697753769112053,1.8042973342985937e-05,0.8258286828394729,0.5427372898327105
HeII_4686,4687.02,0.0,0.0,0.0,10000000000.0,0.2697753769112053,1.8042973342985937e-05,0.8258286828394729,0.5427372898327105
NeIII_3869,3870.16,0.0,10000000000.0,0.0,10000000000.0,0.2697753769112053,1.8042973342985937e-05,0.8258286828394729,0.5427372898327105
