line,wl,amp,amp_err,flux,flux_err,z,zerr,FWHM,FWHMerr
HI_6563,6564.61,10.781428848067208,10.781428848067208,317.2687570401438,73.23868788775658,0.26944292743869697,5.168732679345662e-05,4.985438094194492,0.5835941686191072
HI_4861,4862.683,8.063236875656912,8.063236875656912,237.27960155471726,67.85526171623907,0.26944292743869697,5.168732679345662e-05,4.985438094194492,0.5835941686191072
HI_4341,4341.684,6.4875417019948145,6.4875417019948145,190.91108618752193,65.30120413259945,0.26944292743869697,5.168732679345662e-05,4.985438094194492,0.5835941686191072
HI_4102,4102.892,0.0,0.0,0.0,10000000000.0,0.26944292743869697,5.168732679345662e-05,4.985438094194492,0.5835941686191072
OIII_4363,4364.436,0.9373866897062726,0.9373866897062726,27.584795494189045,60.4406327478949,0.26944292743869697,5.168732679345662e-05,4.985438094194492,0.5835941686191072
OIII_5007,5008.24,11.183502298101644,11.183502298101644,329.10070858654177,74.12818718528067,0.26944292743869697,5.168732679345662e-05,4.985438094194492,0.5835941686191072
OIII_4959,4960.295,3.7138173946701727,3.7138173946701727,109.28776188068073,62.005176247961906,0.26944292743869697,5.168732679345662e-05,4.985438094194492,0.5835941686191072
OII_3726,3727.092,19.098029685239,19.098029685239,562.004185673199,98.82598486156112,0.26944292743869697,5.168732679345662e-05,4.985438094194492,0.5835941686191072
OII_3729,3729.875,1.8659752641367504,1.8659752641367504,54.91068587133067,84.40267203708395,0.26944292743869697,5.168732679345662e-05,4.985438094194492,0.5835941686191072
OI_6300,6302.046,2.4137181858029635,2.4137181858029635,71.02930227955657,61.04448973742974,0.26944292743869697,5.168732679345662e-05,4.985438094194492,0.5835941686191072
SII_6717,6718.29,3.6494503468179573,3.6494503468179573,107.39361097042575,61.948350427944206,0.26944292743869697,5.168732679345662e-05,4.985438094194492,0.5835941686191072
SII_6731,6732.67,0.0,0.0,0.0,10000000000.0,0.26944292743869697,5.168732679345662e-05,4.985438094194492,0.5835941686191072
NII_6548,6549.85,2.1626428903730357,2.1626428903730357,63.64082455298693,60.904778450683395,0.26944292743869697,5.168732679345662e-05,4.985438094194492,0.5835941686191072
NII_6584,6585.28,0.4103254204786708,0.4103254204786708,12.074785074575743,60.35343250196828,0.26944292743869697,5.168732679345662e-05,4.985438094194492,0.5835941686191072
NII_5755,5756.24,0.0,0.0,0.0,10000000000.0,0.26944292743869697,5.168732679345662e-05,4.985438094194492,0.5835941686191072
HeI_5876,5877.594,0.0,0.0,0.0,10000000000.0,0.26944292743869697,5.168732679345662e-05,4.985438094194492,0.5835941686191072
HeII_4686,4687.02,0.0,0.0,0.0,10000000000.0,0.26944292743869697,5.168732679345662e-05,4.985438094194492,0.5835941686191072
NeIII_3869,3870.16,0.008071617738437453,2.050227013070126,0.23752622804131535,60.33273087733835,0.26944292743869697,5.168732679345662e-05,4.985438094194492,0.5835941686191072
