line,wl,amp,amp_err,flux,flux_err,z,zerr,FWHM,FWHMerr
HI_6563,6564.61,1.5639063919585396,1.5639063919585396,61.9429855169469,58.15449734186626,0.27003133530764734,8.774194406638652e-05,6.710173054121532,0.8381668215605975
HI_4861,4862.683,2.126549556664145,2.126549556664145,84.22807724735554,58.69808936260777,0.27003133530764734,8.774194406638652e-05,6.710173054121532,0.8381668215605975
HI_4341,4341.684,2.0020289751998916,2.0020289751998916,79.29608348234348,58.563757470269294,0.27003133530764734,8.774194406638652e-05,6.710173054121532,0.8381668215605975
HI_4102,4102.892,1.3560645115503576,1.3560645115503576,53.71081340348939,57.99414424702135,0.27003133530764734,8.774194406638652e-05,6.710173054121532,0.8381668215605975
OIII_4363,4364.436,0.0,0.0,0.0,10000000000.0,0.27003133530764734,8.774194406638652e-05,6.710173054121532,0.8381668215605975
OIII_5007,5008.24,7.451741471737591,7.451741471737591,295.1475334030805,70.7582138640458,0.27003133530764734,8.774194406638652e-05,6.710173054121532,0.8381668215605975
OIII_4959,4960.295,1.6583170566154877,1.6583170566154877,65.68238991068871,58.233833931566906,0.27003133530764734,8.774194406638652e-05,6.710173054121532,0.8381668215605975
OII_3726,3727.092,13.514633979712812,13.514633979712812,535.2857314073707,103.64127727357302,0.27003133530764734,8.774194406638652e-05,6.710173054121532,0.8381668215605975
OII_3729,3729.875,0.0,0.0,0.0,10000000000.0,0.27003133530764734,8.774194406638652e-05,6.710173054121532,0.8381668215605975
OI_6300,6302.046,0.38641338212175924,0.38641338212175924,15.305007163726172,57.546690830652224,0.27003133530764734,8.774194406638652e-05,6.710173054121532,0.8381668215605975
SII_6717,6718.29,0.0,0.0,0.0,10000000000.0,0.27003133530764734,8.774194406638652e-05,6.710173054121532,0.8381668215605975
SII_6731,6732.67,0.0,0.0,0.0,10000000000.0,0.27003133530764734,8.774194406638652e-05,6.710173054121532,0.8381668215605975
NII_6548,6549.85,0.0,0.0,0.0,10000000000.0,0.27003133530764734,8.774194406638652e-05,6.710173054121532,0.8381668215605975
NII_6584,6585.28,0.0,0.0,0.0,10000000000.0,0.27003133530764734,8.774194406638652e-05,6.710173054121532,0.8381668215605975
NII_5755,5756.24,0.18072107494026568,0.18072107494026568,7.157975045816377,57.51565946953013,0.27003133530764734,8.774194406638652e-05,6.710173054121532,0.8381668215605975
HeI_5876,5877.594,0.42104639704734836,0.42104639704734836,16.676746772295306,57.55412684861599,0.27003133530764734,8.774194406638652e-05,6.710173054121532,0.8381668215605975
HeII_4686,4687.02,0.0,0.0,0.0,10000000000.0,0.27003133530764734,8.774194406638652e-05,6.710173054121532,0.8381668215605975
NeIII_3869,3870.16,0.0,10000000000.0,0.0,10000000000.0,0.27003133530764734,8.774194406638652e-05,6.710173054121532,0.8381668215605975
