line,wl,amp,amp_err,flux,flux_err,z,zerr,FWHM,FWHMerr
HI_6563,6564.61,224.20152701833513,224.20152701833513,4865.398676657731,75.96540946060726,0.269418746551405,2.8069973796102532e-06,3.676480004307682,0.03697431768485696
HI_4861,4862.683,67.4301460436127,67.4301460436127,1463.302001955593,55.21454576426108,0.269418746551405,2.8069973796102532e-06,3.676480004307682,0.03697431768485696
HI_4341,4341.684,29.35555853267101,29.35555853267101,637.0451510159688,53.19059415664232,0.269418746551405,2.8069973796102532e-06,3.676480004307682,0.03697431768485696
HI_4102,4102.892,17.598717815303303,17.598717815303303,381.909880401694,52.880716859582805,0.269418746551405,2.8069973796102532e-06,3.676480004307682,0.03697431768485696
OIII_4363,4364.436,4.559014231292963,4.559014231292963,98.93519505771499,52.717818937352405,0.269418746551405,2.8069973796102532e-06,3.676480004307682,0.03697431768485696
OIII_5007,5008.24,206.37280705711714,206.37280705711714,4478.497518314071,72.89495602791024,0.269418746551405,2.8069973796102532e-06,3.676480004307682,0.03697431768485696
OIII_4959,4960.295,66.91564274237908,66.91564274237908,1452.136762743135,55.17727057211193,0.269418746551405,2.8069973796102532e-06,3.676480004307682,0.03697431768485696
OII_3726,3727.092,72.03817604302458,72.03817604302458,1563.3008884899573,59.83515283846105,0.269418746551405,2.8069973796102532e-06,3.676480004307682,0.03697431768485696
OII_3729,3729.875,121.79334494893396,121.79334494893396,2643.0381060330665,63.36282799399652,0.269418746551405,2.8069973796102532e-06,3.676480004307682,0.03697431768485696
OI_6300,6302.046,6.179546085729953,6.179546085729953,134.1023665079551,52.727623185201054,0.269418746551405,2.8069973796102532e-06,3.676480004307682,0.03697431768485696
SII_6717,6718.29,28.577953527850013,28.577953527850013,620.1703401628334,53.16534310700826,0.269418746551405,2.8069973796102532e-06,3.676480004307682,0.03697431768485696
SII_6731,6732.67,20.367534938790868,20.367534938790868,441.99599733265484,52.93986483884335,0.269418746551405,2.8069973796102532e-06,3.676480004307682,0.03697431768485696
NII_6548,6549.85,1.3369921227584882,1.3369921227584882,29.01407403991045,52.70707173843806,0.269418746551405,2.8069973796102532e-06,3.676480004307682,0.03697431768485696
NII_6584,6585.28,20.049738195278792,20.049738195278792,435.09948830395695,52.93264668295904,0.269418746551405,2.8069973796102532e-06,3.676480004307682,0.03697431768485696
NII_5755,5756.24,0.0,0.0,0.0,10000000000.0,0.269418746551405,2.8069973796102532e-06,3.676480004307682,0.03697431768485696
HeI_5876,5877.594,5.105393897839576,5.105393897839576,110.79218346418195,52.72078221066857,0.269418746551405,2.8069973796102532e-06,3.676480004307682,0.03697431768485696
HeII_4686,4687.02,2.1600499167107046e-12,2.1600499167107046e-12,4.687525614140639e-11,52.706057218132,0.269418746551405,2.8069973796102532e-06,3.676480004307682,0.03697431768485696
NeIII_3869,3870.16,11.791150277372594,2.4294631050919175,255.87982258082243,52.78456006475589,0.269418746551405,2.8069973796102532e-06,3.676480004307682,0.03697431768485696
