line,wl,amp,amp_err,flux,flux_err,z,zerr,FWHM,FWHMerr
HI_6563,6564.61,13.457127713333875,13.457127713333875,509.42136990114454,73.61225488088294,0.26924516078755223,4.0528344678423683e-05,6.413234602578674,0.4955048586371194
HI_4861,4862.683,6.338645955527454,6.338645955527454,239.95029063918875,62.54293640423714,0.26924516078755223,4.0528344678423683e-05,6.413234602578674,0.4955048586371194
HI_4341,4341.684,0.0,0.0,0.0,10000000000.0,0.26924516078755223,4.0528344678423683e-05,6.413234602578674,0.4955048586371194
HI_4102,4102.892,4.439288054244344,4.439288054244344,168.0498431874273,60.76725777531333,0.26924516078755223,4.0528344678423683e-05,6.413234602578674,0.4955048586371194
OIII_4363,4364.436,0.0,0.0,0.0,10000000000.0,0.26924516078755223,4.0528344678423683e-05,6.413234602578674,0.4955048586371194
OIII_5007,5008.24,19.222806447192283,19.222806447192283,727.6819097117155,86.22133579681824,0.26924516078755223,4.0528344678423683e-05,6.413234602578674,0.4955048586371194
OIII_4959,4960.295,7.808009693774807,7.808009693774807,295.57325152402626,64.29492653894675,0.26924516078755223,4.0528344678423683e-05,6.413234602578674,0.4955048586371194
OII_3726,3727.092,2.7306661720724605,2.7306661720724605,103.36973325604603,82.86646248106238,0.26924516078755223,4.0528344678423683e-05,6.413234602578674,0.4955048586371194
OII_3729,3729.875,10.65446202886801,10.65446202886801,403.3260854712533,86.04659425820778,0.26924516078755223,4.0528344678423683e-05,6.413234602578674,0.4955048586371194
OI_6300,6302.046,1.696165345112604,1.696165345112604,64.20856605454976,59.26758377017416,0.26924516078755223,4.0528344678423683e-05,6.413234602578674,0.4955048586371194
SII_6717,6718.29,2.8201805078637108,2.8201805078637108,106.75831041277368,59.723897788840056,0.26924516078755223,4.0528344678423683e-05,6.413234602578674,0.4955048586371194
SII_6731,6732.67,0.9790772254896183,0.9790772254896183,37.06309935319543,59.094256914945895,0.26924516078755223,4.0528344678423683e-05,6.413234602578674,0.4955048586371194
NII_6548,6549.85,0.0,0.0,0.0,10000000000.0,0.26924516078755223,4.0528344678423683e-05,6.413234602578674,0.4955048586371194
NII_6584,6585.28,3.5300727768039906,3.5300727768039906,133.63137722386347,60.12619302246658,0.26924516078755223,4.0528344678423683e-05,6.413234602578674,0.4955048586371194
NII_5755,5756.24,2.070840308345055,2.070840308345055,78.39193691224153,59.394819546359514,0.26924516078755223,4.0528344678423683e-05,6.413234602578674,0.4955048586371194
HeI_5876,5877.594,0.0,0.0,0.0,10000000000.0,0.26924516078755223,4.0528344678423683e-05,6.413234602578674,0.4955048586371194
HeII_4686,4687.02,0.0,0.0,0.0,10000000000.0,0.26924516078755223,4.0528344678423683e-05,6.413234602578674,0.4955048586371194
NeIII_3869,3870.16,2.152273702201569,1.560986735236918,81.47460893095032,59.4257146898936,0.26924516078755223,4.0528344678423683e-05,6.413234602578674,0.4955048586371194
