line,wl,amp,amp_err,flux,flux_err,z,zerr,FWHM,FWHMerr
HI_6563,6564.61,0.0,0.0,0.0,10000000000.0,0.2701165593858535,2.0730771560996804e-05,1.8376173530487923,0.2519053288722417
HI_4861,4862.683,0.26969602725637287,0.26969602725637287,2.9253463392248795,32.20043564098458,0.2701165593858535,2.0730771560996804e-05,1.8376173530487923,0.2519053288722417
HI_4341,4341.684,6.726355712893337,6.726355712893337,72.95962147166524,34.950884658271015,0.2701165593858535,2.0730771560996804e-05,1.8376173530487923,0.2519053288722417
HI_4102,4102.892,0.0,0.0,0.0,10000000000.0,0.2701165593858535,2.0730771560996804e-05,1.8376173530487923,0.2519053288722417
OIII_4363,4364.436,2.7591792357070517,2.7591792357070517,29.928341765183323,32.85170164396623,0.2701165593858535,2.0730771560996804e-05,1.8376173530487923,0.2519053288722417
OIII_5007,5008.24,0.0,0.0,0.0,10000000000.0,0.2701165593858535,2.0730771560996804e-05,1.8376173530487923,0.2519053288722417
OIII_4959,4960.295,33.13918844718842,33.13918844718842,359.45506722911983,65.09876081977019,0.2701165593858535,2.0730771560996804e-05,1.8376173530487923,0.2519053288722417
OII_3726,3727.092,6.143274668779327,6.143274668779327,66.635041850591,34.172065275505865,0.2701165593858535,2.0730771560996804e-05,1.8376173530487923,0.2519053288722417
OII_3729,3729.875,0.0,0.0,0.0,10000000000.0,0.2701165593858535,2.0730771560996804e-05,1.8376173530487923,0.2519053288722417
OI_6300,6302.046,1.733037116725086,1.733037116725086,18.797955004110182,33.519444363757565,0.2701165593858535,2.0730771560996804e-05,1.8376173530487923,0.2519053288722417
SII_6717,6718.29,0.6335751294943748,0.6335751294943748,6.872280265101687,33.52144593295099,0.2701165593858535,2.0730771560996804e-05,1.8376173530487923,0.2519053288722417
SII_6731,6732.67,0.0,0.0,0.0,10000000000.0,0.2701165593858535,2.0730771560996804e-05,1.8376173530487923,0.2519053288722417
NII_6548,6549.85,0.0,0.0,0.0,10000000000.0,0.2701165593858535,2.0730771560996804e-05,1.8376173530487923,0.2519053288722417
NII_6584,6585.28,0.0,0.0,0.0,10000000000.0,0.2701165593858535,2.0730771560996804e-05,1.8376173530487923,0.2519053288722417
NII_5755,5756.24,0.0,0.0,0.0,10000000000.0,0.2701165593858535,2.0730771560996804e-05,1.8376173530487923,0.2519053288722417
HeI_5876,5877.594,3.2749752836429025,3.2749752836429025,35.52309262586789,33.59871162843705,0.2701165593858535,2.0730771560996804e-05,1.8376173530487923,0.2519053288722417
HeII_4686,4687.02,0.0,0.0,0.0,10000000000.0,0.2701165593858535,2.0730771560996804e-05,1.8376173530487923,0.2519053288722417
NeIII_3869,3870.16,0.0,10000000000.0,0.0,10000000000.0,0.2701165593858535,2.0730771560996804e-05,1.8376173530487923,0.2519053288722417
