line,wl,amp,amp_err,flux,flux_err,z,zerr,FWHM,FWHMerr
HI_6563,6564.61,3.756336056962141,3.756336056962141,18.47716290060401,34.2512362079313,0.27017259389446324,6.377319063981795e-06,0.8333418462060221,0.36124605779593094
HI_4861,4862.683,0.0,0.0,0.0,10000000000.0,0.27017259389446324,6.377319063981795e-06,0.8333418462060221,0.36124605779593094
HI_4341,4341.684,5.123335874629561,5.123335874629561,25.201342508901355,21.871713883464096,0.27017259389446324,6.377319063981795e-06,0.8333418462060221,0.36124605779593094
HI_4102,4102.892,0.0,0.0,0.0,10000000000.0,0.27017259389446324,6.377319063981795e-06,0.8333418462060221,0.36124605779593094
OIII_4363,4364.436,2.775888611269238,2.775888611269238,13.654408254897545,18.411746660528483,0.27017259389446324,6.377319063981795e-06,0.8333418462060221,0.36124605779593094
OIII_5007,5008.24,9.229139054380198,9.229139054380198,45.397510540635864,31.961369735554538,0.27017259389446324,6.377319063981795e-06,0.8333418462060221,0.36124605779593094
OIII_4959,4960.295,91.321655535623,91.321655535623,449.20504451595144,635.9158603189475,0.27017259389446324,6.377319063981795e-06,0.8333418462060221,0.36124605779593094
OII_3726,3727.092,1.1598184050214968,1.1598184050214968,5.705068257932202,41.50282980533024,0.27017259389446324,6.377319063981795e-06,0.8333418462060221,0.36124605779593094
OII_3729,3729.875,13.541666108209256,13.541666108209256,66.61053932148025,40.44160804593234,0.27017259389446324,6.377319063981795e-06,0.8333418462060221,0.36124605779593094
OI_6300,6302.046,3.9867115813289047,3.9867115813289047,19.610364517149275,20.78586481842206,0.27017259389446324,6.377319063981795e-06,0.8333418462060221,0.36124605779593094
SII_6717,6718.29,0.0,0.0,0.0,10000000000.0,0.27017259389446324,6.377319063981795e-06,0.8333418462060221,0.36124605779593094
SII_6731,6732.67,5.6083114147332935,5.6083114147332935,27.586904375949025,67.05480486342589,0.27017259389446324,6.377319063981795e-06,0.8333418462060221,0.36124605779593094
NII_6548,6549.85,0.0,0.0,0.0,10000000000.0,0.27017259389446324,6.377319063981795e-06,0.8333418462060221,0.36124605779593094
NII_6584,6585.28,0.0,0.0,0.0,10000000000.0,0.27017259389446324,6.377319063981795e-06,0.8333418462060221,0.36124605779593094
NII_5755,5756.24,0.0,0.0,0.0,10000000000.0,0.27017259389446324,6.377319063981795e-06,0.8333418462060221,0.36124605779593094
HeI_5876,5877.594,0.0,0.0,0.0,10000000000.0,0.27017259389446324,6.377319063981795e-06,0.8333418462060221,0.36124605779593094
HeII_4686,4687.02,0.0,0.0,0.0,10000000000.0,0.27017259389446324,6.377319063981795e-06,0.8333418462060221,0.36124605779593094
NeIII_3869,3870.16,0.0,10000000000.0,0.0,10000000000.0,0.27017259389446324,6.377319063981795e-06,0.8333418462060221,0.36124605779593094
