line,wl,amp,amp_err,flux,flux_err,z,zerr,FWHM,FWHMerr
HI_6563,6564.61,15.18202496827098,15.18202496827098,539.4892367804971,80.53449330435804,0.26973674129065395,3.892097982773044e-05,6.0201238379351185,0.46057617420014957
HI_4861,4862.683,6.201268163289797,6.201268163289797,220.36042197771562,68.64187996032345,0.26973674129065395,3.892097982773044e-05,6.0201238379351185,0.46057617420014957
HI_4341,4341.684,1.8054103635859065,1.8054103635859065,64.15477916563363,66.23118673576138,0.26973674129065395,3.892097982773044e-05,6.0201238379351185,0.46057617420014957
HI_4102,4102.892,0.908628961093541,0.908628961093541,32.28788951154233,66.0612351153296,0.26973674129065395,3.892097982773044e-05,6.0201238379351185,0.46057617420014957
OIII_4363,4364.436,0.0,0.0,0.0,10000000000.0,0.26973674129065395,3.892097982773044e-05,6.0201238379351185,0.46057617420014957
OIII_5007,5008.24,15.91273407080564,15.91273407080564,565.4547912344549,81.82682645547972,0.26973674129065395,3.892097982773044e-05,6.0201238379351185,0.46057617420014957
OIII_4959,4960.295,20.673233569128797,20.673233569128797,734.6178802434426,91.1274153860552,0.26973674129065395,3.892097982773044e-05,6.0201238379351185,0.46057617420014957
OII_3726,3727.092,15.532805696005084,15.532805696005084,551.9541370476273,98.56185291781283,0.26973674129065395,3.892097982773044e-05,6.0201238379351185,0.46057617420014957
OII_3729,3729.875,7.290366596283434,7.290366596283434,259.06124638174026,94.47713448703351,0.26973674129065395,3.892097982773044e-05,6.0201238379351185,0.46057617420014957
OI_6300,6302.046,3.1695991051061583,3.1695991051061583,112.63086483440352,66.70283359114924,0.26973674129065395,3.892097982773044e-05,6.0201238379351185,0.46057617420014957
SII_6717,6718.29,1.1001747529119257,1.1001747529119257,39.09441849911684,66.08813770652668,0.26973674129065395,3.892097982773044e-05,6.0201238379351185,0.46057617420014957
SII_6731,6732.67,2.59355115203698,2.59355115203698,92.16115336971139,66.47258863778043,0.26973674129065395,3.892097982773044e-05,6.0201238379351185,0.46057617420014957
NII_6548,6549.85,0.0,0.0,0.0,10000000000.0,0.26973674129065395,3.892097982773044e-05,6.0201238379351185,0.46057617420014957
NII_6584,6585.28,1.1186559149880395,1.1186559149880395,39.75114169935505,66.09099813983451,0.26973674129065395,3.892097982773044e-05,6.0201238379351185,0.46057617420014957
NII_5755,5756.24,0.0,0.0,0.0,10000000000.0,0.26973674129065395,3.892097982773044e-05,6.0201238379351185,0.46057617420014957
HeI_5876,5877.594,2.9209585880799978,2.9209585880799978,103.79548990625727,66.5978703515913,0.26973674129065395,3.892097982773044e-05,6.0201238379351185,0.46057617420014957
HeII_4686,4687.02,0.0,0.0,0.0,10000000000.0,0.26973674129065395,3.892097982773044e-05,6.0201238379351185,0.46057617420014957
NeIII_3869,3870.16,1.3120792566739965,1.8581133155700131,46.62438892426554,66.12384693631371,0.26973674129065395,3.892097982773044e-05,6.0201238379351185,0.46057617420014957
