line,wl,amp,amp_err,flux,flux_err,z,zerr,FWHM,FWHMerr
HI_6563,6564.61,2.0034301830803543,2.0034301830803543,23.370866480331784,35.66136515003678,0.2702289996250657,1.2392229585687891e-05,1.9763003321042398,0.16092619787855433
HI_4861,4862.683,1.8245836208789115,1.8245836208789115,21.28454514955815,36.4946122931057,0.2702289996250657,1.2392229585687891e-05,1.9763003321042398,0.16092619787855433
HI_4341,4341.684,0.0,0.0,0.0,10000000000.0,0.2702289996250657,1.2392229585687891e-05,1.9763003321042398,0.16092619787855433
HI_4102,4102.892,0.0,0.0,0.0,10000000000.0,0.2702289996250657,1.2392229585687891e-05,1.9763003321042398,0.16092619787855433
OIII_4363,4364.436,0.0,0.0,0.0,10000000000.0,0.2702289996250657,1.2392229585687891e-05,1.9763003321042398,0.16092619787855433
OIII_5007,5008.24,10.50133088612256,10.50133088612256,122.50249800469886,38.1887420104469,0.2702289996250657,1.2392229585687891e-05,1.9763003321042398,0.16092619787855433
OIII_4959,4960.295,57.46645194453504,57.46645194453504,670.3706407323624,71.88408075362673,0.2702289996250657,1.2392229585687891e-05,1.9763003321042398,0.16092619787855433
OII_3726,3727.092,21.28496330403391,21.28496330403391,248.29816362878782,43.46525102112539,0.2702289996250657,1.2392229585687891e-05,1.9763003321042398,0.16092619787855433
OII_3729,3729.875,3.988866704401403,3.988866704401403,46.53182923153914,36.65928470734352,0.2702289996250657,1.2392229585687891e-05,1.9763003321042398,0.16092619787855433
OI_6300,6302.046,0.0,0.0,0.0,10000000000.0,0.2702289996250657,1.2392229585687891e-05,1.9763003321042398,0.16092619787855433
SII_6717,6718.29,2.4460422181026615,2.4460422181026615,28.53412440688933,35.8560218796014,0.2702289996250657,1.2392229585687891e-05,1.9763003321042398,0.16092619787855433
SII_6731,6732.67,1.5189692008071916,1.5189692008071916,17.719422757831797,36.017205444791635,0.2702289996250657,1.2392229585687891e-05,1.9763003321042398,0.16092619787855433
NII_6548,6549.85,1.2302725172673945,1.2302725172673945,14.351652969144041,35.62434216226682,0.2702289996250657,1.2392229585687891e-05,1.9763003321042398,0.16092619787855433
NII_6584,6585.28,0.0,0.0,0.0,10000000000.0,0.2702289996250657,1.2392229585687891e-05,1.9763003321042398,0.16092619787855433
NII_5755,5756.24,0.0,0.0,0.0,10000000000.0,0.2702289996250657,1.2392229585687891e-05,1.9763003321042398,0.16092619787855433
HeI_5876,5877.594,0.7953536755110235,0.7953536755110235,9.278139419078386,35.78162608562499,0.2702289996250657,1.2392229585687891e-05,1.9763003321042398,0.16092619787855433
HeII_4686,4687.02,0.0,0.0,0.0,10000000000.0,0.2702289996250657,1.2392229585687891e-05,1.9763003321042398,0.16092619787855433
NeIII_3869,3870.16,0.0,10000000000.0,0.0,10000000000.0,0.2702289996250657,1.2392229585687891e-05,1.9763003321042398,0.16092619787855433
