line,wl,amp,amp_err,flux,flux_err,z,zerr,FWHM,FWHMerr
HI_6563,6564.61,2.54724655921018,2.54724655921018,40.3434465375422,36.79929798344982,0.2701581081964747,2.671920783778486e-05,2.683208090323963,0.2978002527070268
HI_4861,4862.683,1.7496570679059005,1.7496570679059005,27.711175474109336,36.60951489811331,0.2701581081964747,2.671920783778486e-05,2.683208090323963,0.2978002527070268
HI_4341,4341.684,1.9693528009109968,1.9693528009109968,31.190729907884087,36.64796549375301,0.2701581081964747,2.671920783778486e-05,2.683208090323963,0.2978002527070268
HI_4102,4102.892,0.0,0.0,0.0,10000000000.0,0.2701581081964747,2.671920783778486e-05,2.683208090323963,0.2978002527070268
OIII_4363,4364.436,0.4146213178700009,0.4146213178700009,6.5667977488603455,36.44817194389948,0.2701581081964747,2.671920783778486e-05,2.683208090323963,0.2978002527070268
OIII_5007,5008.24,1.5089993789065375,1.5089993789065375,23.89962430137767,36.56248241579362,0.2701581081964747,2.671920783778486e-05,2.683208090323963,0.2978002527070268
OIII_4959,4960.295,24.78161738276276,24.78161738276276,392.49276925328917,60.894917209523236,0.2701581081964747,2.671920783778486e-05,2.683208090323963,0.2978002527070268
OII_3726,3727.092,8.921261018446103,8.921261018446103,141.29547673497993,41.41698127263368,0.2701581081964747,2.671920783778486e-05,2.683208090323963,0.2978002527070268
OII_3729,3729.875,9.428141821673421,9.428141821673421,149.32348584621744,41.78128578928177,0.2701581081964747,2.671920783778486e-05,2.683208090323963,0.2978002527070268
OI_6300,6302.046,0.0,0.0,0.0,10000000000.0,0.2701581081964747,2.671920783778486e-05,2.683208090323963,0.2978002527070268
SII_6717,6718.29,0.0,0.0,0.0,10000000000.0,0.2701581081964747,2.671920783778486e-05,2.683208090323963,0.2978002527070268
SII_6731,6732.67,0.0,0.0,0.0,10000000000.0,0.2701581081964747,2.671920783778486e-05,2.683208090323963,0.2978002527070268
NII_6548,6549.85,1.8801598037961185,1.8801598037961185,29.778085773527895,36.64350218716328,0.2701581081964747,2.671920783778486e-05,2.683208090323963,0.2978002527070268
NII_6584,6585.28,0.0,0.0,0.0,10000000000.0,0.2701581081964747,2.671920783778486e-05,2.683208090323963,0.2978002527070268
NII_5755,5756.24,1.28069213708784,1.28069213708784,20.283680265201493,36.532433494535994,0.2701581081964747,2.671920783778486e-05,2.683208090323963,0.2978002527070268
HeI_5876,5877.594,0.0,0.0,0.0,10000000000.0,0.2701581081964747,2.671920783778486e-05,2.683208090323963,0.2978002527070268
HeII_4686,4687.02,0.0,0.0,0.0,10000000000.0,0.2701581081964747,2.671920783778486e-05,2.683208090323963,0.2978002527070268
NeIII_3869,3870.16,2.21749910828828,2.3047910518342776,35.1208862757341,36.71094908014663,0.2701581081964747,2.671920783778486e-05,2.683208090323963,0.2978002527070268
