line,wl,amp,amp_err,flux,flux_err,z,zerr,FWHM,FWHMerr
HI_6563,6564.61,0.0,0.0,0.0,10000000000.0,0.2701391887832375,3.2324809681053776e-05,2.989087378648503,0.3887478204467024
HI_4861,4862.683,0.0,0.0,0.0,10000000000.0,0.2701391887832375,3.2324809681053776e-05,2.989087378648503,0.3887478204467024
HI_4341,4341.684,0.0,0.0,0.0,10000000000.0,0.2701391887832375,3.2324809681053776e-05,2.989087378648503,0.3887478204467024
HI_4102,4102.892,4.831514466091448,4.831514466091448,85.24512524113216,41.3943216591741,0.2701391887832375,3.2324809681053776e-05,2.989087378648503,0.3887478204467024
OIII_4363,4364.436,0.0,0.0,0.0,10000000000.0,0.2701391887832375,3.2324809681053776e-05,2.989087378648503,0.3887478204467024
OIII_5007,5008.24,4.134214716747579,4.134214716747579,72.94227385144885,40.893616572305135,0.2701391887832375,3.2324809681053776e-05,2.989087378648503,0.3887478204467024
OIII_4959,4960.295,20.600273897953343,20.600273897953343,363.4622106085236,65.98727430540318,0.2701391887832375,3.2324809681053776e-05,2.989087378648503,0.3887478204467024
OII_3726,3727.092,0.0,0.0,0.0,10000000000.0,0.2701391887832375,3.2324809681053776e-05,2.989087378648503,0.3887478204467024
OII_3729,3729.875,0.0,0.0,0.0,10000000000.0,0.2701391887832375,3.2324809681053776e-05,2.989087378648503,0.3887478204467024
OI_6300,6302.046,0.0,0.0,0.0,10000000000.0,0.2701391887832375,3.2324809681053776e-05,2.989087378648503,0.3887478204467024
SII_6717,6718.29,0.0,0.0,0.0,10000000000.0,0.2701391887832375,3.2324809681053776e-05,2.989087378648503,0.3887478204467024
SII_6731,6732.67,4.147954115979132,4.147954115979132,73.18468579421575,40.90547636310957,0.2701391887832375,3.2324809681053776e-05,2.989087378648503,0.3887478204467024
NII_6548,6549.85,0.2299524986049164,0.2299524986049164,4.057181175935725,39.50238469640355,0.2701391887832375,3.2324809681053776e-05,2.989087378648503,0.3887478204467024
NII_6584,6585.28,0.0,0.0,0.0,10000000000.0,0.2701391887832375,3.2324809681053776e-05,2.989087378648503,0.3887478204467024
NII_5755,5756.24,0.0,0.0,0.0,10000000000.0,0.2701391887832375,3.2324809681053776e-05,2.989087378648503,0.3887478204467024
HeI_5876,5877.594,0.0,0.0,0.0,10000000000.0,0.2701391887832375,3.2324809681053776e-05,2.989087378648503,0.3887478204467024
HeII_4686,4687.02,0.0,0.0,0.0,10000000000.0,0.2701391887832375,3.2324809681053776e-05,2.989087378648503,0.3887478204467024
NeIII_3869,3870.16,3.962229786381954,2.2534134440742273,69.90784706218885,40.784562365042966,0.2701391887832375,3.2324809681053776e-05,2.989087378648503,0.3887478204467024
