line,wl,amp,amp_err,flux,flux_err,z,zerr,FWHM,FWHMerr
HI_6563,6564.61,38.96171323390695,38.96171323390695,1127.9540026118618,70.07538001303365,0.2692155113179842,1.4619246219827069e-05,4.904623627526225,0.18135440827818203
HI_4861,4862.683,15.89373065064683,15.89373065064683,460.1285625250783,55.65999971084433,0.2692155113179842,1.4619246219827069e-05,4.904623627526225,0.18135440827818203
HI_4341,4341.684,7.213589694617099,7.213589694617099,208.8357182959309,53.01643592509905,0.2692155113179842,1.4619246219827069e-05,4.904623627526225,0.18135440827818203
HI_4102,4102.892,6.770405390238693,6.770405390238693,196.00539158474976,52.93264913724993,0.2692155113179842,1.4619246219827069e-05,4.904623627526225,0.18135440827818203
OIII_4363,4364.436,0.021916032287435883,0.021916032287435883,0.6344761122688761,52.30878074737946,0.2692155113179842,1.4619246219827069e-05,4.904623627526225,0.18135440827818203
OIII_5007,5008.24,42.65908724424776,42.65908724424776,1234.9941573678796,73.09449799414386,0.2692155113179842,1.4619246219827069e-05,4.904623627526225,0.18135440827818203
OIII_4959,4960.295,14.587124746551922,14.587124746551922,422.30190560903804,55.14521311985797,0.2692155113179842,1.4619246219827069e-05,4.904623627526225,0.18135440827818203
OII_3726,3727.092,27.978482837681895,27.978482837681895,809.9859858397197,73.37193367352641,0.2692155113179842,1.4619246219827069e-05,4.904623627526225,0.18135440827818203
OII_3729,3729.875,31.035389125606343,31.035389125606343,898.4843961219717,74.31093193108215,0.2692155113179842,1.4619246219827069e-05,4.904623627526225,0.18135440827818203
OI_6300,6302.046,2.5570455535131487,2.5570455535131487,74.02728287718057,52.3982260004353,0.2692155113179842,1.4619246219827069e-05,4.904623627526225,0.18135440827818203
SII_6717,6718.29,3.81835676119465,3.81835676119465,110.54264391128999,52.50801870229556,0.2692155113179842,1.4619246219827069e-05,4.904623627526225,0.18135440827818203
SII_6731,6732.67,4.442064617053688,4.442064617053688,128.59918491227506,52.578243972242014,0.2692155113179842,1.4619246219827069e-05,4.904623627526225,0.18135440827818203
NII_6548,6549.85,0.0,0.0,0.0,10000000000.0,0.2692155113179842,1.4619246219827069e-05,4.904623627526225,0.18135440827818203
NII_6584,6585.28,7.211486087771505,7.211486087771505,208.77481820801214,53.01602595102121,0.2692155113179842,1.4619246219827069e-05,4.904623627526225,0.18135440827818203
NII_5755,5756.24,0.0,0.0,0.0,10000000000.0,0.2692155113179842,1.4619246219827069e-05,4.904623627526225,0.18135440827818203
HeI_5876,5877.594,2.91243186397071,2.91243186397071,84.31582971154346,52.42479208430841,0.2692155113179842,1.4619246219827069e-05,4.904623627526225,0.18135440827818203
HeII_4686,4687.02,0.0,0.0,0.0,10000000000.0,0.2692155113179842,1.4619246219827069e-05,4.904623627526225,0.18135440827818203
NeIII_3869,3870.16,2.2131280871750505,1.8073097549027446,64.07076273148552,52.3758004002982,0.2692155113179842,1.4619246219827069e-05,4.904623627526225,0.18135440827818203
