line,wl,amp,amp_err,flux,flux_err,z,zerr,FWHM,FWHMerr
HI_6563,6564.61,20.689490424032215,20.689490424032215,639.5796356412897,75.72127320274173,0.26916702988620456,2.916817410605081e-05,5.237176070021433,0.36970951480439657
HI_4861,4862.683,11.792235780680812,11.792235780680812,364.5364728385671,63.3517042134024,0.26916702988620456,2.916817410605081e-05,5.237176070021433,0.36970951480439657
HI_4341,4341.684,0.0,0.0,0.0,10000000000.0,0.26916702988620456,2.916817410605081e-05,5.237176070021433,0.36970951480439657
HI_4102,4102.892,0.45731793376069163,0.45731793376069163,14.137189048752145,56.453322423918586,0.26916702988620456,2.916817410605081e-05,5.237176070021433,0.36970951480439657
OIII_4363,4364.436,2.879343172111703,2.879343172111703,89.00988952179961,56.87779118735629,0.26916702988620456,2.916817410605081e-05,5.237176070021433,0.36970951480439657
OIII_5007,5008.24,22.888746512112675,22.888746512112675,707.5658150332447,79.39887539468245,0.26916702988620456,2.916817410605081e-05,5.237176070021433,0.36970951480439657
OIII_4959,4960.295,4.07993935839545,4.07993935839545,126.12423384048525,57.31336194878433,0.26916702988620456,2.916817410605081e-05,5.237176070021433,0.36970951480439657
OII_3726,3727.092,10.521915986064073,10.521915986064073,325.26674435626705,75.82166203978778,0.26916702988620456,2.916817410605081e-05,5.237176070021433,0.36970951480439657
OII_3729,3729.875,14.69704129255058,14.69704129255058,454.3334863373846,77.98793088394447,0.26916702988620456,2.916817410605081e-05,5.237176070021433,0.36970951480439657
OI_6300,6302.046,0.0,0.0,0.0,10000000000.0,0.26916702988620456,2.916817410605081e-05,5.237176070021433,0.36970951480439657
SII_6717,6718.29,3.9134290603376485,3.9134290603376485,120.97685739091216,57.244166903647,0.26916702988620456,2.916817410605081e-05,5.237176070021433,0.36970951480439657
SII_6731,6732.67,2.0365290153970363,2.0365290153970363,62.95575477913099,56.66055351789692,0.26916702988620456,2.916817410605081e-05,5.237176070021433,0.36970951480439657
NII_6548,6549.85,0.1587172976662714,0.1587172976662714,4.906469387638985,56.44360211615239,0.26916702988620456,2.916817410605081e-05,5.237176070021433,0.36970951480439657
NII_6584,6585.28,5.7519314547965905,5.7519314547965905,177.81096337777782,58.16085718300863,0.26916702988620456,2.916817410605081e-05,5.237176070021433,0.36970951480439657
NII_5755,5756.24,0.23415200832675964,0.23415200832675964,7.238402353126607,56.44518182321257,0.26916702988620456,2.916817410605081e-05,5.237176070021433,0.36970951480439657
HeI_5876,5877.594,1.5932266775498647,1.5932266775498647,49.25183351725736,56.57597542720281,0.26916702988620456,2.916817410605081e-05,5.237176070021433,0.36970951480439657
HeII_4686,4687.02,0.0,0.0,0.0,10000000000.0,0.26916702988620456,2.916817410605081e-05,5.237176070021433,0.36970951480439657
NeIII_3869,3870.16,1.2094013097001834,1.826326386978448,37.38653940474342,56.51936071493558,0.26916702988620456,2.916817410605081e-05,5.237176070021433,0.36970951480439657
