line,wl,amp,amp_err,flux,flux_err,z,zerr,FWHM,FWHMerr
HI_6563,6564.61,2275.0733214576953,2275.0733214576953,62573.00254168183,237.1534609442062,0.26923402256622264,8.61754444440608e-07,4.659549599185038,0.01182102864468905
HI_4861,4862.683,628.7575441691376,628.7575441691376,17293.177779513888,164.76627497756667,0.26923402256622264,8.61754444440608e-07,4.659549599185038,0.01182102864468905
HI_4341,4341.684,270.697271651185,270.697271651185,7445.184692422628,158.70710773481102,0.26923402256622264,8.61754444440608e-07,4.659549599185038,0.01182102864468905
HI_4102,4102.892,112.78403711068722,112.78403711068722,3101.9817138317217,157.54178387800192,0.26923402256622264,8.61754444440608e-07,4.659549599185038,0.01182102864468905
OIII_4363,4364.436,6.600052450116323,6.600052450116323,181.52606109052888,157.2968025053429,0.26923402256622264,8.61754444440608e-07,4.659549599185038,0.01182102864468905
OIII_5007,5008.24,1863.499563877088,1863.499563877088,51253.18900587892,214.18604928892978,0.26923402256622264,8.61754444440608e-07,4.659549599185038,0.01182102864468905
OIII_4959,4960.295,611.2122007910273,611.2122007910273,16810.6153911115,164.36401039954566,0.26923402256622264,8.61754444440608e-07,4.659549599185038,0.01182102864468905
OII_3726,3727.092,634.956308956343,634.956308956343,17463.66693303997,186.7160551852257,0.26923402256622264,8.61754444440608e-07,4.659549599185038,0.01182102864468905
OII_3729,3729.875,733.2388258620506,733.2388258620506,20166.80274942912,188.08829938276614,0.26923402256622264,8.61754444440608e-07,4.659549599185038,0.01182102864468905
OI_6300,6302.046,45.37759039836851,45.37759039836851,1248.0529979197456,157.33578031869024,0.26923402256622264,8.61754444440608e-07,4.659549599185038,0.01182102864468905
SII_6717,6718.29,232.78215621686718,232.78215621686718,6402.377591630098,158.34073524824612,0.26923402256622264,8.61754444440608e-07,4.659549599185038,0.01182102864468905
SII_6731,6732.67,177.487207614103,177.487207614103,4881.560250566979,157.90417726899375,0.26923402256622264,8.61754444440608e-07,4.659549599185038,0.01182102864468905
NII_6548,6549.85,120.14442392919022,120.14442392919022,3304.419806159602,157.5749356505416,0.26923402256622264,8.61754444440608e-07,4.659549599185038,0.01182102864468905
NII_6584,6585.28,378.14116895092843,378.14116895092843,10400.292642313841,160.03821030532762,0.26923402256622264,8.61754444440608e-07,4.659549599185038,0.01182102864468905
NII_5755,5756.24,9.03687731790103,9.03687731790103,248.54783450213424,157.29752809999488,0.26923402256622264,8.61754444440608e-07,4.659549599185038,0.01182102864468905
HeI_5876,5877.594,87.0184803428599,87.0184803428599,2393.3327951726465,157.44236709854286,0.26923402256622264,8.61754444440608e-07,4.659549599185038,0.01182102864468905
HeII_4686,4687.02,0.0,0.0,0.0,10000000000.0,0.26923402256622264,8.61754444440608e-07,4.659549599185038,0.01182102864468905
NeIII_3869,3870.16,143.1790586189784,5.721959722706827,3937.9581811194566,157.6920185320146,0.26923402256622264,8.61754444440608e-07,4.659549599185038,0.01182102864468905
