line,wl,amp,amp_err,flux,flux_err,z,zerr,FWHM,FWHMerr
HI_6563,6564.61,0.0,0.0,0.0,10000000000.0,0.27008649864438405,2.385849247265094e-05,1.630433870768535,0.188428716754106
HI_4861,4862.683,0.0,0.0,0.0,10000000000.0,0.27008649864438405,2.385849247265094e-05,1.630433870768535,0.188428716754106
HI_4341,4341.684,5.739159719358213,5.739159719358213,55.23306683502605,32.15273453655217,0.27008649864438405,2.385849247265094e-05,1.630433870768535,0.188428716754106
HI_4102,4102.892,5.405846134749481,5.405846134749481,52.025292109116364,29.202986573370325,0.27008649864438405,2.385849247265094e-05,1.630433870768535,0.188428716754106
OIII_4363,4364.436,0.6858678829840983,0.6858678829840983,6.600720048455941,30.275838763317655,0.27008649864438405,2.385849247265094e-05,1.630433870768535,0.188428716754106
OIII_5007,5008.24,1.3311039295439286,1.3311039295439286,12.810403595648173,29.046789636044483,0.27008649864438405,2.385849247265094e-05,1.630433870768535,0.188428716754106
OIII_4959,4960.295,31.633138452326875,31.633138452326875,304.433982634375,48.05985160330841,0.27008649864438405,2.385849247265094e-05,1.630433870768535,0.188428716754106
OII_3726,3727.092,13.710265365061218,13.710265365061218,131.94614547494254,33.119292835964835,0.27008649864438405,2.385849247265094e-05,1.630433870768535,0.188428716754106
OII_3729,3729.875,4.030265045129909,4.030265045129909,38.78684502361653,28.943307101798556,0.27008649864438405,2.385849247265094e-05,1.630433870768535,0.188428716754106
OI_6300,6302.046,0.0,0.0,0.0,10000000000.0,0.27008649864438405,2.385849247265094e-05,1.630433870768535,0.188428716754106
SII_6717,6718.29,0.1415720487833596,0.1415720487833596,1.3624744413450978,30.99607452672053,0.27008649864438405,2.385849247265094e-05,1.630433870768535,0.188428716754106
SII_6731,6732.67,0.3111538504570035,0.3111538504570035,2.9945117854620737,28.505620268487338,0.27008649864438405,2.385849247265094e-05,1.630433870768535,0.188428716754106
NII_6548,6549.85,0.0,0.0,0.0,10000000000.0,0.27008649864438405,2.385849247265094e-05,1.630433870768535,0.188428716754106
NII_6584,6585.28,0.0,0.0,0.0,10000000000.0,0.27008649864438405,2.385849247265094e-05,1.630433870768535,0.188428716754106
NII_5755,5756.24,0.0,0.0,0.0,10000000000.0,0.27008649864438405,2.385849247265094e-05,1.630433870768535,0.188428716754106
HeI_5876,5877.594,0.0,0.0,0.0,10000000000.0,0.27008649864438405,2.385849247265094e-05,1.630433870768535,0.188428716754106
HeII_4686,4687.02,0.0,0.0,0.0,10000000000.0,0.27008649864438405,2.385849247265094e-05,1.630433870768535,0.188428716754106
NeIII_3869,3870.16,0.0,10000000000.0,0.0,10000000000.0,0.27008649864438405,2.385849247265094e-05,1.630433870768535,0.188428716754106
