line,wl,amp,amp_err,flux,flux_err,z,zerr,FWHM,FWHMerr
HI_6563,6564.61,1.82024643331863,1.82024643331863,30.40541858780068,38.509330433788335,0.2702577330787872,2.421212123588639e-05,2.8299133617103545,0.27786013889692024
HI_4861,4862.683,0.0,0.0,0.0,10000000000.0,0.2702577330787872,2.421212123588639e-05,2.8299133617103545,0.27786013889692024
HI_4341,4341.684,1.3898190615781232,1.3898190615781232,23.215554528813623,38.45011559827695,0.2702577330787872,2.421212123588639e-05,2.8299133617103545,0.27786013889692024
HI_4102,4102.892,0.0,0.0,0.0,10000000000.0,0.2702577330787872,2.421212123588639e-05,2.8299133617103545,0.27786013889692024
OIII_4363,4364.436,0.0,0.0,0.0,10000000000.0,0.2702577330787872,2.421212123588639e-05,2.8299133617103545,0.27786013889692024
OIII_5007,5008.24,1.9509928709386486,1.9509928709386486,32.58940867394115,38.538158800998595,0.2702577330787872,2.421212123588639e-05,2.8299133617103545,0.27786013889692024
OIII_4959,4960.295,30.490797926207733,30.490797926207733,509.3186598542873,67.79435369602085,0.2702577330787872,2.421212123588639e-05,2.8299133617103545,0.27786013889692024
OII_3726,3727.092,8.715901314239545,8.715901314239545,145.590521689008,42.00358455312335,0.2702577330787872,2.421212123588639e-05,2.8299133617103545,0.27786013889692024
OII_3729,3729.875,3.4923694067281303,3.4923694067281303,58.33658109753875,39.60834217262217,0.2702577330787872,2.421212123588639e-05,2.8299133617103545,0.27786013889692024
OI_6300,6302.046,1.4149396440913051,1.4149396440913051,23.635169045014123,38.45668950103548,0.2702577330787872,2.421212123588639e-05,2.8299133617103545,0.27786013889692024
SII_6717,6718.29,3.3865822575596667,3.3865822575596667,56.56951126962924,38.86832139404944,0.2702577330787872,2.421212123588639e-05,2.8299133617103545,0.27786013889692024
SII_6731,6732.67,0.1936445713457715,0.1936445713457715,3.234641277823486,38.365380443423355,0.2702577330787872,2.421212123588639e-05,2.8299133617103545,0.27786013889692024
NII_6548,6549.85,0.0,0.0,0.0,10000000000.0,0.2702577330787872,2.421212123588639e-05,2.8299133617103545,0.27786013889692024
NII_6584,6585.28,4.692381519427045,4.692381519427045,78.38159804094215,39.31677154834107,0.2702577330787872,2.421212123588639e-05,2.8299133617103545,0.27786013889692024
NII_5755,5756.24,0.0,0.0,0.0,10000000000.0,0.2702577330787872,2.421212123588639e-05,2.8299133617103545,0.27786013889692024
HeI_5876,5877.594,0.0,0.0,0.0,10000000000.0,0.2702577330787872,2.421212123588639e-05,2.8299133617103545,0.27786013889692024
HeII_4686,4687.02,0.0,0.0,0.0,10000000000.0,0.2702577330787872,2.421212123588639e-05,2.8299133617103545,0.27786013889692024
NeIII_3869,3870.16,1.022994799311391,2.2971904388838764,17.088117584989224,38.40896103060905,0.2702577330787872,2.421212123588639e-05,2.8299133617103545,0.27786013889692024
