line,wl,amp,amp_err,flux,flux_err,z,zerr,FWHM,FWHMerr
HI_6563,6564.61,1026.6962473359788,1026.6962473359788,28128.22999862593,227.80628166545105,0.26924930491729127,1.775487197876392e-06,4.641440331449889,0.023012361141932367
HI_4861,4862.683,428.34826154250686,428.34826154250686,11735.38760996013,178.37044743164984,0.26924930491729127,1.775487197876392e-06,4.641440331449889,0.023012361141932367
HI_4341,4341.684,179.5431950007087,179.5431950007087,4918.915693684647,168.30839451110506,0.26924930491729127,1.775487197876392e-06,4.641440331449889,0.023012361141932367
HI_4102,4102.892,81.33600918657066,81.33600918657066,2228.3494066590592,166.54374103718453,0.26924930491729127,1.775487197876392e-06,4.641440331449889,0.023012361141932367
OIII_4363,4364.436,9.61235798532823,9.61235798532823,263.34820736123874,166.09143071891282,0.26924930491729127,1.775487197876392e-06,4.641440331449889,0.023012361141932367
OIII_5007,5008.24,1135.9063846114418,1135.9063846114418,31120.24235616256,239.4635211710181,0.26924930491729127,1.775487197876392e-06,4.641440331449889,0.023012361141932367
OIII_4959,4960.295,427.6056438713556,427.6056438713556,11715.04223448088,178.32935878121765,0.26924930491729127,1.775487197876392e-06,4.641440331449889,0.023012361141932367
OII_3726,3727.092,419.7546539448804,419.7546539448804,11499.949941174267,202.76380216998157,0.26924930491729127,1.775487197876392e-06,4.641440331449889,0.023012361141932367
OII_3729,3729.875,506.3758129962664,506.3758129962664,13873.09573854818,205.54729816232123,0.26924930491729127,1.775487197876392e-06,4.641440331449889,0.023012361141932367
OI_6300,6302.046,28.411020832621716,28.411020832621716,778.3721140009386,166.14105479502922,0.26924930491729127,1.775487197876392e-06,4.641440331449889,0.023012361141932367
SII_6717,6718.29,97.42681303018912,97.42681303018912,2669.186540865475,166.7427807031834,0.26924930491729127,1.775487197876392e-06,4.641440331449889,0.023012361141932367
SII_6731,6732.67,91.9187347875611,91.9187347875611,2518.2826176641584,166.67061556817117,0.26924930491729127,1.775487197876392e-06,4.641440331449889,0.023012361141932367
NII_6548,6549.85,34.45066157114593,34.45066157114593,943.8391683932067,166.16742704441302,0.26924930491729127,1.775487197876392e-06,4.641440331449889,0.023012361141932367
NII_6584,6585.28,176.0641127620463,176.0641127620463,4823.599843795107,168.22364613460917,0.26924930491729127,1.775487197876392e-06,4.641440331449889,0.023012361141932367
NII_5755,5756.24,0.0,0.0,0.0,10000000000.0,0.26924930491729127,1.775487197876392e-06,4.641440331449889,0.023012361141932367
HeI_5876,5877.594,46.520961313804264,46.520961313804264,1274.5272060623897,166.23522132482486,0.26924930491729127,1.775487197876392e-06,4.641440331449889,0.023012361141932367
HeII_4686,4687.02,0.0,0.0,0.0,10000000000.0,0.26924930491729127,1.775487197876392e-06,4.641440331449889,0.023012361141932367
NeIII_3869,3870.16,94.2950027026352,6.066701938315998,2583.384843007821,166.70124329456658,0.26924930491729127,1.775487197876392e-06,4.641440331449889,0.023012361141932367
