line,wl,amp,amp_err,flux,flux_err,z,zerr,FWHM,FWHMerr
HI_6563,6564.61,193.18582024257557,193.18582024257557,3898.180838976762,62.3254299644248,0.2697997488774148,2.607625391860029e-06,3.4185275010205327,0.03384558494695983
HI_4861,4862.683,57.86415283430051,57.86415283430051,1167.6060466501135,46.79301191613349,0.2697997488774148,2.607625391860029e-06,3.4185275010205327,0.03384558494695983
HI_4341,4341.684,19.30083731135187,19.30083731135187,389.46002397508335,45.17901482055042,0.2697997488774148,2.607625391860029e-06,3.4185275010205327,0.03384558494695983
HI_4102,4102.892,10.912610119360238,10.912610119360238,220.19901676582214,45.03871838514465,0.2697997488774148,2.607625391860029e-06,3.4185275010205327,0.03384558494695983
OIII_4363,4364.436,6.1810364321642055,6.1810364321642055,124.72342822379478,44.99398802073867,0.2697997488774148,2.607625391860029e-06,3.4185275010205327,0.03384558494695983
OIII_5007,5008.24,211.1485298329237,211.1485298329237,4260.639585965933,65.16749074107192,0.2697997488774148,2.607625391860029e-06,3.4185275010205327,0.03384558494695983
OIII_4959,4960.295,78.2409891553225,78.2409891553225,1578.7780095086368,48.24869565389629,0.2697997488774148,2.607625391860029e-06,3.4185275010205327,0.03384558494695983
OII_3726,3727.092,72.45119148532171,72.45119148532171,1461.9491536929797,49.93386230929239,0.2697997488774148,2.607625391860029e-06,3.4185275010205327,0.03384558494695983
OII_3729,3729.875,79.29354931114267,79.29354931114267,1600.0169898133847,50.35011146754214,0.2697997488774148,2.607625391860029e-06,3.4185275010205327,0.03384558494695983
OI_6300,6302.046,2.0406728755259564,2.0406728755259564,41.17751443665087,44.97500319039556,0.2697997488774148,2.607625391860029e-06,3.4185275010205327,0.03384558494695983
SII_6717,6718.29,24.683465141106353,24.683465141106353,498.07284370970564,45.30939181302313,0.2697997488774148,2.607625391860029e-06,3.4185275010205327,0.03384558494695983
SII_6731,6732.67,20.2248993477657,20.2248993477657,408.1061177714663,45.1991582235931,0.2697997488774148,2.607625391860029e-06,3.4185275010205327,0.03384558494695983
NII_6548,6549.85,3.10124966521812,3.10124966521812,62.57825758979834,44.97810813577612,0.2697997488774148,2.607625391860029e-06,3.4185275010205327,0.03384558494695983
NII_6584,6585.28,7.352056110043236,7.352056110043236,148.3527321998365,45.00273789198846,0.2697997488774148,2.607625391860029e-06,3.4185275010205327,0.03384558494695983
NII_5755,5756.24,0.0,0.0,0.0,10000000000.0,0.2697997488774148,2.607625391860029e-06,3.4185275010205327,0.03384558494695983
HeI_5876,5877.594,8.46022609622753,8.46022609622753,170.71382992972426,45.0124059238853,0.2697997488774148,2.607625391860029e-06,3.4185275010205327,0.03384558494695983
HeII_4686,4687.02,0.0,0.0,0.0,10000000000.0,0.2697997488774148,2.607625391860029e-06,3.4185275010205327,0.03384558494695983
NeIII_3869,3870.16,17.413657499286387,2.2304280604033546,351.3797540367406,45.140724513492486,0.2697997488774148,2.607625391860029e-06,3.4185275010205327,0.03384558494695983
