line,wl,amp,amp_err,flux,flux_err,z,zerr,FWHM,FWHMerr
HI_6563,6564.61,35.23576673905518,35.23576673905518,844.3929340900487,57.78115174405797,0.2696957826884889,1.2267832816162576e-05,4.059880082938397,0.15159152057456593
HI_4861,4862.683,13.294795710336302,13.294795710336302,318.59762386086453,47.67617518081537,0.2696957826884889,1.2267832816162576e-05,4.059880082938397,0.15159152057456593
HI_4341,4341.684,8.944339375213758,8.944339375213758,214.34291538099825,46.64965357823805,0.2696957826884889,1.2267832816162576e-05,4.059880082938397,0.15159152057456593
HI_4102,4102.892,6.251987195131051,6.251987195131051,149.8231569838028,46.20870066491331,0.2696957826884889,1.2267832816162576e-05,4.059880082938397,0.15159152057456593
OIII_4363,4364.436,0.0,0.0,0.0,10000000000.0,0.2696957826884889,1.2267832816162576e-05,4.059880082938397,0.15159152057456593
OIII_5007,5008.24,52.213816339210325,52.213816339210325,1251.2563698475358,69.45905576548218,0.2696957826884889,1.2267832816162576e-05,4.059880082938397,0.15159152057456593
OIII_4959,4960.295,19.378223804208687,19.378223804208687,464.38141609539315,49.718530159563215,0.2696957826884889,1.2267832816162576e-05,4.059880082938397,0.15159152057456593
OII_3726,3727.092,17.39663446521638,17.39663446521638,416.89443933950884,54.55371436374386,0.2696957826884889,1.2267832816162576e-05,4.059880082938397,0.15159152057456593
OII_3729,3729.875,28.30926327045745,28.30926327045745,678.4056113180576,57.57982353940077,0.2696957826884889,1.2267832816162576e-05,4.059880082938397,0.15159152057456593
OI_6300,6302.046,1.8834298263976734,1.8834298263976734,45.13467378309948,45.8222318144752,0.2696957826884889,1.2267832816162576e-05,4.059880082938397,0.15159152057456593
SII_6717,6718.29,3.5478989069162026,3.5478989069162026,85.02215348546093,45.92084215573004,0.2696957826884889,1.2267832816162576e-05,4.059880082938397,0.15159152057456593
SII_6731,6732.67,4.142073166509704,4.142073166509704,99.26099636731136,45.970602855431174,0.2696957826884889,1.2267832816162576e-05,4.059880082938397,0.15159152057456593
NII_6548,6549.85,0.0,0.0,0.0,10000000000.0,0.2696957826884889,1.2267832816162576e-05,4.059880082938397,0.15159152057456593
NII_6584,6585.28,3.209583184890107,3.209583184890107,76.91472652676867,45.895923042811205,0.2696957826884889,1.2267832816162576e-05,4.059880082938397,0.15159152057456593
NII_5755,5756.24,0.0,0.0,0.0,10000000000.0,0.2696957826884889,1.2267832816162576e-05,4.059880082938397,0.15159152057456593
HeI_5876,5877.594,2.658396571959429,2.658396571959429,63.70604329389257,45.8606424995292,0.2696957826884889,1.2267832816162576e-05,4.059880082938397,0.15159152057456593
HeII_4686,4687.02,0.0,0.0,0.0,10000000000.0,0.2696957826884889,1.2267832816162576e-05,4.059880082938397,0.15159152057456593
NeIII_3869,3870.16,3.9094286273589205,1.9118969991519001,93.68588269181359,45.95021103468808,0.2696957826884889,1.2267832816162576e-05,4.059880082938397,0.15159152057456593
