line,wl,amp,amp_err,flux,flux_err,z,zerr,FWHM,FWHMerr
HI_6563,6564.61,2.068689813062065,2.068689813062065,45.579309177327644,45.192971981582815,0.26985645631955624,8.766793671831991e-05,3.7327139041859185,0.9973142548385465
HI_4861,4862.683,0.0,0.0,0.0,10000000000.0,0.26985645631955624,8.766793671831991e-05,3.7327139041859185,0.9973142548385465
HI_4341,4341.684,0.0,0.0,0.0,10000000000.0,0.26985645631955624,8.766793671831991e-05,3.7327139041859185,0.9973142548385465
HI_4102,4102.892,0.0,0.0,0.0,10000000000.0,0.26985645631955624,8.766793671831991e-05,3.7327139041859185,0.9973142548385465
OIII_4363,4364.436,0.0,0.0,0.0,10000000000.0,0.26985645631955624,8.766793671831991e-05,3.7327139041859185,0.9973142548385465
OIII_5007,5008.24,0.0,0.0,0.0,10000000000.0,0.26985645631955624,8.766793671831991e-05,3.7327139041859185,0.9973142548385465
OIII_4959,4960.295,6.849376926731338,6.849376926731338,150.9118798982434,62.35300568127631,0.26985645631955624,8.766793671831991e-05,3.7327139041859185,0.9973142548385465
OII_3726,3727.092,0.0,0.0,0.0,10000000000.0,0.26985645631955624,8.766793671831991e-05,3.7327139041859185,0.9973142548385465
OII_3729,3729.875,0.0,0.0,0.0,10000000000.0,0.26985645631955624,8.766793671831991e-05,3.7327139041859185,0.9973142548385465
OI_6300,6302.046,0.0,0.0,0.0,10000000000.0,0.26985645631955624,8.766793671831991e-05,3.7327139041859185,0.9973142548385465
SII_6717,6718.29,0.0,0.0,0.0,10000000000.0,0.26985645631955624,8.766793671831991e-05,3.7327139041859185,0.9973142548385465
SII_6731,6732.67,0.0,0.0,0.0,10000000000.0,0.26985645631955624,8.766793671831991e-05,3.7327139041859185,0.9973142548385465
NII_6548,6549.85,0.0,0.0,0.0,10000000000.0,0.26985645631955624,8.766793671831991e-05,3.7327139041859185,0.9973142548385465
NII_6584,6585.28,0.0,0.0,0.0,10000000000.0,0.26985645631955624,8.766793671831991e-05,3.7327139041859185,0.9973142548385465
NII_5755,5756.24,0.0,0.0,0.0,10000000000.0,0.26985645631955624,8.766793671831991e-05,3.7327139041859185,0.9973142548385465
HeI_5876,5877.594,0.0,0.0,0.0,10000000000.0,0.26985645631955624,8.766793671831991e-05,3.7327139041859185,0.9973142548385465
HeII_4686,4687.02,0.0,0.0,0.0,10000000000.0,0.26985645631955624,8.766793671831991e-05,3.7327139041859185,0.9973142548385465
NeIII_3869,3870.16,0.0,10000000000.0,0.0,10000000000.0,0.26985645631955624,8.766793671831991e-05,3.7327139041859185,0.9973142548385465
