line,wl,amp,amp_err,flux,flux_err,z,zerr,FWHM,FWHMerr
HI_6563,6564.61,1.1814476881070277,1.1814476881070277,7.303827530522253,20.25924980582086,0.27020563784899543,1.2061641722840816e-05,1.0473416012696073,0.2308483707211827
HI_4861,4862.683,0.0,0.0,0.0,10000000000.0,0.27020563784899543,1.2061641722840816e-05,1.0473416012696073,0.2308483707211827
HI_4341,4341.684,0.0,0.0,0.0,10000000000.0,0.27020563784899543,1.2061641722840816e-05,1.0473416012696073,0.2308483707211827
HI_4102,4102.892,1.7286288153629812,1.7286288153629812,10.686555874455657,29.122250616914688,0.27020563784899543,1.2061641722840816e-05,1.0473416012696073,0.2308483707211827
OIII_4363,4364.436,0.0,0.0,0.0,10000000000.0,0.27020563784899543,1.2061641722840816e-05,1.0473416012696073,0.2308483707211827
OIII_5007,5008.24,0.8666883916177994,0.8666883916177994,5.357954142874149,27.952952087168104,0.27020563784899543,1.2061641722840816e-05,1.0473416012696073,0.2308483707211827
OIII_4959,4960.295,107.29231075457551,107.29231075457551,663.2917741438137,308.2975879788487,0.27020563784899543,1.2061641722840816e-05,1.0473416012696073,0.2308483707211827
OII_3726,3727.092,29.114393339060825,29.114393339060825,179.98808558760533,90.57532285155162,0.27020563784899543,1.2061641722840816e-05,1.0473416012696073,0.2308483707211827
OII_3729,3729.875,0.0,0.0,0.0,10000000000.0,0.27020563784899543,1.2061641722840816e-05,1.0473416012696073,0.2308483707211827
OI_6300,6302.046,0.0,0.0,0.0,10000000000.0,0.27020563784899543,1.2061641722840816e-05,1.0473416012696073,0.2308483707211827
SII_6717,6718.29,0.7282825948509526,0.7282825948509526,4.502315692703525,18.76350439377543,0.27020563784899543,1.2061641722840816e-05,1.0473416012696073,0.2308483707211827
SII_6731,6732.67,0.0,0.0,0.0,10000000000.0,0.27020563784899543,1.2061641722840816e-05,1.0473416012696073,0.2308483707211827
NII_6548,6549.85,0.0,0.0,0.0,10000000000.0,0.27020563784899543,1.2061641722840816e-05,1.0473416012696073,0.2308483707211827
NII_6584,6585.28,0.0,0.0,0.0,10000000000.0,0.27020563784899543,1.2061641722840816e-05,1.0473416012696073,0.2308483707211827
NII_5755,5756.24,0.0,0.0,0.0,10000000000.0,0.27020563784899543,1.2061641722840816e-05,1.0473416012696073,0.2308483707211827
HeI_5876,5877.594,0.9198529035263618,0.9198529035263618,5.686622461948604,24.298517176325454,0.27020563784899543,1.2061641722840816e-05,1.0473416012696073,0.2308483707211827
HeII_4686,4687.02,0.0,0.0,0.0,10000000000.0,0.27020563784899543,1.2061641722840816e-05,1.0473416012696073,0.2308483707211827
NeIII_3869,3870.16,3.1592456510350075,3.2905008746454283,19.530771945293147,20.792715502817256,0.27020563784899543,1.2061641722840816e-05,1.0473416012696073,0.2308483707211827
