line,wl,amp,amp_err,flux,flux_err,z,zerr,FWHM,FWHMerr
HI_6563,6564.61,43.95629962962357,43.95629962962357,103.59523088850266,1388.700621318655,0.27008882930557176,3.373429860743141e-05,0.3992739528686817,1.3238865493423218
HI_4861,4862.683,0.0,0.0,0.0,10000000000.0,0.27008882930557176,3.373429860743141e-05,0.3992739528686817,1.3238865493423218
HI_4341,4341.684,504.8994639160933,504.8994639160933,1189.9358449321958,32802.08136497267,0.27008882930557176,3.373429860743141e-05,0.3992739528686817,1.3238865493423218
HI_4102,4102.892,2.9975364330330194,2.9975364330330194,7.0645273031007765,24.6924881526819,0.27008882930557176,3.373429860743141e-05,0.3992739528686817,1.3238865493423218
OIII_4363,4364.436,0.0,0.0,0.0,10000000000.0,0.27008882930557176,3.373429860743141e-05,0.3992739528686817,1.3238865493423218
OIII_5007,5008.24,2.74131917308182,2.74131917308182,6.4606801543208565,29.86537405739682,0.27008882930557176,3.373429860743141e-05,0.3992739528686817,1.3238865493423218
OIII_4959,4960.295,28.938967436612757,28.938967436612757,68.20271584577037,403.2995230853083,0.27008882930557176,3.373429860743141e-05,0.3992739528686817,1.3238865493423218
OII_3726,3727.092,0.0,0.0,0.0,10000000000.0,0.27008882930557176,3.373429860743141e-05,0.3992739528686817,1.3238865493423218
OII_3729,3729.875,3.8700439219820737,3.8700439219820737,9.120833578452258,31.340336436890382,0.27008882930557176,3.373429860743141e-05,0.3992739528686817,1.3238865493423218
OI_6300,6302.046,0.0,0.0,0.0,10000000000.0,0.27008882930557176,3.373429860743141e-05,0.3992739528686817,1.3238865493423218
SII_6717,6718.29,0.0,0.0,0.0,10000000000.0,0.27008882930557176,3.373429860743141e-05,0.3992739528686817,1.3238865493423218
SII_6731,6732.67,2.2585697546364827,2.2585697546364827,5.322947044697786,19.194164136245025,0.27008882930557176,3.373429860743141e-05,0.3992739528686817,1.3238865493423218
NII_6548,6549.85,30.303172220482793,30.303172220482793,71.41784338732923,976.3552525025856,0.27008882930557176,3.373429860743141e-05,0.3992739528686817,1.3238865493423218
NII_6584,6585.28,16.50332756425439,16.50332756425439,38.89467593617285,531.0206410077702,0.27008882930557176,3.373429860743141e-05,0.3992739528686817,1.3238865493423218
NII_5755,5756.24,0.0,0.0,0.0,10000000000.0,0.27008882930557176,3.373429860743141e-05,0.3992739528686817,1.3238865493423218
HeI_5876,5877.594,19.75628196779553,19.75628196779553,46.56116664044284,397.8112009822005,0.27008882930557176,3.373429860743141e-05,0.3992739528686817,1.3238865493423218
HeII_4686,4687.02,0.0,0.0,0.0,10000000000.0,0.27008882930557176,3.373429860743141e-05,0.3992739528686817,1.3238865493423218
NeIII_3869,3870.16,993.6385987298925,45217.94159545309,2341.7853850868596,106851.14107412749,0.27008882930557176,3.373429860743141e-05,0.3992739528686817,1.3238865493423218
