line,wl,amp,amp_err,flux,flux_err,z,zerr,FWHM,FWHMerr
HI_6563,6564.61,0.0,0.0,0.0,10000000000.0,0.2702497184460483,2.026472614655628e-05,1.598208140470322,0.23541357304811014
HI_4861,4862.683,1.4352521748776326,1.4352521748776326,13.539705252758251,29.58692488226444,0.2702497184460483,2.026472614655628e-05,1.598208140470322,0.23541357304811014
HI_4341,4341.684,4.146059839520603,4.146059839520603,39.112588832825324,27.930880687514723,0.2702497184460483,2.026472614655628e-05,1.598208140470322,0.23541357304811014
HI_4102,4102.892,1.9411844624715968,1.9411844624715968,18.312506974838925,29.97920273391705,0.2702497184460483,2.026472614655628e-05,1.598208140470322,0.23541357304811014
OIII_4363,4364.436,1.8706132616118794,1.8706132616118794,17.64676106920723,28.493377771045093,0.2702497184460483,2.026472614655628e-05,1.598208140470322,0.23541357304811014
OIII_5007,5008.24,7.039564495349055,7.039564495349055,66.40897679387554,32.44090640778489,0.2702497184460483,2.026472614655628e-05,1.598208140470322,0.23541357304811014
OIII_4959,4960.295,24.9940169582992,24.9940169582992,235.78547980717394,48.13497085140954,0.2702497184460483,2.026472614655628e-05,1.598208140470322,0.23541357304811014
OII_3726,3727.092,15.342913870147868,15.342913870147868,144.7400917807144,40.23507885389464,0.2702497184460483,2.026472614655628e-05,1.598208140470322,0.23541357304811014
OII_3729,3729.875,0.0,0.0,0.0,10000000000.0,0.2702497184460483,2.026472614655628e-05,1.598208140470322,0.23541357304811014
OI_6300,6302.046,0.0,0.0,0.0,10000000000.0,0.2702497184460483,2.026472614655628e-05,1.598208140470322,0.23541357304811014
SII_6717,6718.29,0.2434845647712791,0.2434845647712791,2.296954708241649,28.209998587236168,0.2702497184460483,2.026472614655628e-05,1.598208140470322,0.23541357304811014
SII_6731,6732.67,0.0,0.0,0.0,10000000000.0,0.2702497184460483,2.026472614655628e-05,1.598208140470322,0.23541357304811014
NII_6548,6549.85,0.0,0.0,0.0,10000000000.0,0.2702497184460483,2.026472614655628e-05,1.598208140470322,0.23541357304811014
NII_6584,6585.28,9.223513548396113,9.223513548396113,87.01164647303402,29.97002639163469,0.2702497184460483,2.026472614655628e-05,1.598208140470322,0.23541357304811014
NII_5755,5756.24,0.0,0.0,0.0,10000000000.0,0.2702497184460483,2.026472614655628e-05,1.598208140470322,0.23541357304811014
HeI_5876,5877.594,0.21972304761118266,0.21972304761118266,2.072796233279928,26.766017674483408,0.2702497184460483,2.026472614655628e-05,1.598208140470322,0.23541357304811014
HeII_4686,4687.02,0.0,0.0,0.0,10000000000.0,0.2702497184460483,2.026472614655628e-05,1.598208140470322,0.23541357304811014
NeIII_3869,3870.16,0.0,10000000000.0,0.0,10000000000.0,0.2702497184460483,2.026472614655628e-05,1.598208140470322,0.23541357304811014
