line,wl,amp,amp_err,flux,flux_err,z,zerr,FWHM,FWHMerr
HI_6563,6564.61,0.4167351536102615,0.4167351536102615,3.772871357760899,29.06904308750064,0.27019635202704245,1.4600734088715722e-05,1.5337839979736727,0.41991411782595
HI_4861,4862.683,2.2025190742157292,2.2025190742157292,19.94029315271559,32.177054821084404,0.27019635202704245,1.4600734088715722e-05,1.5337839979736727,0.41991411782595
HI_4341,4341.684,2.38763667385615,2.38763667385615,21.616237414797144,28.61246697130953,0.27019635202704245,1.4600734088715722e-05,1.5337839979736727,0.41991411782595
HI_4102,4102.892,0.0,0.0,0.0,10000000000.0,0.27019635202704245,1.4600734088715722e-05,1.5337839979736727,0.41991411782595
OIII_4363,4364.436,2.6165484042462595,2.6165484042462595,23.68866759872167,28.961069688825567,0.27019635202704245,1.4600734088715722e-05,1.5337839979736727,0.41991411782595
OIII_5007,5008.24,0.0,0.0,0.0,10000000000.0,0.27019635202704245,1.4600734088715722e-05,1.5337839979736727,0.41991411782595
OIII_4959,4960.295,44.85030672957805,44.85030672957805,406.047908799814,152.87232303741533,0.27019635202704245,1.4600734088715722e-05,1.5337839979736727,0.41991411782595
OII_3726,3727.092,0.0,0.0,0.0,10000000000.0,0.27019635202704245,1.4600734088715722e-05,1.5337839979736727,0.41991411782595
OII_3729,3729.875,4.983111496625497,4.983111496625497,45.114117384323414,33.1426181442246,0.27019635202704245,1.4600734088715722e-05,1.5337839979736727,0.41991411782595
OI_6300,6302.046,0.0,0.0,0.0,10000000000.0,0.27019635202704245,1.4600734088715722e-05,1.5337839979736727,0.41991411782595
SII_6717,6718.29,0.0,0.0,0.0,10000000000.0,0.27019635202704245,1.4600734088715722e-05,1.5337839979736727,0.41991411782595
SII_6731,6732.67,3.717004641640983,3.717004641640983,33.651541578915804,34.01773319433938,0.27019635202704245,1.4600734088715722e-05,1.5337839979736727,0.41991411782595
NII_6548,6549.85,1.5066162347087584,1.5066162347087584,13.64000418449527,29.31626690535907,0.27019635202704245,1.4600734088715722e-05,1.5337839979736727,0.41991411782595
NII_6584,6585.28,0.0,0.0,0.0,10000000000.0,0.27019635202704245,1.4600734088715722e-05,1.5337839979736727,0.41991411782595
NII_5755,5756.24,0.38546958413883203,0.38546958413883203,3.4898115522203303,31.39979475210639,0.27019635202704245,1.4600734088715722e-05,1.5337839979736727,0.41991411782595
HeI_5876,5877.594,0.0,0.0,0.0,10000000000.0,0.27019635202704245,1.4600734088715722e-05,1.5337839979736727,0.41991411782595
HeII_4686,4687.02,0.0,0.0,0.0,10000000000.0,0.27019635202704245,1.4600734088715722e-05,1.5337839979736727,0.41991411782595
NeIII_3869,3870.16,0.0,10000000000.0,0.0,10000000000.0,0.27019635202704245,1.4600734088715722e-05,1.5337839979736727,0.41991411782595
