line,wl,amp,amp_err,flux,flux_err,z,zerr,FWHM,FWHMerr
HI_6563,6564.61,4.237476612722276,4.237476612722276,48.12834838605625,30.572226623909593,0.2696436739230073,3.5958520412910645e-05,1.9241812829592442,0.31322297665249427
HI_4861,4862.683,4.9874793426582755,4.9874793426582755,56.64671815557428,31.404583849848077,0.2696436739230073,3.5958520412910645e-05,1.9241812829592442,0.31322297665249427
HI_4341,4341.684,0.0,0.0,0.0,10000000000.0,0.2696436739230073,3.5958520412910645e-05,1.9241812829592442,0.31322297665249427
HI_4102,4102.892,0.0,0.0,0.0,10000000000.0,0.2696436739230073,3.5958520412910645e-05,1.9241812829592442,0.31322297665249427
OIII_4363,4364.436,1.0894160702422369,1.0894160702422369,12.373353520953835,29.579927356534846,0.2696436739230073,3.5958520412910645e-05,1.9241812829592442,0.31322297665249427
OIII_5007,5008.24,2.8681786165515177,2.8681786165515177,32.57615611998552,29.90398562971049,0.2696436739230073,3.5958520412910645e-05,1.9241812829592442,0.31322297665249427
OIII_4959,4960.295,2.596783793142208,2.596783793142208,29.49371206070747,30.567765849660027,0.2696436739230073,3.5958520412910645e-05,1.9241812829592442,0.31322297665249427
OII_3726,3727.092,15.751824852092682,15.751824852092682,178.9058403110866,43.97080410099432,0.2696436739230073,3.5958520412910645e-05,1.9241812829592442,0.31322297665249427
OII_3729,3729.875,8.10135122229849,8.10135122229849,92.01340553808944,35.134313408120775,0.2696436739230073,3.5958520412910645e-05,1.9241812829592442,0.31322297665249427
OI_6300,6302.046,0.15402189967858249,0.15402189967858249,1.749347624611624,29.64775115745581,0.2696436739230073,3.5958520412910645e-05,1.9241812829592442,0.31322297665249427
SII_6717,6718.29,3.532934704301624,3.532934704301624,40.12631285405073,30.12721538036747,0.2696436739230073,3.5958520412910645e-05,1.9241812829592442,0.31322297665249427
SII_6731,6732.67,0.0,0.0,0.0,10000000000.0,0.2696436739230073,3.5958520412910645e-05,1.9241812829592442,0.31322297665249427
NII_6548,6549.85,0.0,0.0,0.0,10000000000.0,0.2696436739230073,3.5958520412910645e-05,1.9241812829592442,0.31322297665249427
NII_6584,6585.28,0.2738304391152724,0.2738304391152724,3.1101072588528167,29.38622527278058,0.2696436739230073,3.5958520412910645e-05,1.9241812829592442,0.31322297665249427
NII_5755,5756.24,0.2775031228334228,0.2775031228334228,3.151820810962638,29.518518339190855,0.2696436739230073,3.5958520412910645e-05,1.9241812829592442,0.31322297665249427
HeI_5876,5877.594,2.783506620836988,2.783506620836988,31.6144697956158,29.895846773347674,0.2696436739230073,3.5958520412910645e-05,1.9241812829592442,0.31322297665249427
HeII_4686,4687.02,0.0,0.0,0.0,10000000000.0,0.2696436739230073,3.5958520412910645e-05,1.9241812829592442,0.31322297665249427
NeIII_3869,3870.16,1.8130303208723717,2.5922561066067904,20.592008615564186,29.63248760794921,0.2696436739230073,3.5958520412910645e-05,1.9241812829592442,0.31322297665249427
