line,wl,amp,amp_err,flux,flux_err,z,zerr,FWHM,FWHMerr
HI_6563,6564.61,30.763853924011528,30.763853924011528,999.5140455098599,79.36205961174407,0.2691647869406664,2.1087999348717148e-05,5.5042798034270914,0.2616672264689181
HI_4861,4862.683,11.458290477848777,11.458290477848777,372.27852851045947,62.187511014769804,0.2691647869406664,2.1087999348717148e-05,5.5042798034270914,0.2616672264689181
HI_4341,4341.684,6.683468883353271,6.683468883353271,217.1451287650832,60.07445520625553,0.2691647869406664,2.1087999348717148e-05,5.5042798034270914,0.2616672264689181
HI_4102,4102.892,1.4614319526702957,1.4614319526702957,47.48175462212658,59.00923887533598,0.2691647869406664,2.1087999348717148e-05,5.5042798034270914,0.2616672264689181
OIII_4363,4364.436,0.0,0.0,0.0,10000000000.0,0.2691647869406664,2.1087999348717148e-05,5.5042798034270914,0.2616672264689181
OIII_5007,5008.24,34.44093690424188,34.44093690424188,1118.9820450109523,83.7464279721143,0.2691647869406664,2.1087999348717148e-05,5.5042798034270914,0.2616672264689181
OIII_4959,4960.295,10.448512490768962,10.448512490768962,339.4709588403542,61.654608425012036,0.2691647869406664,2.1087999348717148e-05,5.5042798034270914,0.2616672264689181
OII_3726,3727.092,14.732188108046898,14.732188108046898,478.64708275685695,81.53677732255767,0.2691647869406664,2.1087999348717148e-05,5.5042798034270914,0.2616672264689181
OII_3729,3729.875,23.67760650084881,23.67760650084881,769.2826887070316,84.61758328421502,0.2691647869406664,2.1087999348717148e-05,5.5042798034270914,0.2616672264689181
OI_6300,6302.046,0.030296978975343336,0.030296978975343336,0.9843453325832155,58.95525310829945,0.2691647869406664,2.1087999348717148e-05,5.5042798034270914,0.2616672264689181
SII_6717,6718.29,2.5669399329616454,2.5669399329616454,83.39958066738677,59.12166996819448,0.2691647869406664,2.1087999348717148e-05,5.5042798034270914,0.2616672264689181
SII_6731,6732.67,3.988154656916322,3.988154656916322,129.574682193577,59.35617273066905,0.2691647869406664,2.1087999348717148e-05,5.5042798034270914,0.2616672264689181
NII_6548,6549.85,0.0,0.0,0.0,10000000000.0,0.2691647869406664,2.1087999348717148e-05,5.5042798034270914,0.2616672264689181
NII_6584,6585.28,3.056930739688596,3.056930739688596,99.3193251410152,59.19113123364558,0.2691647869406664,2.1087999348717148e-05,5.5042798034270914,0.2616672264689181
NII_5755,5756.24,1.2403148621090168,1.2403148621090168,40.29768599846908,58.99413176232535,0.2691647869406664,2.1087999348717148e-05,5.5042798034270914,0.2616672264689181
HeI_5876,5877.594,1.749208775125453,1.749208775125453,56.831590202759834,59.03258895044661,0.2691647869406664,2.1087999348717148e-05,5.5042798034270914,0.2616672264689181
HeII_4686,4687.02,0.0,0.0,0.0,10000000000.0,0.2691647869406664,2.1087999348717148e-05,5.5042798034270914,0.2616672264689181
NeIII_3869,3870.16,6.409589112638514,1.820961471100576,208.24680678349438,59.98538553378845,0.2691647869406664,2.1087999348717148e-05,5.5042798034270914,0.2616672264689181
