line,wl,amp,amp_err,flux,flux_err,z,zerr,FWHM,FWHMerr
HI_6563,6564.61,95.50668413369453,95.50668413369453,2685.5611093485963,78.54134235580428,0.2692806256596717,6.702988431233746e-06,4.763801026977498,0.08577989133876628
HI_4861,4862.683,37.56461376546213,37.56461376546213,1056.2827799047739,60.81028460512464,0.2692806256596717,6.702988431233746e-06,4.763801026977498,0.08577989133876628
HI_4341,4341.684,11.713600828418635,11.713600828418635,329.3758035950536,57.35560985910755,0.2692806256596717,6.702988431233746e-06,4.763801026977498,0.08577989133876628
HI_4102,4102.892,7.308122738866473,7.308122738866473,205.49776581471534,57.12101562554948,0.2692806256596717,6.702988431233746e-06,4.763801026977498,0.08577989133876628
OIII_4363,4364.436,2.1807618112364935,2.1807618112364935,61.32103906791533,56.984385052694904,0.2692806256596717,6.702988431233746e-06,4.763801026977498,0.08577989133876628
OIII_5007,5008.24,100.81452692968105,100.81452692968105,2834.812822113364,80.63902512739106,0.2692806256596717,6.702988431233746e-06,4.763801026977498,0.08577989133876628
OIII_4959,4960.295,34.03867824176268,34.03867824176268,957.1366792688999,60.141393173406605,0.2692806256596717,6.702988431233746e-06,4.763801026977498,0.08577989133876628
OII_3726,3727.092,45.74121704451295,45.74121704451295,1286.2014287613526,73.55552301935597,0.2692806256596717,6.702988431233746e-06,4.763801026977498,0.08577989133876628
OII_3729,3729.875,64.91526280148287,64.91526280148287,1825.3581596316922,76.20114097245059,0.2692806256596717,6.702988431233746e-06,4.763801026977498,0.08577989133876628
OI_6300,6302.046,4.59091899595353,4.59091899595353,129.09246743865117,57.03025080447232,0.2692806256596717,6.702988431233746e-06,4.763801026977498,0.08577989133876628
SII_6717,6718.29,9.261606361422196,9.261606361422196,260.4279488911291,57.211747138305334,0.2692806256596717,6.702988431233746e-06,4.763801026977498,0.08577989133876628
SII_6731,6732.67,7.418133468632618,7.418133468632618,208.59116749807237,57.12556352532186,0.2692806256596717,6.702988431233746e-06,4.763801026977498,0.08577989133876628
NII_6548,6549.85,6.543431194012214,6.543431194012214,183.9953349415679,57.091297070103415,0.2692806256596717,6.702988431233746e-06,4.763801026977498,0.08577989133876628
NII_6584,6585.28,13.967392479987666,13.967392479987666,392.7503753638263,57.51707007990397,0.2692806256596717,6.702988431233746e-06,4.763801026977498,0.08577989133876628
NII_5755,5756.24,2.004397380661544,2.004397380661544,56.361831656196635,56.982301605138055,0.2692806256596717,6.702988431233746e-06,4.763801026977498,0.08577989133876628
HeI_5876,5877.594,5.717657039420374,5.717657039420374,160.77531662774314,57.06288486107942,0.2692806256596717,6.702988431233746e-06,4.763801026977498,0.08577989133876628
HeII_4686,4687.02,0.0,0.0,0.0,10000000000.0,0.2692806256596717,6.702988431233746e-06,4.763801026977498,0.08577989133876628
NeIII_3869,3870.16,11.963286475762516,2.028922474103033,336.39673694805947,57.37212015327641,0.2692806256596717,6.702988431233746e-06,4.763801026977498,0.08577989133876628
