line,wl,amp,amp_err,flux,flux_err,z,zerr,FWHM,FWHMerr
HI_6563,6564.61,7.341653821939303,7.341653821939303,233.0667279000277,73.11158404373224,0.2691564755116586,7.739352542874939e-05,5.378221918147085,0.9674386367836763
HI_4861,4862.683,1.789414157540591,1.789414157540591,56.80639712399371,57.248130900476696,0.2691564755116586,7.739352542874939e-05,5.378221918147085,0.9674386367836763
HI_4341,4341.684,0.0,0.0,0.0,10000000000.0,0.2691564755116586,7.739352542874939e-05,5.378221918147085,0.9674386367836763
HI_4102,4102.892,2.3744822767264395,2.3744822767264395,75.37985692535077,58.109379744021666,0.2691564755116586,7.739352542874939e-05,5.378221918147085,0.9674386367836763
OIII_4363,4364.436,3.7938755011186913,3.7938755011186913,120.43964078821715,61.10525939487701,0.2691564755116586,7.739352542874939e-05,5.378221918147085,0.9674386367836763
OIII_5007,5008.24,7.633894214214024,7.633894214214024,242.34413509459603,74.3206742041812,0.2691564755116586,7.739352542874939e-05,5.378221918147085,0.9674386367836763
OIII_4959,4960.295,0.5299423083973807,0.5299423083973807,16.82344643176585,56.19800816341231,0.2691564755116586,7.739352542874939e-05,5.378221918147085,0.9674386367836763
OII_3726,3727.092,5.879801691372677,5.879801691372677,186.6590517812361,79.48886779686048,0.2691564755116586,7.739352542874939e-05,5.378221918147085,0.9674386367836763
OII_3729,3729.875,4.1700688511847375,4.1700688511847375,132.38220240773012,77.20843907608973,0.2691564755116586,7.739352542874939e-05,5.378221918147085,0.9674386367836763
OI_6300,6302.046,0.0,0.0,0.0,10000000000.0,0.2691564755116586,7.739352542874939e-05,5.378221918147085,0.9674386367836763
SII_6717,6718.29,0.0,0.0,0.0,10000000000.0,0.2691564755116586,7.739352542874939e-05,5.378221918147085,0.9674386367836763
SII_6731,6732.67,2.675781058749635,2.675781058749635,84.9448300158227,58.64154237744298,0.2691564755116586,7.739352542874939e-05,5.378221918147085,0.9674386367836763
NII_6548,6549.85,1.0384184394602016,1.0384184394602016,32.965431733215695,56.486580511917595,0.2691564755116586,7.739352542874939e-05,5.378221918147085,0.9674386367836763
NII_6584,6585.28,0.7933742446984979,0.7933742446984979,25.186305932794703,56.324332999014196,0.2691564755116586,7.739352542874939e-05,5.378221918147085,0.9674386367836763
NII_5755,5756.24,2.2086264149642147,2.2086264149642147,70.11462868911255,57.842029088300386,0.2691564755116586,7.739352542874939e-05,5.378221918147085,0.9674386367836763
HeI_5876,5877.594,0.0,0.0,0.0,10000000000.0,0.2691564755116586,7.739352542874939e-05,5.378221918147085,0.9674386367836763
HeII_4686,4687.02,0.0,0.0,0.0,10000000000.0,0.2691564755116586,7.739352542874939e-05,5.378221918147085,0.9674386367836763
NeIII_3869,3870.16,2.095509907885912,1.7771200451181792,66.52365384670894,57.67122745596416,0.2691564755116586,7.739352542874939e-05,5.378221918147085,0.9674386367836763
