line,wl,amp,amp_err,flux,flux_err,z,zerr,FWHM,FWHMerr
HI_6563,6564.61,0.0,0.0,0.0,10000000000.0,0.2699988721722181,9.429149221506973e-06,0.4318460740874558,1.0782886213415213
HI_4861,4862.683,107.85840427681228,107.85840427681228,274.9353763462999,4850.884108557152,0.2699988721722181,9.429149221506973e-06,0.4318460740874558,1.0782886213415213
HI_4341,4341.684,0.0,0.0,0.0,10000000000.0,0.2699988721722181,9.429149221506973e-06,0.4318460740874558,1.0782886213415213
HI_4102,4102.892,78.01078227404423,78.01078227404423,198.85259685966403,2620.876282184708,0.2699988721722181,9.429149221506973e-06,0.4318460740874558,1.0782886213415213
OIII_4363,4364.436,0.0,0.0,0.0,10000000000.0,0.2699988721722181,9.429149221506973e-06,0.4318460740874558,1.0782886213415213
OIII_5007,5008.24,0.0,0.0,0.0,10000000000.0,0.2699988721722181,9.429149221506973e-06,0.4318460740874558,1.0782886213415213
OIII_4959,4960.295,52.37736162765691,52.37736162765691,133.5119847885784,784.2242361971036,0.2699988721722181,9.429149221506973e-06,0.4318460740874558,1.0782886213415213
OII_3726,3727.092,4.583268661183638,4.583268661183638,11.682934702285655,42.82082323519417,0.2699988721722181,9.429149221506973e-06,0.4318460740874558,1.0782886213415213
OII_3729,3729.875,8.406497287422212,8.406497287422212,21.428497027824594,268.8195300717744,0.2699988721722181,9.429149221506973e-06,0.4318460740874558,1.0782886213415213
OI_6300,6302.046,0.15381392782512648,0.15381392782512648,0.3920778396217675,7.78537660257196,0.2699988721722181,9.429149221506973e-06,0.4318460740874558,1.0782886213415213
SII_6717,6718.29,2.858946356146248,2.858946356146248,7.2875683415792345,21.75598286999501,0.2699988721722181,9.429149221506973e-06,0.4318460740874558,1.0782886213415213
SII_6731,6732.67,390.5132432744963,390.5132432744963,995.433839650914,27715.291613471436,0.2699988721722181,9.429149221506973e-06,0.4318460740874558,1.0782886213415213
NII_6548,6549.85,0.0,0.0,0.0,10000000000.0,0.2699988721722181,9.429149221506973e-06,0.4318460740874558,1.0782886213415213
NII_6584,6585.28,0.0,0.0,0.0,10000000000.0,0.2699988721722181,9.429149221506973e-06,0.4318460740874558,1.0782886213415213
NII_5755,5756.24,0.0,0.0,0.0,10000000000.0,0.2699988721722181,9.429149221506973e-06,0.4318460740874558,1.0782886213415213
HeI_5876,5877.594,0.0,0.0,0.0,10000000000.0,0.2699988721722181,9.429149221506973e-06,0.4318460740874558,1.0782886213415213
HeII_4686,4687.02,0.0,0.0,0.0,10000000000.0,0.2699988721722181,9.429149221506973e-06,0.4318460740874558,1.0782886213415213
NeIII_3869,3870.16,0.0,10000000000.0,0.0,10000000000.0,0.2699988721722181,9.429149221506973e-06,0.4318460740874558,1.0782886213415213
