line,wl,amp,amp_err,flux,flux_err,z,zerr,FWHM,FWHMerr
HI_6563,6564.61,0.0,0.0,0.0,10000000000.0,0.2701789359231816,3.1123026895197544e-06,0.7139304275442615,0.41284001244421886
HI_4861,4862.683,7.155844037096358,7.155844037096358,30.155352988991662,47.78980129921841,0.2701789359231816,3.1123026895197544e-06,0.7139304275442615,0.41284001244421886
HI_4341,4341.684,0.0,0.0,0.0,10000000000.0,0.2701789359231816,3.1123026895197544e-06,0.7139304275442615,0.41284001244421886
HI_4102,4102.892,3.8671235028126603,3.8671235028126603,16.29639685756211,29.12732624142699,0.2701789359231816,3.1123026895197544e-06,0.7139304275442615,0.41284001244421886
OIII_4363,4364.436,2.7163171525697862,2.7163171525697862,11.446798189166799,15.77752720239684,0.2701789359231816,3.1123026895197544e-06,0.7139304275442615,0.41284001244421886
OIII_5007,5008.24,0.0,0.0,0.0,10000000000.0,0.2701789359231816,3.1123026895197544e-06,0.7139304275442615,0.41284001244421886
OIII_4959,4960.295,216.13240400021277,216.13240400021277,910.8008644680314,2292.1836629277027,0.2701789359231816,3.1123026895197544e-06,0.7139304275442615,0.41284001244421886
OII_3726,3727.092,34.51347814234032,34.51347814234032,145.44281720852518,247.48113703452128,0.2701789359231816,3.1123026895197544e-06,0.7139304275442615,0.41284001244421886
OII_3729,3729.875,6.450419790720275,6.450419790720275,27.18263348222389,29.7033655781502,0.2701789359231816,3.1123026895197544e-06,0.7139304275442615,0.41284001244421886
OI_6300,6302.046,0.0,0.0,0.0,10000000000.0,0.2701789359231816,3.1123026895197544e-06,0.7139304275442615,0.41284001244421886
SII_6717,6718.29,0.0,0.0,0.0,10000000000.0,0.2701789359231816,3.1123026895197544e-06,0.7139304275442615,0.41284001244421886
SII_6731,6732.67,14.931359337614026,14.931359337614026,62.922054910231225,178.25081892017013,0.2701789359231816,3.1123026895197544e-06,0.7139304275442615,0.41284001244421886
NII_6548,6549.85,0.0,0.0,0.0,10000000000.0,0.2701789359231816,3.1123026895197544e-06,0.7139304275442615,0.41284001244421886
NII_6584,6585.28,0.0,0.0,0.0,10000000000.0,0.2701789359231816,3.1123026895197544e-06,0.7139304275442615,0.41284001244421886
NII_5755,5756.24,1.1765982185329449,1.1765982185329449,4.958287858447625,30.925672982082926,0.2701789359231816,3.1123026895197544e-06,0.7139304275442615,0.41284001244421886
HeI_5876,5877.594,0.0,0.0,0.0,10000000000.0,0.2701789359231816,3.1123026895197544e-06,0.7139304275442615,0.41284001244421886
HeII_4686,4687.02,0.0,0.0,0.0,10000000000.0,0.2701789359231816,3.1123026895197544e-06,0.7139304275442615,0.41284001244421886
NeIII_3869,3870.16,0.0,10000000000.0,0.0,10000000000.0,0.2701789359231816,3.1123026895197544e-06,0.7139304275442615,0.41284001244421886
