line,wl,amp,amp_err,flux,flux_err,z,zerr,FWHM,FWHMerr
HI_6563,6564.61,25.25348238895367,25.25348238895367,742.0779014077182,69.14335444348173,0.2692141699900092,2.181400004877287e-05,4.978294287008676,0.25950911448925834
HI_4861,4862.683,12.332799791247794,12.332799791247794,362.40143227034355,57.934834833924256,0.2692141699900092,2.181400004877287e-05,4.978294287008676,0.25950911448925834
HI_4341,4341.684,3.3408991641682633,3.3408991641682633,98.17289363803681,54.25006440698619,0.2692141699900092,2.181400004877287e-05,4.978294287008676,0.25950911448925834
HI_4102,4102.892,2.5997967354023785,2.5997967354023785,76.39547195035261,54.13091863018107,0.2692141699900092,2.181400004877287e-05,4.978294287008676,0.25950911448925834
OIII_4363,4364.436,0.0,0.0,0.0,10000000000.0,0.2692141699900092,2.181400004877287e-05,4.978294287008676,0.25950911448925834
OIII_5007,5008.24,29.332808245541855,29.332808245541855,861.9495897630377,73.71484030340922,0.2692141699900092,2.181400004877287e-05,4.978294287008676,0.25950911448925834
OIII_4959,4960.295,12.846051458635657,12.846051458635657,377.4834203448199,58.26145804210325,0.2692141699900092,2.181400004877287e-05,4.978294287008676,0.25950911448925834
OII_3726,3727.092,17.903861765233728,17.903861765233728,526.1080417031947,78.21516500750985,0.2692141699900092,2.181400004877287e-05,4.978294287008676,0.25950911448925834
OII_3729,3729.875,29.9429812315027,29.9429812315027,879.8796273690814,83.38180128595798,0.2692141699900092,2.181400004877287e-05,4.978294287008676,0.25950911448925834
OI_6300,6302.046,2.2114743510428525,2.2114743510428525,64.98455223572319,54.080280333555166,0.2692141699900092,2.181400004877287e-05,4.978294287008676,0.25950911448925834
SII_6717,6718.29,4.915058779879928,4.915058779879928,144.42984331793767,54.60027208570971,0.2692141699900092,2.181400004877287e-05,4.978294287008676,0.25950911448925834
SII_6731,6732.67,2.85438690869114,2.85438690869114,83.87664775824004,54.16852933902458,0.2692141699900092,2.181400004877287e-05,4.978294287008676,0.25950911448925834
NII_6548,6549.85,0.0,0.0,0.0,10000000000.0,0.2692141699900092,2.181400004877287e-05,4.978294287008676,0.25950911448925834
NII_6584,6585.28,6.331544500814857,6.331544500814857,186.05351861846492,55.026422040279165,0.2692141699900092,2.181400004877287e-05,4.978294287008676,0.25950911448925834
NII_5755,5756.24,1.8138319126460374,1.8138319126460374,53.299761138348416,54.036857155414225,0.2692141699900092,2.181400004877287e-05,4.978294287008676,0.25950911448925834
HeI_5876,5877.594,0.0,0.0,0.0,10000000000.0,0.2692141699900092,2.181400004877287e-05,4.978294287008676,0.25950911448925834
HeII_4686,4687.02,0.0,0.0,0.0,10000000000.0,0.2692141699900092,2.181400004877287e-05,4.978294287008676,0.25950911448925834
NeIII_3869,3870.16,3.9064748884642313,1.8386962612022753,114.79243307851758,54.36075613520454,0.2692141699900092,2.181400004877287e-05,4.978294287008676,0.25950911448925834
