line,wl,amp,amp_err,flux,flux_err,z,zerr,FWHM,FWHMerr
HI_6563,6564.61,0.0,0.0,0.0,10000000000.0,0.27013640481031004,2.5965106880905195e-05,1.1378996733072988,0.37099600202569577
HI_4861,4862.683,0.0,0.0,0.0,10000000000.0,0.27013640481031004,2.5965106880905195e-05,1.1378996733072988,0.37099600202569577
HI_4341,4341.684,1.1827604009978359,1.1827604009978359,7.944167760711615,23.92946328443476,0.27013640481031004,2.5965106880905195e-05,1.1378996733072988,0.37099600202569577
HI_4102,4102.892,0.0,0.0,0.0,10000000000.0,0.27013640481031004,2.5965106880905195e-05,1.1378996733072988,0.37099600202569577
OIII_4363,4364.436,0.0,0.0,0.0,10000000000.0,0.27013640481031004,2.5965106880905195e-05,1.1378996733072988,0.37099600202569577
OIII_5007,5008.24,3.296795678593867,3.296795678593867,22.143367263093456,21.383147348696184,0.27013640481031004,2.5965106880905195e-05,1.1378996733072988,0.37099600202569577
OIII_4959,4960.295,44.36117954132169,44.36117954132169,297.9577706879555,173.0011478615925,0.27013640481031004,2.5965106880905195e-05,1.1378996733072988,0.37099600202569577
OII_3726,3727.092,9.67273208879476,9.67273208879476,64.96819334919944,38.32268684370269,0.27013640481031004,2.5965106880905195e-05,1.1378996733072988,0.37099600202569577
OII_3729,3729.875,0.0,0.0,0.0,10000000000.0,0.27013640481031004,2.5965106880905195e-05,1.1378996733072988,0.37099600202569577
OI_6300,6302.046,0.0,0.0,0.0,10000000000.0,0.27013640481031004,2.5965106880905195e-05,1.1378996733072988,0.37099600202569577
SII_6717,6718.29,1.5084365022663633,1.5084365022663633,10.131614670456795,28.363572087241934,0.27013640481031004,2.5965106880905195e-05,1.1378996733072988,0.37099600202569577
SII_6731,6732.67,0.0,0.0,0.0,10000000000.0,0.27013640481031004,2.5965106880905195e-05,1.1378996733072988,0.37099600202569577
NII_6548,6549.85,0.0,0.0,0.0,10000000000.0,0.27013640481031004,2.5965106880905195e-05,1.1378996733072988,0.37099600202569577
NII_6584,6585.28,6.30818099841008,6.30818099841008,42.3697378387245,42.25484388725511,0.27013640481031004,2.5965106880905195e-05,1.1378996733072988,0.37099600202569577
NII_5755,5756.24,0.607770305723534,0.607770305723534,4.082170205033416,20.65838619364372,0.27013640481031004,2.5965106880905195e-05,1.1378996733072988,0.37099600202569577
HeI_5876,5877.594,0.7511245895675529,0.7511245895675529,5.045028345289703,30.95188068612406,0.27013640481031004,2.5965106880905195e-05,1.1378996733072988,0.37099600202569577
HeII_4686,4687.02,0.0,0.0,0.0,10000000000.0,0.27013640481031004,2.5965106880905195e-05,1.1378996733072988,0.37099600202569577
NeIII_3869,3870.16,2.928767925869124,4.322144635760246,19.671459845685426,29.730291990557998,0.27013640481031004,2.5965106880905195e-05,1.1378996733072988,0.37099600202569577
