line,wl,amp,amp_err,flux,flux_err,z,zerr,FWHM,FWHMerr
HI_6563,6564.61,9.503130502772024,9.503130502772024,246.24637200738096,62.83919015030962,0.2695034525055366,4.30478505862998e-05,4.389908711802491,0.5140107588307785
HI_4861,4862.683,2.7738040678608513,2.7738040678608513,71.87517715039377,54.75684544289147,0.2695034525055366,4.30478505862998e-05,4.389908711802491,0.5140107588307785
HI_4341,4341.684,1.0499985698701266,1.0499985698701266,27.207701542984893,54.05998738307125,0.2695034525055366,4.30478505862998e-05,4.389908711802491,0.5140107588307785
HI_4102,4102.892,4.961762641965379,4.961762641965379,128.5698485345785,56.506858451253585,0.2695034525055366,4.30478505862998e-05,4.389908711802491,0.5140107588307785
OIII_4363,4364.436,1.9516706899113387,1.9516706899113387,50.57194853881284,54.34720032752839,0.2695034525055366,4.30478505862998e-05,4.389908711802491,0.5140107588307785
OIII_5007,5008.24,14.958335401310137,14.958335401310137,387.6023614289785,74.05452212702899,0.2695034525055366,4.30478505862998e-05,4.389908711802491,0.5140107588307785
OIII_4959,4960.295,10.209170734760391,10.209170734760391,264.54137969644415,64.10228959206997,0.2695034525055366,4.30478505862998e-05,4.389908711802491,0.5140107588307785
OII_3726,3727.092,14.066847111560833,14.066847111560833,364.50199918794686,77.83051334353995,0.2695034525055366,4.30478505862998e-05,4.389908711802491,0.5140107588307785
OII_3729,3729.875,7.883245992362049,7.883245992362049,204.271710747804,71.60283530597258,0.2695034525055366,4.30478505862998e-05,4.389908711802491,0.5140107588307785
OI_6300,6302.046,0.0,0.0,0.0,10000000000.0,0.2695034525055366,4.30478505862998e-05,4.389908711802491,0.5140107588307785
SII_6717,6718.29,1.0818804613016937,1.0818804613016937,28.033829322190552,54.067240662390915,0.2695034525055366,4.30478505862998e-05,4.389908711802491,0.5140107588307785
SII_6731,6732.67,5.589521319313462,5.589521319313462,144.83641424658532,57.177569059515946,0.2695034525055366,4.30478505862998e-05,4.389908711802491,0.5140107588307785
NII_6548,6549.85,0.0,0.0,0.0,10000000000.0,0.2695034525055366,4.30478505862998e-05,4.389908711802491,0.5140107588307785
NII_6584,6585.28,4.598041911707128,4.598041911707128,119.14506896074822,56.152574293333686,0.2695034525055366,4.30478505862998e-05,4.389908711802491,0.5140107588307785
NII_5755,5756.24,0.0,0.0,0.0,10000000000.0,0.2695034525055366,4.30478505862998e-05,4.389908711802491,0.5140107588307785
HeI_5876,5877.594,0.0,0.0,0.0,10000000000.0,0.2695034525055366,4.30478505862998e-05,4.389908711802491,0.5140107588307785
HeII_4686,4687.02,0.0,0.0,0.0,10000000000.0,0.2695034525055366,4.30478505862998e-05,4.389908711802491,0.5140107588307785
NeIII_3869,3870.16,1.3109815055114495,2.083160424713187,33.97032582124409,54.12547653771218,0.2695034525055366,4.30478505862998e-05,4.389908711802491,0.5140107588307785
