line,wl,amp,amp_err,flux,flux_err,z,zerr,FWHM,FWHMerr
HI_6563,6564.61,5.644680040547314,5.644680040547314,241.01838765945763,75.54162449732361,0.26935484290401795,9.980720719609908e-05,7.2337448960012285,1.0809420919114037
HI_4861,4862.683,4.879896663439581,4.879896663439581,208.3634178232243,72.78354610169374,0.26935484290401795,9.980720719609908e-05,7.2337448960012285,1.0809420919114037
HI_4341,4341.684,0.3415157519679042,0.3415157519679042,14.582150858568502,63.969814487818034,0.26935484290401795,9.980720719609908e-05,7.2337448960012285,1.0809420919114037
HI_4102,4102.892,0.541679827024609,0.541679827024609,23.128821757710543,64.04001463770781,0.26935484290401795,9.980720719609908e-05,7.2337448960012285,1.0809420919114037
OIII_4363,4364.436,0.25542650419708934,0.25542650419708934,10.906284105538955,63.949342195570495,0.26935484290401795,9.980720719609908e-05,7.2337448960012285,1.0809420919114037
OIII_5007,5008.24,5.480400924397259,5.480400924397259,234.00394442862958,74.92701518505399,0.26935484290401795,9.980720719609908e-05,7.2337448960012285,1.0809420919114037
OIII_4959,4960.295,0.0,0.0,0.0,10000000000.0,0.26935484290401795,9.980720719609908e-05,7.2337448960012285,1.0809420919114037
OII_3726,3727.092,10.711043642238792,10.711043642238792,457.343631571395,119.39499928013468,0.26935484290401795,9.980720719609908e-05,7.2337448960012285,1.0809420919114037
OII_3729,3729.875,0.008240682783593911,0.008240682783593911,0.35186335867537955,111.32474165999916,0.26935484290401795,9.980720719609908e-05,7.2337448960012285,1.0809420919114037
OI_6300,6302.046,0.0,0.0,0.0,10000000000.0,0.26935484290401795,9.980720719609908e-05,7.2337448960012285,1.0809420919114037
SII_6717,6718.29,1.256994608105174,1.256994608105174,53.67156536170394,64.54956598733594,0.26935484290401795,9.980720719609908e-05,7.2337448960012285,1.0809420919114037
SII_6731,6732.67,1.175152498198031,1.175152498198031,50.177044285084136,64.4713616784994,0.26935484290401795,9.980720719609908e-05,7.2337448960012285,1.0809420919114037
NII_6548,6549.85,0.0,0.0,0.0,10000000000.0,0.26935484290401795,9.980720719609908e-05,7.2337448960012285,1.0809420919114037
NII_6584,6585.28,3.549450427524903,3.549450427524903,151.5555909234983,68.75292857884892,0.26935484290401795,9.980720719609908e-05,7.2337448960012285,1.0809420919114037
NII_5755,5756.24,1.6362563701920863,1.6362563701920863,69.86540765966514,64.97997984565893,0.26935484290401795,9.980720719609908e-05,7.2337448960012285,1.0809420919114037
HeI_5876,5877.594,1.3933718708428842,1.3933718708428842,59.49464616386506,64.6914243504226,0.26935484290401795,9.980720719609908e-05,7.2337448960012285,1.0809420919114037
HeII_4686,4687.02,0.0,0.0,0.0,10000000000.0,0.26935484290401795,9.980720719609908e-05,7.2337448960012285,1.0809420919114037
NeIII_3869,3870.16,1.1680467451728873,1.499629298471131,49.87364052704572,64.46390791322203,0.26935484290401795,9.980720719609908e-05,7.2337448960012285,1.0809420919114037
