line,wl,amp,amp_err,flux,flux_err,z,zerr,FWHM,FWHMerr
HI_6563,6564.61,0.0,0.0,0.0,10000000000.0,0.27032653843036225,8.07413349595e-06,0.5516412441101587,0.5143745694230781
HI_4861,4862.683,0.2037082053540189,0.2037082053540189,0.66330444884761,12.77310343122963,0.27032653843036225,8.07413349595e-06,0.5516412441101587,0.5143745694230781
HI_4341,4341.684,62.57185162738415,62.57185162738415,203.74332729969066,971.1120623773052,0.27032653843036225,8.07413349595e-06,0.5516412441101587,0.5143745694230781
HI_4102,4102.892,0.0,0.0,0.0,10000000000.0,0.27032653843036225,8.07413349595e-06,0.5516412441101587,0.5143745694230781
OIII_4363,4364.436,70.13146675832104,70.13146675832104,228.35856721706116,1291.963878363105,0.27032653843036225,8.07413349595e-06,0.5516412441101587,0.5143745694230781
OIII_5007,5008.24,0.0,0.0,0.0,10000000000.0,0.27032653843036225,8.07413349595e-06,0.5516412441101587,0.5143745694230781
OIII_4959,4960.295,52.207184424839625,52.207184424839625,169.99441741005248,164.05868237527542,0.27032653843036225,8.07413349595e-06,0.5516412441101587,0.5143745694230781
OII_3726,3727.092,17.807533628815577,17.807533628815577,57.983998526074906,69.96711670009664,0.27032653843036225,8.07413349595e-06,0.5516412441101587,0.5143745694230781
OII_3729,3729.875,0.0,0.0,0.0,10000000000.0,0.27032653843036225,8.07413349595e-06,0.5516412441101587,0.5143745694230781
OI_6300,6302.046,0.0,0.0,0.0,10000000000.0,0.27032653843036225,8.07413349595e-06,0.5516412441101587,0.5143745694230781
SII_6717,6718.29,0.0,0.0,0.0,10000000000.0,0.27032653843036225,8.07413349595e-06,0.5516412441101587,0.5143745694230781
SII_6731,6732.67,0.0,0.0,0.0,10000000000.0,0.27032653843036225,8.07413349595e-06,0.5516412441101587,0.5143745694230781
NII_6548,6549.85,0.0,0.0,0.0,10000000000.0,0.27032653843036225,8.07413349595e-06,0.5516412441101587,0.5143745694230781
NII_6584,6585.28,0.0,0.0,0.0,10000000000.0,0.27032653843036225,8.07413349595e-06,0.5516412441101587,0.5143745694230781
NII_5755,5756.24,3.315768698813258,3.315768698813258,10.796639857733126,14.832725618001112,0.27032653843036225,8.07413349595e-06,0.5516412441101587,0.5143745694230781
HeI_5876,5877.594,0.0,0.0,0.0,10000000000.0,0.27032653843036225,8.07413349595e-06,0.5516412441101587,0.5143745694230781
HeII_4686,4687.02,0.0,0.0,0.0,10000000000.0,0.27032653843036225,8.07413349595e-06,0.5516412441101587,0.5143745694230781
NeIII_3869,3870.16,0.0,10000000000.0,0.0,10000000000.0,0.27032653843036225,8.07413349595e-06,0.5516412441101587,0.5143745694230781
