line,wl,amp,amp_err,flux,flux_err,z,zerr,FWHM,FWHMerr
HI_6563,6564.61,1.3932702370728975,1.3932702370728975,4.632659828113343,21.37335142779147,0.2698893753524543,1.144911837636262e-05,0.5633099124467522,0.3041308342343901
HI_4861,4862.683,0.0,0.0,0.0,10000000000.0,0.2698893753524543,1.144911837636262e-05,0.5633099124467522,0.3041308342343901
HI_4341,4341.684,0.7668170567025072,0.7668170567025072,2.5496866864543164,14.127434101809062,0.2698893753524543,1.144911837636262e-05,0.5633099124467522,0.3041308342343901
HI_4102,4102.892,2.929482503115196,2.929482503115196,9.740605625692856,47.98504188500152,0.2698893753524543,1.144911837636262e-05,0.5633099124467522,0.3041308342343901
OIII_4363,4364.436,4.042865825665899,4.042865825665899,13.44263417293881,14.356928629196657,0.2698893753524543,1.144911837636262e-05,0.5633099124467522,0.3041308342343901
OIII_5007,5008.24,4.046545891523124,4.046545891523124,13.454870487767003,14.95685343874547,0.2698893753524543,1.144911837636262e-05,0.5633099124467522,0.3041308342343901
OIII_4959,4960.295,0.0,0.0,0.0,10000000000.0,0.2698893753524543,1.144911837636262e-05,0.5633099124467522,0.3041308342343901
OII_3726,3727.092,0.0,0.0,0.0,10000000000.0,0.2698893753524543,1.144911837636262e-05,0.5633099124467522,0.3041308342343901
OII_3729,3729.875,0.0,0.0,0.0,10000000000.0,0.2698893753524543,1.144911837636262e-05,0.5633099124467522,0.3041308342343901
OI_6300,6302.046,0.0,0.0,0.0,10000000000.0,0.2698893753524543,1.144911837636262e-05,0.5633099124467522,0.3041308342343901
SII_6717,6718.29,0.0,0.0,0.0,10000000000.0,0.2698893753524543,1.144911837636262e-05,0.5633099124467522,0.3041308342343901
SII_6731,6732.67,0.8774907692539955,0.8774907692539955,2.9176796633534687,13.229574280173301,0.2698893753524543,1.144911837636262e-05,0.5633099124467522,0.3041308342343901
NII_6548,6549.85,11.849793437513654,11.849793437513654,39.40087182565602,33.82771021958375,0.2698893753524543,1.144911837636262e-05,0.5633099124467522,0.3041308342343901
NII_6584,6585.28,0.0,0.0,0.0,10000000000.0,0.2698893753524543,1.144911837636262e-05,0.5633099124467522,0.3041308342343901
NII_5755,5756.24,0.0,0.0,0.0,10000000000.0,0.2698893753524543,1.144911837636262e-05,0.5633099124467522,0.3041308342343901
HeI_5876,5877.594,5.648808623657601,5.648808623657601,18.782435805488028,33.26078326565899,0.2698893753524543,1.144911837636262e-05,0.5633099124467522,0.3041308342343901
HeII_4686,4687.02,0.0,0.0,0.0,10000000000.0,0.2698893753524543,1.144911837636262e-05,0.5633099124467522,0.3041308342343901
NeIII_3869,3870.16,8.660233319070244,5.4228207264412625,28.795501354879132,23.807918781935356,0.2698893753524543,1.144911837636262e-05,0.5633099124467522,0.3041308342343901
