line,wl,amp,amp_err,flux,flux_err,z,zerr,FWHM,FWHMerr
HI_6563,6564.61,39.89505336174511,39.89505336174511,823.6591856093777,54.11405515077222,0.2698540310300454,1.0208590109737562e-05,3.497686152489688,0.12616898508111324
HI_4861,4862.683,10.347602120223883,10.347602120223883,213.63293985529484,43.58006268726939,0.2698540310300454,1.0208590109737562e-05,3.497686152489688,0.12616898508111324
HI_4341,4341.684,6.21881968798948,6.21881968798948,128.3915555448933,43.032643503199886,0.2698540310300454,1.0208590109737562e-05,3.497686152489688,0.12616898508111324
HI_4102,4102.892,4.6117608900266305,4.6117608900266305,95.2127870205299,42.892218090019966,0.2698540310300454,1.0208590109737562e-05,3.497686152489688,0.12616898508111324
OIII_4363,4364.436,0.0,0.0,0.0,10000000000.0,0.2698540310300454,1.0208590109737562e-05,3.497686152489688,0.12616898508111324
OIII_5007,5008.24,63.10878827360443,63.10878827360443,1302.9217603221655,67.71921662768898,0.2698540310300454,1.0208590109737562e-05,3.497686152489688,0.12616898508111324
OIII_4959,4960.295,5.996109083580109,5.996109083580109,123.79355104064838,43.01072288505459,0.2698540310300454,1.0208590109737562e-05,3.497686152489688,0.12616898508111324
OII_3726,3727.092,20.835777523689444,20.835777523689444,430.16810608295253,48.6672939499471,0.2698540310300454,1.0208590109737562e-05,3.497686152489688,0.12616898508111324
OII_3729,3729.875,23.87769736593509,23.87769736593509,492.97050910857564,49.421967614293884,0.2698540310300454,1.0208590109737562e-05,3.497686152489688,0.12616898508111324
OI_6300,6302.046,1.903272475947574,1.903272475947574,39.29429153326867,42.749388273130954,0.2698540310300454,1.0208590109737562e-05,3.497686152489688,0.12616898508111324
SII_6717,6718.29,1.9619075289101602,1.9619075289101602,40.50485013394061,42.75119989760121,0.2698540310300454,1.0208590109737562e-05,3.497686152489688,0.12616898508111324
SII_6731,6732.67,3.0995771782525026,3.0995771782525026,63.99277602723814,42.79789146584676,0.2698540310300454,1.0208590109737562e-05,3.497686152489688,0.12616898508111324
NII_6548,6549.85,0.0,0.0,0.0,10000000000.0,0.2698540310300454,1.0208590109737562e-05,3.497686152489688,0.12616898508111324
NII_6584,6585.28,2.20922916578877,2.20922916578877,45.61096532491182,42.75955478476868,0.2698540310300454,1.0208590109737562e-05,3.497686152489688,0.12616898508111324
NII_5755,5756.24,0.0,0.0,0.0,10000000000.0,0.2698540310300454,1.0208590109737562e-05,3.497686152489688,0.12616898508111324
HeI_5876,5877.594,3.701242360023116,3.701242360023116,76.4145429348592,42.830986668336216,0.2698540310300454,1.0208590109737562e-05,3.497686152489688,0.12616898508111324
HeII_4686,4687.02,0.0,0.0,0.0,10000000000.0,0.2698540310300454,1.0208590109737562e-05,3.497686152489688,0.12616898508111324
NeIII_3869,3870.16,9.372514269028557,2.0760923373805587,193.50162036235588,43.42688971360989,0.2698540310300454,1.0208590109737562e-05,3.497686152489688,0.12616898508111324
