line,wl,amp,amp_err,flux,flux_err,z,zerr,FWHM,FWHMerr
HI_6563,6564.61,39.72865395485951,39.72865395485951,1361.1379037733475,97.21090297569505,0.26960649119451224,2.146575852744628e-05,5.80431025900449,0.2681848057304373
HI_4861,4862.683,12.13210525700049,12.13210525700049,415.656375789479,70.47838277430425,0.26960649119451224,2.146575852744628e-05,5.80431025900449,0.2681848057304373
HI_4341,4341.684,6.630429786007994,6.630429786007994,227.16423542306745,68.14600623778087,0.26960649119451224,2.146575852744628e-05,5.80431025900449,0.2681848057304373
HI_4102,4102.892,4.156105564878999,4.156105564878999,142.3917564100656,67.52984175769544,0.26960649119451224,2.146575852744628e-05,5.80431025900449,0.2681848057304373
OIII_4363,4364.436,1.556787622837419,1.556787622837419,53.33688485839138,67.18457086356052,0.26960649119451224,2.146575852744628e-05,5.80431025900449,0.2681848057304373
OIII_5007,5008.24,25.326744120274952,25.326744120274952,867.7160681165823,80.71742331689266,0.26960649119451224,2.146575852744628e-05,5.80431025900449,0.2681848057304373
OIII_4959,4960.295,16.6429698274477,16.6429698274477,570.2024812930852,73.30563210280651,0.26960649119451224,2.146575852744628e-05,5.80431025900449,0.2681848057304373
OII_3726,3727.092,30.032774742490346,30.032774742490346,1028.9487306551512,104.04044735530015,0.26960649119451224,2.146575852744628e-05,5.80431025900449,0.2681848057304373
OII_3729,3729.875,21.969202754958815,21.969202754958815,752.683809006789,101.15735464887216,0.26960649119451224,2.146575852744628e-05,5.80431025900449,0.2681848057304373
OI_6300,6302.046,2.3990752997484606,2.3990752997484606,82.19438615273323,67.26219132124064,0.26960649119451224,2.146575852744628e-05,5.80431025900449,0.2681848057304373
SII_6717,6718.29,4.644902983389102,4.644902983389102,159.13837698162124,67.62954515572515,0.26960649119451224,2.146575852744628e-05,5.80431025900449,0.2681848057304373
SII_6731,6732.67,6.675890893048063,6.675890893048063,228.72177210704479,68.15988883498086,0.26960649119451224,2.146575852744628e-05,5.80431025900449,0.2681848057304373
NII_6548,6549.85,0.0,0.0,0.0,10000000000.0,0.26960649119451224,2.146575852744628e-05,5.80431025900449,0.2681848057304373
NII_6584,6585.28,2.3708024519659148,2.3708024519659148,81.22573403559473,67.25905939717367,0.26960649119451224,2.146575852744628e-05,5.80431025900449,0.2681848057304373
NII_5755,5756.24,1.6212460238555195,1.6212460238555195,55.54528519689888,67.18933838350048,0.26960649119451224,2.146575852744628e-05,5.80431025900449,0.2681848057304373
HeI_5876,5877.594,3.3286013501448224,3.3286013501448224,114.0407492632676,67.38604891217489,0.26960649119451224,2.146575852744628e-05,5.80431025900449,0.2681848057304373
HeII_4686,4687.02,0.0,0.0,0.0,10000000000.0,0.26960649119451224,2.146575852744628e-05,5.80431025900449,0.2681848057304373
NeIII_3869,3870.16,2.345255110092353,1.96007067041708,80.3504600984442,67.25625392654182,0.26960649119451224,2.146575852744628e-05,5.80431025900449,0.2681848057304373
