line,wl,amp,amp_err,flux,flux_err,z,zerr,FWHM,FWHMerr
HI_6563,6564.61,0.0,0.0,0.0,10000000000.0,0.2683987981459426,3.301219129053432e-05,2.7612744921071575,0.47998394272085143
HI_4861,4862.683,2.515146813759884,2.515146813759884,40.99402672685604,41.66389712499827,0.2683987981459426,3.301219129053432e-05,2.7612744921071575,0.47998394272085143
HI_4341,4341.684,3.520680477757537,3.520680477757537,57.383079513421734,42.38402505005386,0.2683987981459426,3.301219129053432e-05,2.7612744921071575,0.47998394272085143
HI_4102,4102.892,0.1559926474023996,0.1559926474023996,2.5425023787170042,40.896836207925666,0.2683987981459426,3.301219129053432e-05,2.7612744921071575,0.47998394272085143
OIII_4363,4364.436,2.01819159969682,2.01819159969682,32.89422308283043,41.38163590777972,0.2683987981459426,3.301219129053432e-05,2.7612744921071575,0.47998394272085143
OIII_5007,5008.24,0.0,0.0,0.0,10000000000.0,0.2683987981459426,3.301219129053432e-05,2.7612744921071575,0.47998394272085143
OIII_4959,4960.295,3.629115932493164,3.629115932493164,59.150453849286436,42.48335299852411,0.2683987981459426,3.301219129053432e-05,2.7612744921071575,0.47998394272085143
OII_3726,3727.092,1.673394778939155,1.673394778939155,27.274427845372728,41.38616770973148,0.2683987981459426,3.301219129053432e-05,2.7612744921071575,0.47998394272085143
OII_3729,3729.875,0.0,0.0,0.0,10000000000.0,0.2683987981459426,3.301219129053432e-05,2.7612744921071575,0.47998394272085143
OI_6300,6302.046,12.915309243956017,12.915309243956017,210.50482199918585,57.80960096279946,0.2683987981459426,3.301219129053432e-05,2.7612744921071575,0.47998394272085143
SII_6717,6718.29,2.1176553582052975,2.1176553582052975,34.51536899460914,41.437714915345126,0.2683987981459426,3.301219129053432e-05,2.7612744921071575,0.47998394272085143
SII_6731,6732.67,6.359161543720688,6.359161543720688,103.64708606969148,45.568066766420266,0.2683987981459426,3.301219129053432e-05,2.7612744921071575,0.47998394272085143
NII_6548,6549.85,0.36046268201778275,0.36046268201778275,5.875130922708001,40.90923855121429,0.2683987981459426,3.301219129053432e-05,2.7612744921071575,0.47998394272085143
NII_6584,6585.28,11.511108659046158,11.511108659046158,187.61795273463997,54.8081834848185,0.2683987981459426,3.301219129053432e-05,2.7612744921071575,0.47998394272085143
NII_5755,5756.24,0.0,0.0,0.0,10000000000.0,0.2683987981459426,3.301219129053432e-05,2.7612744921071575,0.47998394272085143
HeI_5876,5877.594,0.27177749335817225,0.27177749335817225,4.42966341588141,40.896488087602044,0.2683987981459426,3.301219129053432e-05,2.7612744921071575,0.47998394272085143
HeII_4686,4687.02,0.0,0.0,0.0,10000000000.0,0.2683987981459426,3.301219129053432e-05,2.7612744921071575,0.47998394272085143
NeIII_3869,3870.16,0.0,10000000000.0,0.0,10000000000.0,0.2683987981459426,3.301219129053432e-05,2.7612744921071575,0.47998394272085143
