line,wl,amp,amp_err,flux,flux_err,z,zerr,FWHM,FWHMerr
HI_6563,6564.61,0.0,0.0,0.0,10000000000.0,0.27017078688668655,1.1639677128221174e-05,0.6457693760476191,0.5497186485394353
HI_4861,4862.683,4.007284673150821,4.007284673150821,15.274791800493205,46.32851652539788,0.27017078688668655,1.1639677128221174e-05,0.6457693760476191,0.5497186485394353
HI_4341,4341.684,6.099774269369618,6.099774269369618,23.250851784724148,26.867963839952154,0.27017078688668655,1.1639677128221174e-05,0.6457693760476191,0.5497186485394353
HI_4102,4102.892,9.744470660675347,9.744470660675347,37.14354548981861,59.94022323375538,0.27017078688668655,1.1639677128221174e-05,0.6457693760476191,0.5497186485394353
OIII_4363,4364.436,1.7518174612250732,1.7518174612250732,6.677500895298751,16.3534908214694,0.27017078688668655,1.1639677128221174e-05,0.6457693760476191,0.5497186485394353
OIII_5007,5008.24,0.0,0.0,0.0,10000000000.0,0.27017078688668655,1.1639677128221174e-05,0.6457693760476191,0.5497186485394353
OIII_4959,4960.295,505.12007734120516,505.12007734120516,1925.3945364379022,8649.258179236247,0.27017078688668655,1.1639677128221174e-05,0.6457693760476191,0.5497186485394353
OII_3726,3727.092,5.979926118171534,5.979926118171534,22.794019863226197,90.87902808467898,0.27017078688668655,1.1639677128221174e-05,0.6457693760476191,0.5497186485394353
OII_3729,3729.875,0.8494656078313483,0.8494656078313483,3.2379557130641876,23.41612344917564,0.27017078688668655,1.1639677128221174e-05,0.6457693760476191,0.5497186485394353
OI_6300,6302.046,0.0,0.0,0.0,10000000000.0,0.27017078688668655,1.1639677128221174e-05,0.6457693760476191,0.5497186485394353
SII_6717,6718.29,2.1506518377284465,2.1506518377284465,8.197760263141088,21.522084301429715,0.27017078688668655,1.1639677128221174e-05,0.6457693760476191,0.5497186485394353
SII_6731,6732.67,74.89690385808649,74.89690385808649,285.4887302114984,1226.6601832971148,0.27017078688668655,1.1639677128221174e-05,0.6457693760476191,0.5497186485394353
NII_6548,6549.85,18.9281081202995,18.9281081202995,72.14933160400358,128.37528481304298,0.27017078688668655,1.1639677128221174e-05,0.6457693760476191,0.5497186485394353
NII_6584,6585.28,6.248061016342604,6.248061016342604,23.816084697165035,59.268121828838055,0.27017078688668655,1.1639677128221174e-05,0.6457693760476191,0.5497186485394353
NII_5755,5756.24,1.395484709964876,1.395484709964876,5.3192473567706715,32.65018500617914,0.27017078688668655,1.1639677128221174e-05,0.6457693760476191,0.5497186485394353
HeI_5876,5877.594,0.0,0.0,0.0,10000000000.0,0.27017078688668655,1.1639677128221174e-05,0.6457693760476191,0.5497186485394353
HeII_4686,4687.02,0.0,0.0,0.0,10000000000.0,0.27017078688668655,1.1639677128221174e-05,0.6457693760476191,0.5497186485394353
NeIII_3869,3870.16,0.0,10000000000.0,0.0,10000000000.0,0.27017078688668655,1.1639677128221174e-05,0.6457693760476191,0.5497186485394353
