line,wl,amp,amp_err,flux,flux_err,z,zerr,FWHM,FWHMerr
HI_6563,6564.61,145.26207727478618,145.26207727478618,3707.4397481885967,75.71500286411508,0.26969980324097825,4.252165417632143e-06,4.323885582209001,0.055043966945413775
HI_4861,4862.683,43.26328416247566,43.26328416247566,1104.1837095426224,56.52813843346364,0.26969980324097825,4.252165417632143e-06,4.323885582209001,0.055043966945413775
HI_4341,4341.684,19.61278056981007,19.61278056981007,500.5656233282851,54.76505182007243,0.26969980324097825,4.252165417632143e-06,4.323885582209001,0.055043966945413775
HI_4102,4102.892,8.202878164931462,8.202878164931462,209.35730184201307,54.38136902094717,0.26969980324097825,4.252165417632143e-06,4.323885582209001,0.055043966945413775
OIII_4363,4364.436,4.333839451604945,4.333839451604945,110.61007075338682,54.32247574783123,0.26969980324097825,4.252165417632143e-06,4.323885582209001,0.055043966945413775
OIII_5007,5008.24,151.36942224558948,151.36942224558948,3863.3139716985897,77.27740525963135,0.26969980324097825,4.252165417632143e-06,4.323885582209001,0.055043966945413775
OIII_4959,4960.295,55.33755103939097,55.33755103939097,1412.3482201260244,57.90096954994522,0.26969980324097825,4.252165417632143e-06,4.323885582209001,0.055043966945413775
OII_3726,3727.092,75.38549647164746,75.38549647164746,1924.0203038486281,67.94994588086074,0.26969980324097825,4.252165417632143e-06,4.323885582209001,0.055043966945413775
OII_3729,3729.875,83.08078101482556,83.08078101482556,2120.42258808026,68.7082311872971,0.26969980324097825,4.252165417632143e-06,4.323885582209001,0.055043966945413775
OI_6300,6302.046,6.711756569746626,6.711756569746626,171.30027019903926,54.35437320949293,0.26969980324097825,4.252165417632143e-06,4.323885582209001,0.055043966945413775
SII_6717,6718.29,20.95833327150126,20.95833327150126,534.9073845306657,54.83078058771078,0.26969980324097825,4.252165417632143e-06,4.323885582209001,0.055043966945413775
SII_6731,6732.67,15.903467065481095,15.903467065481095,405.894966110381,54.6061058107035,0.26969980324097825,4.252165417632143e-06,4.323885582209001,0.055043966945413775
NII_6548,6549.85,0.7924565424027605,0.7924565424027605,20.225408717365607,54.300436311974686,0.26969980324097825,4.252165417632143e-06,4.323885582209001,0.055043966945413775
NII_6584,6585.28,10.868426155335328,10.868426155335328,277.3885372182874,54.44300364988175,0.26969980324097825,4.252165417632143e-06,4.323885582209001,0.055043966945413775
NII_5755,5756.24,0.0,0.0,0.0,10000000000.0,0.26969980324097825,4.252165417632143e-06,4.323885582209001,0.055043966945413775
HeI_5876,5877.594,4.014817772014908,4.014817772014908,102.46786545359186,54.319261084828376,0.26969980324097825,4.252165417632143e-06,4.323885582209001,0.055043966945413775
HeII_4686,4687.02,0.0,0.0,0.0,10000000000.0,0.26969980324097825,4.252165417632143e-06,4.323885582209001,0.055043966945413775
NeIII_3869,3870.16,18.131317669664554,2.130656376175295,462.7551049568836,54.697662587391626,0.26969980324097825,4.252165417632143e-06,4.323885582209001,0.055043966945413775
