line,wl,amp,amp_err,flux,flux_err,z,zerr,FWHM,FWHMerr
HI_6563,6564.61,1526.5560568678798,1526.5560568678798,42453.17477833611,189.1014429226633,0.2692201849453494,1.0234138515194842e-06,4.711397625851337,0.013825351978077527
HI_4861,4862.683,472.172156742776,472.172156742776,13130.999680937268,134.96689148397368,0.2692201849453494,1.0234138515194842e-06,4.711397625851337,0.013825351978077527
HI_4341,4341.684,211.88603606098582,211.88603606098582,5892.502198996795,129.35949258222115,0.2692201849453494,1.0234138515194842e-06,4.711397625851337,0.013825351978077527
HI_4102,4102.892,90.6649938951773,90.6649938951773,2521.3727427776093,128.17401250414014,0.2692201849453494,1.0234138515194842e-06,4.711397625851337,0.013825351978077527
OIII_4363,4364.436,4.8347368498411925,4.8347368498411925,134.4529259637494,127.90759155667274,0.2692201849453494,1.0234138515194842e-06,4.711397625851337,0.013825351978077527
OIII_5007,5008.24,1312.8149151452794,1312.8149151452794,36509.08251520083,175.2349351044948,0.2692201849453494,1.0234138515194842e-06,4.711397625851337,0.013825351978077527
OIII_4959,4960.295,450.06652892171905,450.06652892171905,12516.247227366937,134.33672045159685,0.2692201849453494,1.0234138515194842e-06,4.711397625851337,0.013825351978077527
OII_3726,3727.092,510.3209524400761,510.3209524400761,14191.908963655265,155.17369155900496,0.2692201849453494,1.0234138515194842e-06,4.711397625851337,0.013825351978077527
OII_3729,3729.875,579.4473541997211,579.4473541997211,16114.298385581142,156.4156772291248,0.2692201849453494,1.0234138515194842e-06,4.711397625851337,0.013825351978077527
OI_6300,6302.046,28.833042050696122,28.833042050696122,801.8403045616138,127.93387717434186,0.2692201849453494,1.0234138515194842e-06,4.711397625851337,0.013825351978077527
SII_6717,6718.29,162.63174630854132,162.63174630854132,4522.751666721185,128.76463330805515,0.2692201849453494,1.0234138515194842e-06,4.711397625851337,0.013825351978077527
SII_6731,6732.67,128.36887185209434,128.36887185209434,3569.908964899839,128.44193869376622,0.2692201849453494,1.0234138515194842e-06,4.711397625851337,0.013825351978077527
NII_6548,6549.85,76.99748640483517,76.99748640483517,2141.282485586399,128.09960535875078,0.2692201849453494,1.0234138515194842e-06,4.711397625851337,0.013825351978077527
NII_6584,6585.28,264.0839529462562,264.0839529462562,7344.114328552044,130.1564833338288,0.2692201849453494,1.0234138515194842e-06,4.711397625851337,0.013825351978077527
NII_5755,5756.24,0.23285589404849816,0.23285589404849816,6.475669153276416,127.90682699203576,0.2692201849453494,1.0234138515194842e-06,4.711397625851337,0.013825351978077527
HeI_5876,5877.594,56.322282447023554,56.322282447023554,1566.3097924776987,128.01001138188076,0.2692201849453494,1.0234138515194842e-06,4.711397625851337,0.013825351978077527
HeII_4686,4687.02,0.0,0.0,0.0,10000000000.0,0.2692201849453494,1.0234138515194842e-06,4.711397625851337,0.013825351978077527
NeIII_3869,3870.16,109.64320713243251,4.602160489765355,3049.152512093646,128.2974171225205,0.2692201849453494,1.0234138515194842e-06,4.711397625851337,0.013825351978077527
