line,wl,amp,amp_err,flux,flux_err,z,zerr,FWHM,FWHMerr
HI_6563,6564.61,228.50509131628223,228.50509131628223,4152.961415023441,55.83723611656899,0.2698842880242811,1.9724924703853506e-06,3.079033094702588,0.02557564027206704
HI_4861,4862.683,61.51943277055466,61.51943277055466,1118.0837551519242,41.69372478819797,0.2698842880242811,1.9724924703853506e-06,3.079033094702588,0.02557564027206704
HI_4341,4341.684,24.112629420145367,24.112629420145367,438.2345225648254,40.58459552498158,0.2698842880242811,1.9724924703853506e-06,3.079033094702588,0.02557564027206704
HI_4102,4102.892,8.261554402189404,8.261554402189404,150.14946259083587,40.404988015099626,0.2698842880242811,1.9724924703853506e-06,3.079033094702588,0.02557564027206704
OIII_4363,4364.436,3.3564452905729922,3.3564452905729922,61.00165078638463,40.38383632736783,0.2698842880242811,1.9724924703853506e-06,3.079033094702588,0.02557564027206704
OIII_5007,5008.24,260.09486002548124,260.09486002548124,4727.089062696867,59.64107646487815,0.2698842880242811,1.9724924703853506e-06,3.079033094702588,0.02557564027206704
OIII_4959,4960.295,84.59680657619447,84.59680657619447,1537.5030443363387,42.83162011880902,0.2698842880242811,1.9724924703853506e-06,3.079033094702588,0.02557564027206704
OII_3726,3727.092,64.65931439270094,64.65931439270094,1175.1494736853715,42.8834862699276,0.2698842880242811,1.9724924703853506e-06,3.079033094702588,0.02557564027206704
OII_3729,3729.875,80.47476866735587,80.47476866735587,1462.587145141007,43.540702755464096,0.2698842880242811,1.9724924703853506e-06,3.079033094702588,0.02557564027206704
OI_6300,6302.046,6.993129765048366,6.993129765048366,127.09650326477602,40.39868889208936,0.2698842880242811,1.9724924703853506e-06,3.079033094702588,0.02557564027206704
SII_6717,6718.29,19.179518204626447,19.179518204626447,348.57778705816384,40.51048513810551,0.2698842880242811,1.9724924703853506e-06,3.079033094702588,0.02557564027206704
SII_6731,6732.67,15.376490566004009,15.376490566004009,279.45973392207026,40.463299685740566,0.2698842880242811,1.9724924703853506e-06,3.079033094702588,0.02557564027206704
NII_6548,6549.85,3.340081729385929,3.340081729385929,60.70425155632464,40.38425839790568,0.2698842880242811,1.9724924703853506e-06,3.079033094702588,0.02557564027206704
NII_6584,6585.28,10.804760839077517,10.804760839077517,196.37091937324317,40.42144830841953,0.2698842880242811,1.9724924703853506e-06,3.079033094702588,0.02557564027206704
NII_5755,5756.24,0.2747861626382928,0.2747861626382928,4.994095861258699,40.37994350255425,0.2698842880242811,1.9724924703853506e-06,3.079033094702588,0.02557564027206704
HeI_5876,5877.594,7.841109647033477,7.841109647033477,142.50809742363825,40.4022538612012,0.2698842880242811,1.9724924703853506e-06,3.079033094702588,0.02557564027206704
HeII_4686,4687.02,0.0,0.0,0.0,10000000000.0,0.2698842880242811,1.9724924703853506e-06,3.079033094702588,0.02557564027206704
NeIII_3869,3870.16,21.706156573331327,2.2236315719996504,394.4981278020178,40.54598119693307,0.2698842880242811,1.9724924703853506e-06,3.079033094702588,0.02557564027206704
