line,wl,amp,amp_err,flux,flux_err,z,zerr,FWHM,FWHMerr
HI_6563,6564.61,0.13206507474217233,0.13206507474217233,1.8364529741091027,35.2592744822111,0.2701414067396613,2.4056558651756323e-05,2.3558312164441015,0.3010815097377786
HI_4861,4862.683,0.0,0.0,0.0,10000000000.0,0.2701414067396613,2.4056558651756323e-05,2.3558312164441015,0.3010815097377786
HI_4341,4341.684,0.0,0.0,0.0,10000000000.0,0.2701414067396613,2.4056558651756323e-05,2.3558312164441015,0.3010815097377786
HI_4102,4102.892,0.4258877972291657,0.4258877972291657,5.922253959914813,35.16552990817804,0.2701414067396613,2.4056558651756323e-05,2.3558312164441015,0.3010815097377786
OIII_4363,4364.436,0.4259692484745301,0.4259692484745301,5.92338659382341,35.15596787102399,0.2701414067396613,2.4056558651756323e-05,2.3558312164441015,0.3010815097377786
OIII_5007,5008.24,0.0,0.0,0.0,10000000000.0,0.2701414067396613,2.4056558651756323e-05,2.3558312164441015,0.3010815097377786
OIII_4959,4960.295,28.709829208908786,28.709829208908786,399.2293294786475,67.3312582055888,0.2701414067396613,2.4056558651756323e-05,2.3558312164441015,0.3010815097377786
OII_3726,3727.092,2.800799951039494,2.800799951039494,38.94699192812877,35.731694485042155,0.2701414067396613,2.4056558651756323e-05,2.3558312164441015,0.3010815097377786
OII_3729,3729.875,2.567463503587419,2.567463503587419,35.70229295129489,35.591817500329604,0.2701414067396613,2.4056558651756323e-05,2.3558312164441015,0.3010815097377786
OI_6300,6302.046,0.0,0.0,0.0,10000000000.0,0.2701414067396613,2.4056558651756323e-05,2.3558312164441015,0.3010815097377786
SII_6717,6718.29,0.4852475853490432,0.4852475853490432,6.747691416775046,35.23639560034987,0.2701414067396613,2.4056558651756323e-05,2.3558312164441015,0.3010815097377786
SII_6731,6732.67,2.8292777977392234,2.8292777977392234,39.34299538604557,35.65988697437067,0.2701414067396613,2.4056558651756323e-05,2.3558312164441015,0.3010815097377786
NII_6548,6549.85,0.0,0.0,0.0,10000000000.0,0.2701414067396613,2.4056558651756323e-05,2.3558312164441015,0.3010815097377786
NII_6584,6585.28,0.42051998979843574,0.42051998979843574,5.847611016351922,35.26817876599781,0.2701414067396613,2.4056558651756323e-05,2.3558312164441015,0.3010815097377786
NII_5755,5756.24,0.3703748931593509,0.3703748931593509,5.150309992295265,35.159753745269434,0.2701414067396613,2.4056558651756323e-05,2.3558312164441015,0.3010815097377786
HeI_5876,5877.594,0.9588250128925893,0.9588250128925893,13.333101503288715,35.30627288821492,0.2701414067396613,2.4056558651756323e-05,2.3558312164441015,0.3010815097377786
HeII_4686,4687.02,0.0,0.0,0.0,10000000000.0,0.2701414067396613,2.4056558651756323e-05,2.3558312164441015,0.3010815097377786
NeIII_3869,3870.16,0.0,10000000000.0,0.0,10000000000.0,0.2701414067396613,2.4056558651756323e-05,2.3558312164441015,0.3010815097377786
