line,wl,amp,amp_err,flux,flux_err,z,zerr,FWHM,FWHMerr
HI_6563,6564.61,115.32735086731464,115.32735086731464,3557.4861423038806,82.99917478563599,0.26920050394166245,5.8700111778080516e-06,5.225925842571581,0.07327553703145297
HI_4861,4862.683,49.311425293522916,49.311425293522916,1521.1024169001234,65.93409004373844,0.26920050394166245,5.8700111778080516e-06,5.225925842571581,0.07327553703145297
HI_4341,4341.684,17.349289420067294,17.349289420067294,535.1710260102835,62.04095698488008,0.26920050394166245,5.8700111778080516e-06,5.225925842571581,0.07327553703145297
HI_4102,4102.892,8.352084138359714,8.352084138359714,257.6355336190389,61.60363083055584,0.26920050394166245,5.8700111778080516e-06,5.225925842571581,0.07327553703145297
OIII_4363,4364.436,3.3507312804916864,3.3507312804916864,103.35952406162184,61.492436628740734,0.26920050394166245,5.8700111778080516e-06,5.225925842571581,0.07327553703145297
OIII_5007,5008.24,124.41636035511829,124.41636035511829,3837.8535057867257,86.01395773008839,0.26920050394166245,5.8700111778080516e-06,5.225925842571581,0.07327553703145297
OIII_4959,4960.295,41.26239525287019,41.26239525287019,1272.815149280894,64.6283811003608,0.26920050394166245,5.8700111778080516e-06,5.225925842571581,0.07327553703145297
OII_3726,3727.092,65.55014961985148,65.55014961985148,2022.016001797003,85.12572949559173,0.26920050394166245,5.8700111778080516e-06,5.225925842571581,0.07327553703145297
OII_3729,3729.875,90.43248093550233,90.43248093550233,2789.55768360918,87.82610745546546,0.26920050394166245,5.8700111778080516e-06,5.225925842571581,0.07327553703145297
OI_6300,6302.046,8.102057695967005,8.102057695967005,249.92300404706472,61.5958153518125,0.26920050394166245,5.8700111778080516e-06,5.225925842571581,0.07327553703145297
SII_6717,6718.29,18.830393349501833,18.830393349501833,580.8584250934138,62.14185477111194,0.26920050394166245,5.8700111778080516e-06,5.225925842571581,0.07327553703145297
SII_6731,6732.67,10.950610755597495,10.950610755597495,337.7919090296451,61.69874544494186,0.26920050394166245,5.8700111778080516e-06,5.225925842571581,0.07327553703145297
NII_6548,6549.85,2.883303274560376,2.883303274560376,88.94083984560685,61.486899601333185,0.26920050394166245,5.8700111778080516e-06,5.225925842571581,0.07327553703145297
NII_6584,6585.28,19.443145459452353,19.443145459452353,599.7599009655544,62.18596208308797,0.26920050394166245,5.8700111778080516e-06,5.225925842571581,0.07327553703145297
NII_5755,5756.24,0.0,0.0,0.0,10000000000.0,0.26920050394166245,5.8700111778080516e-06,5.225925842571581,0.07327553703145297
HeI_5876,5877.594,8.599543504825988,8.599543504825988,265.26887697052103,61.611585303708885,0.26920050394166245,5.8700111778080516e-06,5.225925842571581,0.07327553703145297
HeII_4686,4687.02,0.0,0.0,0.0,10000000000.0,0.26920050394166245,5.8700111778080516e-06,5.225925842571581,0.07327553703145297
NeIII_3869,3870.16,14.177547976263895,1.9952600062438108,437.332775600082,61.852217685962074,0.26920050394166245,5.8700111778080516e-06,5.225925842571581,0.07327553703145297
