line,wl,amp,amp_err,flux,flux_err,z,zerr,FWHM,FWHMerr
HI_6563,6564.61,2732.3113424775643,2732.3113424775643,77186.40889056341,303.56861926015097,0.26921173261990183,9.181254627730241e-07,4.785893087031432,0.012556373154738601
HI_4861,4862.683,778.3214777542696,778.3214777542696,21987.18678076194,212.25302823432173,0.26921173261990183,9.181254627730241e-07,4.785893087031432,0.012556373154738601
HI_4341,4341.684,295.92947546860046,295.92947546860046,8359.857510080556,203.69850502463925,0.26921173261990183,9.181254627730241e-07,4.785893087031432,0.012556373154738601
HI_4102,4102.892,129.5524677904109,129.5524677904109,3659.791472587027,202.50186720882522,0.26921173261990183,9.181254627730241e-07,4.785893087031432,0.012556373154738601
OIII_4363,4364.436,20.076432329822637,20.076432329822637,567.1490253626325,202.2242818074152,0.26921173261990183,9.181254627730241e-07,4.785893087031432,0.012556373154738601
OIII_5007,5008.24,2280.885632682227,2280.885632682227,64433.86166862769,276.7928217298488,0.26921173261990183,9.181254627730241e-07,4.785893087031432,0.012556373154738601
OIII_4959,4960.295,765.0130444291633,765.0130444291633,21611.230292804383,211.92053979623233,0.26921173261990183,9.181254627730241e-07,4.785893087031432,0.012556373154738601
OII_3726,3727.092,745.8630782527266,745.8630782527266,21070.253466131842,241.44928268923357,0.26921173261990183,9.181254627730241e-07,4.785893087031432,0.012556373154738601
OII_3729,3729.875,822.5459818298668,822.5459818298668,23236.506578800094,242.5015246616808,0.26921173261990183,9.181254627730241e-07,4.785893087031432,0.012556373154738601
OI_6300,6302.046,52.03915250683076,52.03915250683076,1470.0796506112695,202.26340882088107,0.26921173261990183,9.181254627730241e-07,4.785893087031432,0.012556373154738601
SII_6717,6718.29,278.2761864380775,278.2761864380775,7861.16105327864,203.52799618063574,0.26921173261990183,9.181254627730241e-07,4.785893087031432,0.012556373154738601
SII_6731,6732.67,224.5536756174247,224.5536756174247,6343.527384536266,203.07175525255812,0.26921173261990183,9.181254627730241e-07,4.785893087031432,0.012556373154738601
NII_6548,6549.85,147.43895588157557,147.43895588157557,4165.07568451324,202.58617998478465,0.26921173261990183,9.181254627730241e-07,4.785893087031432,0.012556373154738601
NII_6584,6585.28,472.933800377991,472.933800377991,13360.13986643378,205.97987308433045,0.26921173261990183,9.181254627730241e-07,4.785893087031432,0.012556373154738601
NII_5755,5756.24,4.923296103139819,4.923296103139819,139.0806165455824,202.2178387778044,0.26921173261990183,9.181254627730241e-07,4.785893087031432,0.012556373154738601
HeI_5876,5877.594,107.39921100050515,107.39921100050515,3033.9732101291293,202.41316761978672,0.26921173261990183,9.181254627730241e-07,4.785893087031432,0.012556373154738601
HeII_4686,4687.02,0.0,0.0,0.0,10000000000.0,0.26921173261990183,9.181254627730241e-07,4.785893087031432,0.012556373154738601
NeIII_3869,3870.16,153.0119664788656,7.161076267872991,4322.510405815467,202.61439569608052,0.26921173261990183,9.181254627730241e-07,4.785893087031432,0.012556373154738601
