line,wl,amp,amp_err,flux,flux_err,z,zerr,FWHM,FWHMerr
HI_6563,6564.61,0.0,0.0,0.0,10000000000.0,0.27017594907343506,7.88892197812183e-05,0.3823340405758874,9.804846958944063
HI_4861,4862.683,0.0,0.0,0.0,10000000000.0,0.27017594907343506,7.88892197812183e-05,0.3823340405758874,9.804846958944063
HI_4341,4341.684,0.0,0.0,0.0,10000000000.0,0.27017594907343506,7.88892197812183e-05,0.3823340405758874,9.804846958944063
HI_4102,4102.892,0.0,0.0,0.0,10000000000.0,0.27017594907343506,7.88892197812183e-05,0.3823340405758874,9.804846958944063
OIII_4363,4364.436,1.2968421846865112,1.2968421846865112,2.9266969426073706,75.43362388971921,0.27017594907343506,7.88892197812183e-05,0.3823340405758874,9.804846958944063
OIII_5007,5008.24,11.359711118848963,11.359711118848963,25.63645152280033,1978.2833252647401,0.27017594907343506,7.88892197812183e-05,0.3823340405758874,9.804846958944063
OIII_4959,4960.295,49993.23927405059,49993.23927405059,112824.10632699434,42964678.22978786,0.27017594907343506,7.88892197812183e-05,0.3823340405758874,9.804846958944063
OII_3726,3727.092,404.571858109849,404.571858109849,913.0326219927089,213036.60279487906,0.27017594907343506,7.88892197812183e-05,0.3823340405758874,9.804846958944063
OII_3729,3729.875,0.0,0.0,0.0,10000000000.0,0.27017594907343506,7.88892197812183e-05,0.3823340405758874,9.804846958944063
OI_6300,6302.046,3.0111730553683174,3.0111730553683174,6.795577040037824,193.65078726011322,0.27017594907343506,7.88892197812183e-05,0.3823340405758874,9.804846958944063
SII_6717,6718.29,0.0,0.0,0.0,10000000000.0,0.27017594907343506,7.88892197812183e-05,0.3823340405758874,9.804846958944063
SII_6731,6732.67,0.0,0.0,0.0,10000000000.0,0.27017594907343506,7.88892197812183e-05,0.3823340405758874,9.804846958944063
NII_6548,6549.85,0.0,0.0,0.0,10000000000.0,0.27017594907343506,7.88892197812183e-05,0.3823340405758874,9.804846958944063
NII_6584,6585.28,36.34535780516967,36.34535780516967,82.02374107075683,10300.373586048347,0.27017594907343506,7.88892197812183e-05,0.3823340405758874,9.804846958944063
NII_5755,5756.24,0.0,0.0,0.0,10000000000.0,0.27017594907343506,7.88892197812183e-05,0.3823340405758874,9.804846958944063
HeI_5876,5877.594,271.77770516548435,271.77770516548435,613.3444671750457,145526.6295210107,0.27017594907343506,7.88892197812183e-05,0.3823340405758874,9.804846958944063
HeII_4686,4687.02,0.0,0.0,0.0,10000000000.0,0.27017594907343506,7.88892197812183e-05,0.3823340405758874,9.804846958944063
NeIII_3869,3870.16,0.0,10000000000.0,0.0,10000000000.0,0.27017594907343506,7.88892197812183e-05,0.3823340405758874,9.804846958944063
