line,wl,amp,amp_err,flux,flux_err,z,zerr,FWHM,FWHMerr
HI_6563,6564.61,24.886893017921466,24.886893017921466,624.7617242235256,63.089952325705646,0.26954697624028456,1.9416988358409362e-05,4.253006786597323,0.24204925715995787
HI_4861,4862.683,13.801884197307572,13.801884197307572,346.483145261798,53.721363629563115,0.26954697624028456,1.9416988358409362e-05,4.253006786597323,0.24204925715995787
HI_4341,4341.684,2.129057576783225,2.129057576783225,53.44796080749747,49.10672316291855,0.26954697624028456,1.9416988358409362e-05,4.253006786597323,0.24204925715995787
HI_4102,4102.892,3.808493313244071,3.808493313244071,95.60859394391606,49.36513399704141,0.26954697624028456,1.9416988358409362e-05,4.253006786597323,0.24204925715995787
OIII_4363,4364.436,3.7773706832060725,3.7773706832060725,94.82728998641086,49.359010396960045,0.26954697624028456,1.9416988358409362e-05,4.253006786597323,0.24204925715995787
OIII_5007,5008.24,31.62002487895029,31.62002487895029,793.790580814482,70.36459935862227,0.26954697624028456,1.9416988358409362e-05,4.253006786597323,0.24204925715995787
OIII_4959,4960.295,12.034231524234201,12.034231524234201,302.10791003004874,52.62540074876123,0.26954697624028456,1.9416988358409362e-05,4.253006786597323,0.24204925715995787
OII_3726,3727.092,14.264397451785271,14.264397451785271,358.0940995956972,61.407262147494265,0.26954697624028456,1.9416988358409362e-05,4.253006786597323,0.24204925715995787
OII_3729,3729.875,21.03667410021012,21.03667410021012,528.1056487570075,64.52210004782194,0.26954697624028456,1.9416988358409362e-05,4.253006786597323,0.24204925715995787
OI_6300,6302.046,4.21490466899877,4.21490466899877,105.8111635930274,49.44933243899052,0.26954697624028456,1.9416988358409362e-05,4.253006786597323,0.24204925715995787
SII_6717,6718.29,3.5540484325646275,3.5540484325646275,89.22099777999705,49.3166891697233,0.26954697624028456,1.9416988358409362e-05,4.253006786597323,0.24204925715995787
SII_6731,6732.67,4.65302013871576,4.65302013871576,116.80963479922731,49.549474805966746,0.26954697624028456,1.9416988358409362e-05,4.253006786597323,0.24204925715995787
NII_6548,6549.85,4.6366270135018794,4.6366270135018794,116.39810101850743,49.545560112368555,0.26954697624028456,1.9416988358409362e-05,4.253006786597323,0.24204925715995787
NII_6584,6585.28,2.38449454422323,2.38449454422323,59.86046236377148,49.136670766403746,0.26954697624028456,1.9416988358409362e-05,4.253006786597323,0.24204925715995787
NII_5755,5756.24,0.0,0.0,0.0,10000000000.0,0.26954697624028456,1.9416988358409362e-05,4.253006786597323,0.24204925715995787
HeI_5876,5877.594,0.44766394737473547,0.44766394737473547,11.238176635112497,48.994023907765296,0.26954697624028456,1.9416988358409362e-05,4.253006786597323,0.24204925715995787
HeII_4686,4687.02,0.0,0.0,0.0,10000000000.0,0.26954697624028456,1.9416988358409362e-05,4.253006786597323,0.24204925715995787
NeIII_3869,3870.16,0.31409177534715127,1.9514504038877618,7.884974592409112,48.99135734889823,0.26954697624028456,1.9416988358409362e-05,4.253006786597323,0.24204925715995787
