line,wl,amp,amp_err,flux,flux_err,z,zerr,FWHM,FWHMerr
HI_6563,6564.61,27.214529435878376,27.214529435878376,743.8417957667572,77.2392106004594,0.26976064970627045,2.3590877811108794e-05,4.630544793919515,0.3095195876603649
HI_4861,4862.683,7.030625006876903,7.030625006876903,192.16473107866517,55.51416989668716,0.26976064970627045,2.3590877811108794e-05,4.630544793919515,0.3095195876603649
HI_4341,4341.684,3.7602429751492537,3.7602429751492537,102.77693368700636,54.17166099572056,0.26976064970627045,2.3590877811108794e-05,4.630544793919515,0.3095195876603649
HI_4102,4102.892,0.0,0.0,0.0,10000000000.0,0.26976064970627045,2.3590877811108794e-05,4.630544793919515,0.3095195876603649
OIII_4363,4364.436,1.4371601686652866,1.4371601686652866,39.281215689700524,53.70466585429617,0.26976064970627045,2.3590877811108794e-05,4.630544793919515,0.3095195876603649
OIII_5007,5008.24,22.61335281032393,22.61335281032393,618.0800223781526,70.7761884425939,0.26976064970627045,2.3590877811108794e-05,4.630544793919515,0.3095195876603649
OIII_4959,4960.295,10.347549879291478,10.347549879291478,282.8246618091796,57.638941196323366,0.26976064970627045,2.3590877811108794e-05,4.630544793919515,0.3095195876603649
OII_3726,3727.092,10.104387131912631,10.104387131912631,276.17841003032635,67.77430019153928,0.26976064970627045,2.3590877811108794e-05,4.630544793919515,0.3095195876603649
OII_3729,3729.875,18.779236617706033,18.779236617706033,513.2839471560917,72.28227284162949,0.26976064970627045,2.3590877811108794e-05,4.630544793919515,0.3095195876603649
OI_6300,6302.046,4.141740216179528,4.141740216179528,113.20421641907187,54.28764863078071,0.26976064970627045,2.3590877811108794e-05,4.630544793919515,0.3095195876603649
SII_6717,6718.29,1.4063387231407205,1.4063387231407205,38.438787771145535,53.701254644147234,0.26976064970627045,2.3590877811108794e-05,4.630544793919515,0.3095195876603649
SII_6731,6732.67,4.495258739721407,4.495258739721407,122.8667701666126,54.40486441310202,0.26976064970627045,2.3590877811108794e-05,4.630544793919515,0.3095195876603649
NII_6548,6549.85,0.0,0.0,0.0,10000000000.0,0.26976064970627045,2.3590877811108794e-05,4.630544793919515,0.3095195876603649
NII_6584,6585.28,4.918421095782946,4.918421095782946,134.4328656809717,54.55743583707253,0.26976064970627045,2.3590877811108794e-05,4.630544793919515,0.3095195876603649
NII_5755,5756.24,0.3425966672066352,0.3425966672066352,9.36403184038609,53.62892258772901,0.26976064970627045,2.3590877811108794e-05,4.630544793919515,0.3095195876603649
HeI_5876,5877.594,2.2654481524234598,2.2654481524234598,61.92041739636125,53.82365985476944,0.26976064970627045,2.3590877811108794e-05,4.630544793919515,0.3095195876603649
HeII_4686,4687.02,0.0,0.0,0.0,10000000000.0,0.26976064970627045,2.3590877811108794e-05,4.630544793919515,0.3095195876603649
NeIII_3869,3870.16,5.009368375805707,1.9690557031316622,136.91868445111166,54.59187932306149,0.26976064970627045,2.3590877811108794e-05,4.630544793919515,0.3095195876603649
