line,wl,amp,amp_err,flux,flux_err,z,zerr,FWHM,FWHMerr
HI_6563,6564.61,51.63246121308521,51.63246121308521,1594.6563387415688,75.9093163560687,0.2692451867076816,1.2068924399902e-05,5.232347963234424,0.1512788109957953
HI_4861,4862.683,20.43479840095995,20.43479840095995,631.1239099471491,59.340784814523744,0.2692451867076816,1.2068924399902e-05,5.232347963234424,0.1512788109957953
HI_4341,4341.684,6.375137673760264,6.375137673760264,196.894617513131,56.0859748414203,0.2692451867076816,1.2068924399902e-05,5.232347963234424,0.1512788109957953
HI_4102,4102.892,5.863684419387596,5.863684419387596,181.09850485660934,56.03032758089909,0.2692451867076816,1.2068924399902e-05,5.232347963234424,0.1512788109957953
OIII_4363,4364.436,3.322462325708898,3.322462325708898,102.61346221820297,55.822314814896764,0.2692451867076816,1.2068924399902e-05,5.232347963234424,0.1512788109957953
OIII_5007,5008.24,53.28299364853501,53.28299364853501,1645.6326421880826,77.03777079165592,0.2692451867076816,1.2068924399902e-05,5.232347963234424,0.1512788109957953
OIII_4959,4960.295,18.942153186226278,18.942153186226278,585.0239159270288,58.845113049344306,0.2692451867076816,1.2068924399902e-05,5.232347963234424,0.1512788109957953
OII_3726,3727.092,31.849794560404916,31.849794560404916,983.6733634246137,78.45365306064124,0.2692451867076816,1.2068924399902e-05,5.232347963234424,0.1512788109957953
OII_3729,3729.875,39.56633911193194,39.56633911193194,1221.997014731706,80.23182715159761,0.2692451867076816,1.2068924399902e-05,5.232347963234424,0.1512788109957953
OI_6300,6302.046,5.225540265464247,5.225540265464247,161.38957376604867,55.96735231661935,0.2692451867076816,1.2068924399902e-05,5.232347963234424,0.1512788109957953
SII_6717,6718.29,6.86858044629173,6.86858044629173,212.13448070261035,56.14401086890607,0.2692451867076816,1.2068924399902e-05,5.232347963234424,0.1512788109957953
SII_6731,6732.67,4.401204849953274,4.401204849953274,135.93016964876833,55.896646987260795,0.2692451867076816,1.2068924399902e-05,5.232347963234424,0.1512788109957953
NII_6548,6549.85,2.5306998429414307,2.5306998429414307,78.1600654159036,55.78092773590239,0.2692451867076816,1.2068924399902e-05,5.232347963234424,0.1512788109957953
NII_6584,6585.28,6.7991475173357685,6.7991475173357685,209.99006113252491,56.13558818876215,0.2692451867076816,1.2068924399902e-05,5.232347963234424,0.1512788109957953
NII_5755,5756.24,0.8673467535950294,0.8673467535950294,26.787799109539858,55.730407832722804,0.2692451867076816,1.2068924399902e-05,5.232347963234424,0.1512788109957953
HeI_5876,5877.594,4.440505724877198,4.440505724877198,137.14396786491153,55.89974472204765,0.2692451867076816,1.2068924399902e-05,5.232347963234424,0.1512788109957953
HeII_4686,4687.02,2.1600499167107046e-12,2.1600499167107046e-12,6.671263020884183e-11,55.72368152070927,0.2692451867076816,1.2068924399902e-05,5.232347963234424,0.1512788109957953
NeIII_3869,3870.16,6.619041412140291,1.8067805133899268,204.42752672009917,56.11412809227666,0.2692451867076816,1.2068924399902e-05,5.232347963234424,0.1512788109957953
