line,wl,amp,amp_err,flux,flux_err,z,zerr,FWHM,FWHMerr
HI_6563,6564.61,52.54406437274338,52.54406437274338,1777.6690856297369,90.62355817185671,0.269467023156378,1.4598661864194216e-05,5.7316491550963535,0.18114164175782824
HI_4861,4862.683,18.509658926397606,18.509658926397606,626.2181818594933,68.96933419294814,0.269467023156378,1.4598661864194216e-05,5.7316491550963535,0.18114164175782824
HI_4341,4341.684,6.979092065344389,6.979092065344389,236.11641692419687,65.85416914190805,0.269467023156378,1.4598661864194216e-05,5.7316491550963535,0.18114164175782824
HI_4102,4102.892,1.463882953046891,1.463882953046891,49.52604069893266,65.34698475283817,0.269467023156378,1.4598661864194216e-05,5.7316491550963535,0.18114164175782824
OIII_4363,4364.436,0.6521188117933434,0.6521188117933434,22.062462539231575,65.32820025944221,0.269467023156378,1.4598661864194216e-05,5.7316491550963535,0.18114164175782824
OIII_5007,5008.24,48.311484724797765,48.311484724797765,1634.4725879389043,87.19277933562229,0.269467023156378,1.4598661864194216e-05,5.7316491550963535,0.18114164175782824
OIII_4959,4960.295,19.294063570865433,19.294063570865433,652.7561344092426,69.27588398486702,0.269467023156378,1.4598661864194216e-05,5.7316491550963535,0.18114164175782824
OII_3726,3727.092,41.03347168851087,41.03347168851087,1388.2430863983113,98.59023753588073,0.269467023156378,1.4598661864194216e-05,5.7316491550963535,0.18114164175782824
OII_3729,3729.875,28.778064575497638,28.778064575497638,973.6185495131961,95.66404389081163,0.269467023156378,1.4598661864194216e-05,5.7316491550963535,0.18114164175782824
OI_6300,6302.046,5.115723018608946,5.115723018608946,173.07497563022557,65.60918255489214,0.269467023156378,1.4598661864194216e-05,5.7316491550963535,0.18114164175782824
SII_6717,6718.29,9.77866713957792,9.77866713957792,330.8315502465848,66.36125234069067,0.269467023156378,1.4598661864194216e-05,5.7316491550963535,0.18114164175782824
SII_6731,6732.67,5.065191259500011,5.065191259500011,171.36538679116651,65.60358801483906,0.269467023156378,1.4598661864194216e-05,5.7316491550963535,0.18114164175782824
NII_6548,6549.85,0.0,0.0,0.0,10000000000.0,0.269467023156378,1.4598661864194216e-05,5.7316491550963535,0.18114164175782824
NII_6584,6585.28,5.620370563911479,5.620370563911479,190.14819505343795,65.66816233850824,0.269467023156378,1.4598661864194216e-05,5.7316491550963535,0.18114164175782824
NII_5755,5756.24,0.8613089835348546,0.8613089835348546,29.139777660582634,65.33165854043058,0.269467023156378,1.4598661864194216e-05,5.7316491550963535,0.18114164175782824
HeI_5876,5877.594,3.185082131717081,3.185082131717081,107.75759561687478,65.43442876183472,0.269467023156378,1.4598661864194216e-05,5.7316491550963535,0.18114164175782824
HeII_4686,4687.02,0.0,0.0,0.0,10000000000.0,0.269467023156378,1.4598661864194216e-05,5.7316491550963535,0.18114164175782824
NeIII_3869,3870.16,3.3315398232856523,1.9315405588073886,112.71254749892216,65.4448326186585,0.269467023156378,1.4598661864194216e-05,5.7316491550963535,0.18114164175782824
