line,wl,amp,amp_err,flux,flux_err,z,zerr,FWHM,FWHMerr
HI_6563,6564.61,2.996827264501235,2.996827264501235,21.646641180917996,34.288950022277575,0.27014996895074556,1.9986180406611753e-05,1.2237174382809317,0.41505400254526653
HI_4861,4862.683,2.498404355353614,2.498404355353614,18.046439728378324,26.246443655685834,0.27014996895074556,1.9986180406611753e-05,1.2237174382809317,0.41505400254526653
HI_4341,4341.684,0.0,0.0,0.0,10000000000.0,0.27014996895074556,1.9986180406611753e-05,1.2237174382809317,0.41505400254526653
HI_4102,4102.892,0.0,0.0,0.0,10000000000.0,0.27014996895074556,1.9986180406611753e-05,1.2237174382809317,0.41505400254526653
OIII_4363,4364.436,0.6628387409260768,0.6628387409260768,4.787807610935574,23.077684044498575,0.27014996895074556,1.9986180406611753e-05,1.2237174382809317,0.41505400254526653
OIII_5007,5008.24,4.806112825092896,4.806112825092896,34.715447577559615,26.367092100651305,0.27014996895074556,1.9986180406611753e-05,1.2237174382809317,0.41505400254526653
OIII_4959,4960.295,37.015016392855614,37.015016392855614,267.36635362775775,156.01588308300663,0.27014996895074556,1.9986180406611753e-05,1.2237174382809317,0.41505400254526653
OII_3726,3727.092,4.977108760199712,4.977108760199712,35.95058304716061,33.06895207897859,0.27014996895074556,1.9986180406611753e-05,1.2237174382809317,0.41505400254526653
OII_3729,3729.875,0.0,0.0,0.0,10000000000.0,0.27014996895074556,1.9986180406611753e-05,1.2237174382809317,0.41505400254526653
OI_6300,6302.046,2.580858724710879,2.580858724710879,18.6420229868524,26.743257547317175,0.27014996895074556,1.9986180406611753e-05,1.2237174382809317,0.41505400254526653
SII_6717,6718.29,0.0,0.0,0.0,10000000000.0,0.27014996895074556,1.9986180406611753e-05,1.2237174382809317,0.41505400254526653
SII_6731,6732.67,0.0,0.0,0.0,10000000000.0,0.27014996895074556,1.9986180406611753e-05,1.2237174382809317,0.41505400254526653
NII_6548,6549.85,3.5631100393186443,3.5631100393186443,25.737007075078793,34.975461514555604,0.27014996895074556,1.9986180406611753e-05,1.2237174382809317,0.41505400254526653
NII_6584,6585.28,0.0,0.0,0.0,10000000000.0,0.27014996895074556,1.9986180406611753e-05,1.2237174382809317,0.41505400254526653
NII_5755,5756.24,0.0,0.0,0.0,10000000000.0,0.27014996895074556,1.9986180406611753e-05,1.2237174382809317,0.41505400254526653
HeI_5876,5877.594,5.783110059046294,5.783110059046294,41.77248046318988,41.710793582554636,0.27014996895074556,1.9986180406611753e-05,1.2237174382809317,0.41505400254526653
HeII_4686,4687.02,0.0,0.0,0.0,10000000000.0,0.27014996895074556,1.9986180406611753e-05,1.2237174382809317,0.41505400254526653
NeIII_3869,3870.16,0.0,10000000000.0,0.0,10000000000.0,0.27014996895074556,1.9986180406611753e-05,1.2237174382809317,0.41505400254526653
