line,wl,amp,amp_err,flux,flux_err,z,zerr,FWHM,FWHMerr
HI_6563,6564.61,0.0,0.0,0.0,10000000000.0,0.2701975954944629,1.16443677955954e-05,0.9666501497314328,0.269634625708394
HI_4861,4862.683,3.9582244997397993,3.9582244997397993,22.584860027927704,38.91297472230582,0.2701975954944629,1.16443677955954e-05,0.9666501497314328,0.269634625708394
HI_4341,4341.684,2.478203314207576,2.478203314207576,14.140146668235701,20.098620315044457,0.2701975954944629,1.16443677955954e-05,0.9666501497314328,0.269634625708394
HI_4102,4102.892,0.0,0.0,0.0,10000000000.0,0.2701975954944629,1.16443677955954e-05,0.9666501497314328,0.269634625708394
OIII_4363,4364.436,0.0,0.0,0.0,10000000000.0,0.2701975954944629,1.16443677955954e-05,0.9666501497314328,0.269634625708394
OIII_5007,5008.24,0.0,0.0,0.0,10000000000.0,0.2701975954944629,1.16443677955954e-05,0.9666501497314328,0.269634625708394
OIII_4959,4960.295,55.89363122457303,55.89363122457303,318.91820126487875,216.43188789764534,0.2701975954944629,1.16443677955954e-05,0.9666501497314328,0.269634625708394
OII_3726,3727.092,25.473739162248876,25.473739162248876,145.34820685515712,100.23343614262951,0.2701975954944629,1.16443677955954e-05,0.9666501497314328,0.269634625708394
OII_3729,3729.875,6.390416552499005,6.390416552499005,36.46247537698529,30.332808265755364,0.2701975954944629,1.16443677955954e-05,0.9666501497314328,0.269634625708394
OI_6300,6302.046,0.0,0.0,0.0,10000000000.0,0.2701975954944629,1.16443677955954e-05,0.9666501497314328,0.269634625708394
SII_6717,6718.29,0.0,0.0,0.0,10000000000.0,0.2701975954944629,1.16443677955954e-05,0.9666501497314328,0.269634625708394
SII_6731,6732.67,4.630844689078685,4.630844689078685,26.42270015780806,42.78787372145131,0.2701975954944629,1.16443677955954e-05,0.9666501497314328,0.269634625708394
NII_6548,6549.85,0.0,0.0,0.0,10000000000.0,0.2701975954944629,1.16443677955954e-05,0.9666501497314328,0.269634625708394
NII_6584,6585.28,0.0,0.0,0.0,10000000000.0,0.2701975954944629,1.16443677955954e-05,0.9666501497314328,0.269634625708394
NII_5755,5756.24,0.0,0.0,0.0,10000000000.0,0.2701975954944629,1.16443677955954e-05,0.9666501497314328,0.269634625708394
HeI_5876,5877.594,5.170551626979659,5.170551626979659,29.502163096152312,32.37557827833939,0.2701975954944629,1.16443677955954e-05,0.9666501497314328,0.269634625708394
HeII_4686,4687.02,0.0,0.0,0.0,10000000000.0,0.2701975954944629,1.16443677955954e-05,0.9666501497314328,0.269634625708394
NeIII_3869,3870.16,10.426691424987894,4.136005116392279,59.492675668908035,28.84976306753627,0.2701975954944629,1.16443677955954e-05,0.9666501497314328,0.269634625708394
