line,wl,amp,amp_err,flux,flux_err,z,zerr,FWHM,FWHMerr
HI_6563,6564.61,198.9693954923132,198.9693954923132,3663.0850954385783,62.24729400441153,0.2698808859386416,2.567440184972993e-06,3.118983440668063,0.03355852372565357
HI_4861,4862.683,53.67580217519867,53.67580217519867,988.1873061290769,45.54794734565237,0.2698808859386416,2.567440184972993e-06,3.118983440668063,0.03355852372565357
HI_4341,4341.684,16.12816179693357,16.12816179693357,296.9242025839679,44.114337746148706,0.2698808859386416,2.567440184972993e-06,3.118983440668063,0.03355852372565357
HI_4102,4102.892,4.647694140465319,4.647694140465319,85.565416188609,43.98218250111754,0.2698808859386416,2.567440184972993e-06,3.118983440668063,0.03355852372565357
OIII_4363,4364.436,2.6026482206898436,2.6026482206898436,47.915519280185066,43.97309330997546,0.2698808859386416,2.567440184972993e-06,3.118983440668063,0.03355852372565357
OIII_5007,5008.24,201.03749646950337,201.03749646950337,3701.159442735371,62.57030666330341,0.2698808859386416,2.567440184972993e-06,3.118983440668063,0.03355852372565357
OIII_4959,4960.295,75.0560163841285,75.0560163841285,1381.8033384451653,47.00766325791303,0.2698808859386416,2.567440184972993e-06,3.118983440668063,0.03355852372565357
OII_3726,3727.092,60.622645606650394,60.622645606650394,1116.0807370315158,47.363483825081516,0.2698808859386416,2.567440184972993e-06,3.118983440668063,0.03355852372565357
OII_3729,3729.875,76.81962685644453,76.81962685644453,1414.2719259850508,48.3464382924187,0.2698808859386416,2.567440184972993e-06,3.118983440668063,0.03355852372565357
OI_6300,6302.046,3.6720787455195705,3.6720787455195705,67.60404980226815,43.978097068226056,0.2698808859386416,2.567440184972993e-06,3.118983440668063,0.03355852372565357
SII_6717,6718.29,19.085044980513544,19.085044980513544,351.36129172486153,44.172799361029945,0.2698808859386416,2.567440184972993e-06,3.118983440668063,0.03355852372565357
SII_6731,6732.67,17.45323560373481,17.45323560373481,321.31920112150533,44.13902247877695,0.2698808859386416,2.567440184972993e-06,3.118983440668063,0.03355852372565357
NII_6548,6549.85,5.130942401844095,5.130942401844095,94.46215882218446,43.984298158020486,0.2698808859386416,2.567440184972993e-06,3.118983440668063,0.03355852372565357
NII_6584,6585.28,12.92236081470287,12.92236081470287,237.9044635537747,44.062628945007425,0.2698808859386416,2.567440184972993e-06,3.118983440668063,0.03355852372565357
NII_5755,5756.24,0.0,0.0,0.0,10000000000.0,0.2698808859386416,2.567440184972993e-06,3.118983440668063,0.03355852372565357
HeI_5876,5877.594,5.694018116997086,5.694018116997086,104.8285483600168,43.987908684492645,0.2698808859386416,2.567440184972993e-06,3.118983440668063,0.03355852372565357
HeII_4686,4687.02,0.0,0.0,0.0,10000000000.0,0.2698808859386416,2.567440184972993e-06,3.118983440668063,0.03355852372565357
NeIII_3869,3870.16,7.064901752618994,2.388617364030604,130.06691932054608,43.997410350030094,0.2698808859386416,2.567440184972993e-06,3.118983440668063,0.03355852372565357
