line,wl,amp,amp_err,flux,flux_err,z,zerr,FWHM,FWHMerr
HI_6563,6564.61,101.80203912031493,101.80203912031493,3566.6505604596323,92.12802190234356,0.2692957098962055,7.374534188576108e-06,5.935487934210725,0.09052648108640646
HI_4861,4862.683,44.15474161279326,44.15474161279326,1546.968364102176,74.05758533372129,0.2692957098962055,7.374534188576108e-06,5.935487934210725,0.09052648108640646
HI_4341,4341.684,18.619962426650204,18.619962426650204,652.353332002136,70.08865564340414,0.2692957098962055,7.374534188576108e-06,5.935487934210725,0.09052648108640646
HI_4102,4102.892,8.859409885813307,8.859409885813307,310.3908281958182,69.40239304527456,0.2692957098962055,7.374534188576108e-06,5.935487934210725,0.09052648108640646
OIII_4363,4364.436,1.5916478161385612,1.5916478161385612,55.76363326844319,69.20681797365205,0.2692957098962055,7.374534188576108e-06,5.935487934210725,0.09052648108640646
OIII_5007,5008.24,111.64404028594572,111.64404028594572,3911.466629732615,96.11116198967021,0.2692957098962055,7.374534188576108e-06,5.935487934210725,0.09052648108640646
OIII_4959,4960.295,49.069925151578445,49.069925151578445,1719.172597679967,75.15358964546392,0.2692957098962055,7.374534188576108e-06,5.935487934210725,0.09052648108640646
OII_3726,3727.092,55.97391429955246,55.97391429955246,1961.054950693807,100.17562170475641,0.2692957098962055,7.374534188576108e-06,5.935487934210725,0.09052648108640646
OII_3729,3729.875,74.5671266011891,74.5671266011891,2612.471087830335,102.15978299466784,0.2692957098962055,7.374534188576108e-06,5.935487934210725,0.09052648108640646
OI_6300,6302.046,6.619612865712497,6.619612865712497,231.91918493514586,69.31319839904364,0.2692957098962055,7.374534188576108e-06,5.935487934210725,0.09052648108640646
SII_6717,6718.29,15.99070755349726,15.99070755349726,560.2369711909424,69.85658855503125,0.2692957098962055,7.374534188576108e-06,5.935487934210725,0.09052648108640646
SII_6731,6732.67,13.531483761088793,13.531483761088793,474.0776762172626,69.6708839165441,0.2692957098962055,7.374534188576108e-06,5.935487934210725,0.09052648108640646
NII_6548,6549.85,2.145806471814012,2.145806471814012,75.17866951847827,69.21215706915255,0.2692957098962055,7.374534188576108e-06,5.935487934210725,0.09052648108640646
NII_6584,6585.28,12.476097346770985,12.476097346770985,437.1020460761082,69.60051907353495,0.2692957098962055,7.374534188576108e-06,5.935487934210725,0.09052648108640646
NII_5755,5756.24,0.0,0.0,0.0,10000000000.0,0.2692957098962055,7.374534188576108e-06,5.935487934210725,0.09052648108640646
HeI_5876,5877.594,2.740996415578593,2.740996415578593,96.03124344382964,69.21964750331672,0.2692957098962055,7.374534188576108e-06,5.935487934210725,0.09052648108640646
HeII_4686,4687.02,0.0,0.0,0.0,10000000000.0,0.2692957098962055,7.374534188576108e-06,5.935487934210725,0.09052648108640646
NeIII_3869,3870.16,9.52592794332395,1.9765021300856767,333.74239388073795,69.43389411997109,0.2692957098962055,7.374534188576108e-06,5.935487934210725,0.09052648108640646
