line,wl,amp,amp_err,flux,flux_err,z,zerr,FWHM,FWHMerr
HI_6563,6564.61,3.2747689389094603,3.2747689389094603,130.16664715072534,62.44197276002523,0.2699277256324326,6.548753972129064e-05,6.733973418227742,0.6500773770974482
HI_4861,4862.683,2.299493960795985,2.299493960795985,91.40108038273728,61.63553782921007,0.2699277256324326,6.548753972129064e-05,6.733973418227742,0.6500773770974482
HI_4341,4341.684,1.57553338810078,1.57553338810078,62.62484542539845,61.215330774499115,0.2699277256324326,6.548753972129064e-05,6.733973418227742,0.6500773770974482
HI_4102,4102.892,0.3456867643842543,0.3456867643842543,13.74047693858538,60.859125869247876,0.2699277256324326,6.548753972129064e-05,6.733973418227742,0.6500773770974482
OIII_4363,4364.436,0.7768490763137379,0.7768490763137379,30.878465471084937,60.93224601510821,0.2699277256324326,6.548753972129064e-05,6.733973418227742,0.6500773770974482
OIII_5007,5008.24,10.797713064912728,10.797713064912728,429.19122929733237,76.46561232274486,0.2699277256324326,6.548753972129064e-05,6.733973418227742,0.6500773770974482
OIII_4959,4960.295,7.13043413097671,7.13043413097671,283.42295925996484,68.09723366152478,0.2699277256324326,6.548753972129064e-05,6.733973418227742,0.6500773770974482
OII_3726,3727.092,17.345078873390207,17.345078873390207,689.4381874361931,107.05621040657,0.2699277256324326,6.548753972129064e-05,6.733973418227742,0.6500773770974482
OII_3729,3729.875,0.0,0.0,0.0,10000000000.0,0.2699277256324326,6.548753972129064e-05,6.733973418227742,0.6500773770974482
OI_6300,6302.046,0.0,0.0,0.0,10000000000.0,0.2699277256324326,6.548753972129064e-05,6.733973418227742,0.6500773770974482
SII_6717,6718.29,2.9026174153392503,2.9026174153392503,115.37423982097337,62.10213084619615,0.2699277256324326,6.548753972129064e-05,6.733973418227742,0.6500773770974482
SII_6731,6732.67,1.2424193744775494,1.2424193744775494,49.38411452769532,61.07421005354587,0.2699277256324326,6.548753972129064e-05,6.733973418227742,0.6500773770974482
NII_6548,6549.85,0.0,0.0,0.0,10000000000.0,0.2699277256324326,6.548753972129064e-05,6.733973418227742,0.6500773770974482
NII_6584,6585.28,2.004142919237097,2.004142919237097,79.66136514499668,61.44543297535953,0.2699277256324326,6.548753972129064e-05,6.733973418227742,0.6500773770974482
NII_5755,5756.24,0.0,0.0,0.0,10000000000.0,0.2699277256324326,6.548753972129064e-05,6.733973418227742,0.6500773770974482
HeI_5876,5877.594,0.0,0.0,0.0,10000000000.0,0.2699277256324326,6.548753972129064e-05,6.733973418227742,0.6500773770974482
HeII_4686,4687.02,0.0,0.0,0.0,10000000000.0,0.2699277256324326,6.548753972129064e-05,6.733973418227742,0.6500773770974482
NeIII_3869,3870.16,0.44692557730343196,1.5308082065381001,17.764552250475113,60.87125584129265,0.2699277256324326,6.548753972129064e-05,6.733973418227742,0.6500773770974482
