line,wl,amp,amp_err,flux,flux_err,z,zerr,FWHM,FWHMerr
HI_6563,6564.61,6.46281401032536,6.46281401032536,218.8876733447537,69.01595084688279,0.26922886798892115,7.66092235097354e-05,5.737886971467758,0.8431366959069645
HI_4861,4862.683,2.1623788750287076,2.1623788750287076,73.23715027056012,60.119778988558274,0.26922886798892115,7.66092235097354e-05,5.737886971467758,0.8431366959069645
HI_4341,4341.684,4.819926925984873,4.819926925984873,163.24508005877865,64.72162617233528,0.26922886798892115,7.66092235097354e-05,5.737886971467758,0.8431366959069645
HI_4102,4102.892,0.0,0.0,0.0,10000000000.0,0.26922886798892115,7.66092235097354e-05,5.737886971467758,0.8431366959069645
OIII_4363,4364.436,4.156706528226209,4.156706528226209,140.78260944640408,63.28257869319627,0.26922886798892115,7.66092235097354e-05,5.737886971467758,0.8431366959069645
OIII_5007,5008.24,7.600821751377225,7.600821751377225,257.43061551966264,72.51804598157524,0.26922886798892115,7.66092235097354e-05,5.737886971467758,0.8431366959069645
OIII_4959,4960.295,2.886576760000594,2.886576760000594,97.76485442999135,61.05602574410722,0.26922886798892115,7.66092235097354e-05,5.737886971467758,0.8431366959069645
OII_3726,3727.092,1.5967709392831466,1.5967709392831466,54.080695376008386,87.38956157079224,0.26922886798892115,7.66092235097354e-05,5.737886971467758,0.8431366959069645
OII_3729,3729.875,11.631854466311324,11.631854466311324,393.9568053092541,96.61176768629888,0.26922886798892115,7.66092235097354e-05,5.737886971467758,0.8431366959069645
OI_6300,6302.046,1.1754017824613356,1.1754017824613356,39.80943301125351,59.26520038849786,0.26922886798892115,7.66092235097354e-05,5.737886971467758,0.8431366959069645
SII_6717,6718.29,2.5291444609475775,2.5291444609475775,85.65905590430513,60.56148423865346,0.26922886798892115,7.66092235097354e-05,5.737886971467758,0.8431366959069645
SII_6731,6732.67,2.372335291376885,2.372335291376885,80.34811948688471,60.36473451537364,0.26922886798892115,7.66092235097354e-05,5.737886971467758,0.8431366959069645
NII_6548,6549.85,0.0,0.0,0.0,10000000000.0,0.26922886798892115,7.66092235097354e-05,5.737886971467758,0.8431366959069645
NII_6584,6585.28,0.0,0.0,0.0,10000000000.0,0.26922886798892115,7.66092235097354e-05,5.737886971467758,0.8431366959069645
NII_5755,5756.24,2.1100926848707786,2.1100926848707786,71.46628041519286,60.06254694118134,0.26922886798892115,7.66092235097354e-05,5.737886971467758,0.8431366959069645
HeI_5876,5877.594,0.0,0.0,0.0,10000000000.0,0.26922886798892115,7.66092235097354e-05,5.737886971467758,0.8431366959069645
HeII_4686,4687.02,0.0,0.0,0.0,10000000000.0,0.26922886798892115,7.66092235097354e-05,5.737886971467758,0.8431366959069645
NeIII_3869,3870.16,4.0014868038106215,1.7638969663827548,135.52550560893323,62.97282103653542,0.26922886798892115,7.66092235097354e-05,5.737886971467758,0.8431366959069645
