line,wl,amp,amp_err,flux,flux_err,z,zerr,FWHM,FWHMerr
HI_6563,6564.61,273.0200313091668,273.0200313091668,7764.658675749487,93.6450062972392,0.26925305029344904,2.667452533074562e-06,4.818148698576186,0.033228955357207886
HI_4861,4862.683,137.62486367075053,137.62486367075053,3914.035488809404,78.07505422364663,0.26925305029344904,2.667452533074562e-06,4.818148698576186,0.033228955357207886
HI_4341,4341.684,51.50188011567866,51.50188011567866,1464.70761995033,72.8865255356573,0.26925305029344904,2.667452533074562e-06,4.818148698576186,0.033228955357207886
HI_4102,4102.892,23.934673670678194,23.934673670678194,680.6994002495537,72.19724780135903,0.26925305029344904,2.667452533074562e-06,4.818148698576186,0.033228955357207886
OIII_4363,4364.436,4.066176272472717,4.066176272472717,115.64159127734274,72.01173188157878,0.26925305029344904,2.667452533074562e-06,4.818148698576186,0.033228955357207886
OIII_5007,5008.24,353.07964929081095,353.07964929081095,10041.545116489891,105.73468475278253,0.26925305029344904,2.667452533074562e-06,4.818148698576186,0.033228955357207886
OIII_4959,4960.295,108.84050636193228,108.84050636193228,3095.4116368082387,75.85881467478697,0.26925305029344904,2.667452533074562e-06,4.818148698576186,0.033228955357207886
OII_3726,3727.092,178.7415982455525,178.7415982455525,5083.39074931481,95.64253012925239,0.26925305029344904,2.667452533074562e-06,4.818148698576186,0.033228955357207886
OII_3729,3729.875,200.6973934258333,200.6973934258333,5707.811070095215,96.82470072545621,0.26925305029344904,2.667452533074562e-06,4.818148698576186,0.033228955357207886
OI_6300,6302.046,7.187629703987454,7.187629703987454,204.4153722769977,72.0234592628605,0.26925305029344904,2.667452533074562e-06,4.818148698576186,0.033228955357207886
SII_6717,6718.29,38.18342702455152,38.18342702455152,1085.932326995806,72.49141912861114,0.26925305029344904,2.667452533074562e-06,4.818148698576186,0.033228955357207886
SII_6731,6732.67,32.49209991025441,32.49209991025441,924.0716303917778,72.35788049392418,0.26925305029344904,2.667452533074562e-06,4.818148698576186,0.033228955357207886
NII_6548,6549.85,21.59761635093446,21.59761635093446,614.233755562395,72.16180104308913,0.26925305029344904,2.667452533074562e-06,4.818148698576186,0.033228955357207886
NII_6584,6585.28,47.282941434742725,47.282941434742725,1344.7214831298834,72.74891072031286,0.26925305029344904,2.667452533074562e-06,4.818148698576186,0.033228955357207886
NII_5755,5756.24,0.0,0.0,0.0,10000000000.0,0.26925305029344904,2.667452533074562e-06,4.818148698576186,0.033228955357207886
HeI_5876,5877.594,15.902164486944343,15.902164486944343,452.2557515456634,72.09060283815703,0.26925305029344904,2.667452533074562e-06,4.818148698576186,0.033228955357207886
HeII_4686,4687.02,0.0,0.0,0.0,10000000000.0,0.26925305029344904,2.667452533074562e-06,4.818148698576186,0.033228955357207886
NeIII_3869,3870.16,23.328535195241784,2.5331517283341474,663.4608908646021,72.18770749262427,0.26925305029344904,2.667452533074562e-06,4.818148698576186,0.033228955357207886
