line,wl,amp,amp_err,flux,flux_err,z,zerr,FWHM,FWHMerr
HI_6563,6564.61,115.3722715779063,115.3722715779063,3028.871328805089,69.26145772087283,0.26929948624936173,4.728360959673735e-06,4.447661455207521,0.059186688373902355
HI_4861,4862.683,49.954722697184934,49.954722697184934,1311.462669899336,56.099479668434924,0.26929948624936173,4.728360959673735e-06,4.447661455207521,0.059186688373902355
HI_4341,4341.684,24.143884506511768,24.143884506511768,633.8500451416871,53.43567794740211,0.26929948624936173,4.728360959673735e-06,4.447661455207521,0.059186688373902355
HI_4102,4102.892,12.8380715126425,12.8380715126425,337.0382344906406,52.83544015223747,0.26929948624936173,4.728360959673735e-06,4.447661455207521,0.059186688373902355
OIII_4363,4364.436,1.4805162558535585,1.4805162558535585,38.86803282846554,52.60012684955283,0.26929948624936173,4.728360959673735e-06,4.447661455207521,0.059186688373902355
OIII_5007,5008.24,141.06190213170794,141.06190213170794,3703.3018862329423,76.17192083601476,0.26929948624936173,4.728360959673735e-06,4.447661455207521,0.059186688373902355
OIII_4959,4960.295,46.903297208298454,46.903297208298454,1231.3535149969616,55.696156447801485,0.26929948624936173,4.728360959673735e-06,4.447661455207521,0.059186688373902355
OII_3726,3727.092,49.89421580636713,49.89421580636713,1309.8741808777827,65.78559574229283,0.26929948624936173,4.728360959673735e-06,4.447661455207521,0.059186688373902355
OII_3729,3729.875,101.63911979653926,101.63911979653926,2668.334528100571,71.1669370843657,0.26929948624936173,4.728360959673735e-06,4.447661455207521,0.059186688373902355
OI_6300,6302.046,5.368902867486327,5.368902867486327,140.94995045224428,52.63872191742888,0.26929948624936173,4.728360959673735e-06,4.447661455207521,0.059186688373902355
SII_6717,6718.29,18.297240226071835,18.297240226071835,480.3579366085829,53.08025759760737,0.26929948624936173,4.728360959673735e-06,4.447661455207521,0.059186688373902355
SII_6731,6732.67,11.531948737093444,11.531948737093444,302.74855836089154,52.789457925130435,0.26929948624936173,4.728360959673735e-06,4.447661455207521,0.059186688373902355
NII_6548,6549.85,4.0320809953248045,4.0320809953248045,105.85433011876226,52.62050353711666,0.26929948624936173,4.728360959673735e-06,4.447661455207521,0.059186688373902355
NII_6584,6585.28,15.193557606274567,15.193557606274567,398.8768738519506,52.93067592734038,0.26929948624936173,4.728360959673735e-06,4.447661455207521,0.059186688373902355
NII_5755,5756.24,2.761079455136496,2.761079455136496,72.48669271947671,52.60797994133276,0.26929948624936173,4.728360959673735e-06,4.447661455207521,0.059186688373902355
HeI_5876,5877.594,2.8433286901412202,2.8433286901412202,74.64598408398572,52.60866580608834,0.26929948624936173,4.728360959673735e-06,4.447661455207521,0.059186688373902355
HeII_4686,4687.02,0.0,0.0,0.0,10000000000.0,0.26929948624936173,4.728360959673735e-06,4.447661455207521,0.059186688373902355
NeIII_3869,3870.16,6.843843595268481,2.003979486085056,179.67160879325752,52.664829125846,0.26929948624936173,4.728360959673735e-06,4.447661455207521,0.059186688373902355
