line,wl,amp,amp_err,flux,flux_err,z,zerr,FWHM,FWHMerr
HI_6563,6564.61,106.76630648100036,106.76630648100036,2096.557848794414,60.924342276787144,0.2699096108326761,4.612580725641819e-06,3.3267868263435774,0.05986613597116123
HI_4861,4862.683,29.040839105295845,29.040839105295845,570.2716631170407,45.43270913598012,0.2699096108326761,4.612580725641819e-06,3.3267868263435774,0.05986613597116123
HI_4341,4341.684,14.0213289817832,14.0213289817832,275.33524663529903,44.30757388143213,0.2699096108326761,4.612580725641819e-06,3.3267868263435774,0.05986613597116123
HI_4102,4102.892,4.767928733403323,4.767928733403323,93.62727566386341,44.000533547822975,0.2699096108326761,4.612580725641819e-06,3.3267868263435774,0.05986613597116123
OIII_4363,4364.436,0.0,0.0,0.0,10000000000.0,0.2699096108326761,4.612580725641819e-06,3.3267868263435774,0.05986613597116123
OIII_5007,5008.24,114.60933618492095,114.60933618492095,2250.5705333767796,63.10818147795695,0.2699096108326761,4.612580725641819e-06,3.3267868263435774,0.05986613597116123
OIII_4959,4960.295,50.91017412596398,50.91017412596398,999.7173140598842,48.34333922227766,0.2699096108326761,4.612580725641819e-06,3.3267868263435774,0.05986613597116123
OII_3726,3727.092,40.75734187893249,40.75734187893249,800.3472989625197,48.53775789373748,0.2699096108326761,4.612580725641819e-06,3.3267868263435774,0.05986613597116123
OII_3729,3729.875,38.78894510330724,38.78894510330724,761.6941147745555,48.32939192523549,0.2699096108326761,4.612580725641819e-06,3.3267868263435774,0.05986613597116123
OI_6300,6302.046,3.2248161295275395,3.2248161295275395,63.32534851229443,43.97868490966743,0.2699096108326761,4.612580725641819e-06,3.3267868263435774,0.05986613597116123
SII_6717,6718.29,11.813432400192482,11.813432400192482,231.97903192645614,44.20729356010433,0.2699096108326761,4.612580725641819e-06,3.3267868263435774,0.05986613597116123
SII_6731,6732.67,10.85201338206582,10.85201338206582,213.09975573090495,44.16850702131123,0.2699096108326761,4.612580725641819e-06,3.3267868263435774,0.05986613597116123
NII_6548,6549.85,0.0,0.0,0.0,10000000000.0,0.2699096108326761,4.612580725641819e-06,3.3267868263435774,0.05986613597116123
NII_6584,6585.28,3.2720434285414512,3.2720434285414512,64.2527456255644,43.9791343550254,0.2699096108326761,4.612580725641819e-06,3.3267868263435774,0.05986613597116123
NII_5755,5756.24,0.0,0.0,0.0,10000000000.0,0.2699096108326761,4.612580725641819e-06,3.3267868263435774,0.05986613597116123
HeI_5876,5877.594,1.2057773611851417,1.2057773611851417,23.67771325817283,43.96275218073288,0.2699096108326761,4.612580725641819e-06,3.3267868263435774,0.05986613597116123
HeII_4686,4687.02,0.0,0.0,0.0,10000000000.0,0.2699096108326761,4.612580725641819e-06,3.3267868263435774,0.05986613597116123
NeIII_3869,3870.16,10.063996650940908,2.2404713382707193,197.62556057444652,44.13938056472856,0.2699096108326761,4.612580725641819e-06,3.3267868263435774,0.05986613597116123
