line,wl,amp,amp_err,flux,flux_err,z,zerr,FWHM,FWHMerr
HI_6563,6564.61,141.98036455826855,141.98036455826855,2720.44920340348,62.17519240707194,0.26985102480724127,3.415258412335994e-06,3.24612078862476,0.043471408575078065
HI_4861,4862.683,46.466648328119845,46.466648328119845,890.3354828137852,48.83190076080504,0.26985102480724127,3.415258412335994e-06,3.24612078862476,0.043471408575078065
HI_4341,4341.684,21.977474179369892,21.977474179369892,421.1047232488984,47.39880782308284,0.26985102480724127,3.415258412335994e-06,3.24612078862476,0.043471408575078065
HI_4102,4102.892,7.133293515916989,7.133293515916989,136.67920013725197,47.02207269715426,0.26985102480724127,3.415258412335994e-06,3.24612078862476,0.043471408575078065
OIII_4363,4364.436,1.9501978877145802,1.9501978877145802,37.36723952370854,46.98075518533945,0.26985102480724127,3.415258412335994e-06,3.24612078862476,0.043471408575078065
OIII_5007,5008.24,186.10190292094785,186.10190292094785,3565.8506380675435,71.11278769212556,0.26985102480724127,3.415258412335994e-06,3.24612078862476,0.043471408575078065
OIII_4959,4960.295,69.48528498875635,69.48528498875635,1331.389652252568,51.031838546114635,0.26985102480724127,3.415258412335994e-06,3.24612078862476,0.043471408575078065
OII_3726,3727.092,50.14552182914963,50.14552182914963,960.8254306064697,50.68215986370688,0.26985102480724127,3.415258412335994e-06,3.24612078862476,0.043471408575078065
OII_3729,3729.875,53.09677283711562,53.09677283711562,1017.3735911823628,50.88865296996031,0.26985102480724127,3.415258412335994e-06,3.24612078862476,0.043471408575078065
OI_6300,6302.046,1.8889757269619167,1.8889757269619167,36.194177467075555,46.98078223466947,0.26985102480724127,3.415258412335994e-06,3.24612078862476,0.043471408575078065
SII_6717,6718.29,9.818535378286697,9.818535378286697,188.13042797538984,47.06178384603674,0.26985102480724127,3.415258412335994e-06,3.24612078862476,0.043471408575078065
SII_6731,6732.67,9.034845094343837,9.034845094343837,173.11434025579226,47.04912379180437,0.26985102480724127,3.415258412335994e-06,3.24612078862476,0.043471408575078065
NII_6548,6549.85,3.890799018350549,3.890799018350549,74.5505980563308,46.99060443738413,0.26985102480724127,3.415258412335994e-06,3.24612078862476,0.043471408575078065
NII_6584,6585.28,5.223926364221256,5.223926364221256,100.09430783192421,47.00124307603323,0.26985102480724127,3.415258412335994e-06,3.24612078862476,0.043471408575078065
NII_5755,5756.24,0.0,0.0,0.0,10000000000.0,0.26985102480724127,3.415258412335994e-06,3.24612078862476,0.043471408575078065
HeI_5876,5877.594,3.6229368932621355,3.6229368932621355,69.41816085569467,46.98886684780768,0.26985102480724127,3.415258412335994e-06,3.24612078862476,0.043471408575078065
HeII_4686,4687.02,0.0,0.0,0.0,10000000000.0,0.26985102480724127,3.415258412335994e-06,3.24612078862476,0.043471408575078065
NeIII_3869,3870.16,8.400129353440434,2.4524091272238273,160.95271539237905,47.039389338182424,0.26985102480724127,3.415258412335994e-06,3.24612078862476,0.043471408575078065
