line,wl,amp,amp_err,flux,flux_err,z,zerr,FWHM,FWHMerr
HI_6563,6564.61,8.823272333823525,8.823272333823525,112.09242750025673,39.19749392265142,0.26931902392903007,2.873259048966477e-05,2.152280803394497,0.2977939760709719
HI_4861,4862.683,3.795372406844649,3.795372406844649,48.21708888207347,35.83744757057254,0.26931902392903007,2.873259048966477e-05,2.152280803394497,0.2977939760709719
HI_4341,4341.684,5.296651744198698,5.296651744198698,67.28960970123626,36.56094930325568,0.26931902392903007,2.873259048966477e-05,2.152280803394497,0.2977939760709719
HI_4102,4102.892,6.214223820222628,6.214223820222628,78.94660922664949,37.55560617598871,0.26931902392903007,2.873259048966477e-05,2.152280803394497,0.2977939760709719
OIII_4363,4364.436,3.7147332755213256,3.7147332755213256,47.192634956187874,35.80526973644934,0.26931902392903007,2.873259048966477e-05,2.152280803394497,0.2977939760709719
OIII_5007,5008.24,14.326548471127012,14.326548471127012,182.00703039308888,45.03951267782186,0.26931902392903007,2.873259048966477e-05,2.152280803394497,0.2977939760709719
OIII_4959,4960.295,0.0,0.0,0.0,10000000000.0,0.26931902392903007,2.873259048966477e-05,2.152280803394497,0.2977939760709719
OII_3726,3727.092,10.464566291068309,10.464566291068309,132.94371905608986,41.0284995762009,0.26931902392903007,2.873259048966477e-05,2.152280803394497,0.2977939760709719
OII_3729,3729.875,10.636202019900338,10.636202019900338,135.12421000804724,41.64840252218121,0.26931902392903007,2.873259048966477e-05,2.152280803394497,0.2977939760709719
OI_6300,6302.046,0.0,0.0,0.0,10000000000.0,0.26931902392903007,2.873259048966477e-05,2.152280803394497,0.2977939760709719
SII_6717,6718.29,3.9703019070605023,3.9703019070605023,50.43942449393422,36.12304961416837,0.26931902392903007,2.873259048966477e-05,2.152280803394497,0.2977939760709719
SII_6731,6732.67,0.3645479221398773,0.3645479221398773,4.631281908435168,35.1521423953445,0.26931902392903007,2.873259048966477e-05,2.152280803394497,0.2977939760709719
NII_6548,6549.85,1.2226265067710074,1.2226265067710074,15.532465494095492,35.3015139744537,0.26931902392903007,2.873259048966477e-05,2.152280803394497,0.2977939760709719
NII_6584,6585.28,3.84546765283676,3.84546765283676,48.85350783379871,35.98642890757978,0.26931902392903007,2.873259048966477e-05,2.152280803394497,0.2977939760709719
NII_5755,5756.24,3.5786879063153947,3.5786879063153947,45.46429028909619,36.064039313246674,0.26931902392903007,2.873259048966477e-05,2.152280803394497,0.2977939760709719
HeI_5876,5877.594,0.0,0.0,0.0,10000000000.0,0.26931902392903007,2.873259048966477e-05,2.152280803394497,0.2977939760709719
HeII_4686,4687.02,0.0,0.0,0.0,10000000000.0,0.26931902392903007,2.873259048966477e-05,2.152280803394497,0.2977939760709719
NeIII_3869,3870.16,0.0,10000000000.0,0.0,10000000000.0,0.26931902392903007,2.873259048966477e-05,2.152280803394497,0.2977939760709719
