line,wl,amp,amp_err,flux,flux_err,z,zerr,FWHM,FWHMerr
HI_6563,6564.61,20.421287419175087,20.421287419175087,781.8152746862779,78.03753168293922,0.2692548597025619,3.228880005907825e-05,6.485946696010172,0.3651205232886002
HI_4861,4862.683,4.557785874751744,4.557785874751744,174.49177137991688,61.559226687119455,0.2692548597025619,3.228880005907825e-05,6.485946696010172,0.3651205232886002
HI_4341,4341.684,1.164941715829059,1.164941715829059,44.599011260142674,60.636854568015345,0.2692548597025619,3.228880005907825e-05,6.485946696010172,0.3651205232886002
HI_4102,4102.892,0.3136505781734513,0.3136505781734513,12.007901749619085,60.576572777446,0.2692548597025619,3.228880005907825e-05,6.485946696010172,0.3651205232886002
OIII_4363,4364.436,0.0,0.0,0.0,10000000000.0,0.2692548597025619,3.228880005907825e-05,6.485946696010172,0.3651205232886002
OIII_5007,5008.24,23.10487127044223,23.10487127044223,884.5544802395991,82.26745648561831,0.2692548597025619,3.228880005907825e-05,6.485946696010172,0.3651205232886002
OIII_4959,4960.295,8.580007153234533,8.580007153234533,328.479811856409,64.0026169911263,0.2692548597025619,3.228880005907825e-05,6.485946696010172,0.3651205232886002
OII_3726,3727.092,12.70448495553012,12.70448495553012,486.38267467549747,99.27731446915448,0.2692548597025619,3.228880005907825e-05,6.485946696010172,0.3651205232886002
OII_3729,3729.875,22.79147045059665,22.79147045059665,872.5561403198343,102.84781644203971,0.2692548597025619,3.228880005907825e-05,6.485946696010172,0.3651205232886002
OI_6300,6302.046,2.9734404280857234,2.9734404280857234,113.83616994021176,60.99406083658658,0.2692548597025619,3.228880005907825e-05,6.485946696010172,0.3651205232886002
SII_6717,6718.29,3.5433220886435493,3.5433220886435493,135.65370660390593,61.170588261148815,0.2692548597025619,3.228880005907825e-05,6.485946696010172,0.3651205232886002
SII_6731,6732.67,1.2095497346662114,1.2095497346662114,46.306799304280965,60.641957104088775,0.2692548597025619,3.228880005907825e-05,6.485946696010172,0.3651205232886002
NII_6548,6549.85,2.345424646434026,2.345424646434026,89.79300749109457,60.83510136743417,0.2692548597025619,3.228880005907825e-05,6.485946696010172,0.3651205232886002
NII_6584,6585.28,3.526814457939622,3.526814457939622,135.0217230483005,61.16503761216865,0.2692548597025619,3.228880005907825e-05,6.485946696010172,0.3651205232886002
NII_5755,5756.24,0.47453111683830684,0.47453111683830684,18.167105131176562,60.582649410645395,0.2692548597025619,3.228880005907825e-05,6.485946696010172,0.3651205232886002
HeI_5876,5877.594,1.4057904394537672,1.4057904394537672,53.819742899308686,60.66648427042188,0.2692548597025619,3.228880005907825e-05,6.485946696010172,0.3651205232886002
HeII_4686,4687.02,0.0,0.0,0.0,10000000000.0,0.2692548597025619,3.228880005907825e-05,6.485946696010172,0.3651205232886002
NeIII_3869,3870.16,3.6958782529803784,1.5855722806015775,141.49421690464683,61.22293552465414,0.2692548597025619,3.228880005907825e-05,6.485946696010172,0.3651205232886002
