line,wl,amp,amp_err,flux,flux_err,z,zerr,FWHM,FWHMerr
HI_6563,6564.61,5.983557871127687,5.983557871127687,225.5600687821384,67.58941221733241,0.26946087370056343,8.482723495016602e-05,6.386384532190736,0.8289027299409906
HI_4861,4862.683,1.891506905545839,1.891506905545839,71.3034680880259,60.03751286898382,0.26946087370056343,8.482723495016602e-05,6.386384532190736,0.8289027299409906
HI_4341,4341.684,0.833770397778494,0.833770397778494,31.43034835158775,59.31488691544819,0.26946087370056343,8.482723495016602e-05,6.386384532190736,0.8289027299409906
HI_4102,4102.892,0.4474290610210119,0.4474290610210119,16.866575364133116,59.18995438091691,0.26946087370056343,8.482723495016602e-05,6.386384532190736,0.8289027299409906
OIII_4363,4364.436,1.9254532042397159,1.9254532042397159,72.5831297263359,60.06989047004437,0.26946087370056343,8.482723495016602e-05,6.386384532190736,0.8289027299409906
OIII_5007,5008.24,7.010154184813359,7.010154184813359,264.25930761523574,70.48100230199086,0.26946087370056343,8.482723495016602e-05,6.386384532190736,0.8289027299409906
OIII_4959,4960.295,1.9764388239465234,1.9764388239465234,74.50511663373418,60.11966570205491,0.26946087370056343,8.482723495016602e-05,6.386384532190736,0.8289027299409906
OII_3726,3727.092,16.298583881586296,16.298583881586296,614.4019629393514,113.92454021482706,0.26946087370056343,8.482723495016602e-05,6.386384532190736,0.8289027299409906
OII_3729,3729.875,0.0,0.0,0.0,10000000000.0,0.26946087370056343,8.482723495016602e-05,6.386384532190736,0.8289027299409906
OI_6300,6302.046,1.1095808456896066,1.1095808456896066,41.827477441264,59.44986340008626,0.26946087370056343,8.482723495016602e-05,6.386384532190736,0.8289027299409906
SII_6717,6718.29,1.6249525451835325,1.6249525451835325,61.255262463139125,59.80338208807297,0.26946087370056343,8.482723495016602e-05,6.386384532190736,0.8289027299409906
SII_6731,6732.67,2.2178535039752205,2.2178535039752205,83.60564060376947,60.370457537709456,0.26946087370056343,8.482723495016602e-05,6.386384532190736,0.8289027299409906
NII_6548,6549.85,0.0,0.0,0.0,10000000000.0,0.26946087370056343,8.482723495016602e-05,6.386384532190736,0.8289027299409906
NII_6584,6585.28,0.4339802421555987,0.4339802421555987,16.359599986998607,59.18698092254954,0.26946087370056343,8.482723495016602e-05,6.386384532190736,0.8289027299409906
NII_5755,5756.24,0.13758526036110652,0.13758526036110652,5.186502990170103,59.144136590322454,0.26946087370056343,8.482723495016602e-05,6.386384532190736,0.8289027299409906
HeI_5876,5877.594,0.6816041519434748,0.6816041519434748,25.69419109931434,59.25673823344156,0.26946087370056343,8.482723495016602e-05,6.386384532190736,0.8289027299409906
HeII_4686,4687.02,0.0,0.0,0.0,10000000000.0,0.26946087370056343,8.482723495016602e-05,6.386384532190736,0.8289027299409906
NeIII_3869,3870.16,1.8741759703736989,1.5735230827337905,70.65014994292204,60.0211488935716,0.26946087370056343,8.482723495016602e-05,6.386384532190736,0.8289027299409906
