line,wl,amp,amp_err,flux,flux_err,z,zerr,FWHM,FWHMerr
HI_6563,6564.61,63.415902377374096,63.415902377374096,1734.1256689981558,71.1093136442116,0.2692940304455834,9.006351542505124e-06,4.632705915128648,0.11456785916626747
HI_4861,4862.683,22.795667729960087,22.795667729960087,623.3539391624371,55.26824899751953,0.2692940304455834,9.006351542505124e-06,4.632705915128648,0.11456785916626747
HI_4341,4341.684,10.482518312444768,10.482518312444768,286.6474086133852,53.10677500054823,0.2692940304455834,9.006351542505124e-06,4.632705915128648,0.11456785916626747
HI_4102,4102.892,5.4179625380514835,5.4179625380514835,148.1557079326152,52.67156556198601,0.2692940304455834,9.006351542505124e-06,4.632705915128648,0.11456785916626747
OIII_4363,4364.436,0.8049051388995849,0.8049051388995849,22.01035718404128,52.51554884006935,0.2692940304455834,9.006351542505124e-06,4.632705915128648,0.11456785916626747
OIII_5007,5008.24,71.06911758401543,71.06911758401543,1943.404989210729,75.13283008955956,0.2692940304455834,9.006351542505124e-06,4.632705915128648,0.11456785916626747
OIII_4959,4960.295,25.761999021274278,25.761999021274278,704.4691017979796,56.00819866510972,0.2692940304455834,9.006351542505124e-06,4.632705915128648,0.11456785916626747
OII_3726,3727.092,32.66359947842898,32.66359947842898,893.1953054984488,67.48313393746709,0.2692940304455834,9.006351542505124e-06,4.632705915128648,0.11456785916626747
OII_3729,3729.875,45.22382785915056,45.22382785915056,1236.658279720189,69.90723029313975,0.2692940304455834,9.006351542505124e-06,4.632705915128648,0.11456785916626747
OI_6300,6302.046,1.292781741875615,1.292781741875615,35.351479975131774,52.52112703605942,0.2692940304455834,9.006351542505124e-06,4.632705915128648,0.11456785916626747
SII_6717,6718.29,10.464483582194248,10.464483582194248,286.15424384731796,53.104742224644326,0.2692940304455834,9.006351542505124e-06,4.632705915128648,0.11456785916626747
SII_6731,6732.67,9.844573133651693,9.844573133651693,269.2026184505728,53.03693654126661,0.2692940304455834,9.006351542505124e-06,4.632705915128648,0.11456785916626747
NII_6548,6549.85,2.117350339334962,2.117350339334962,57.8995399584938,52.53641218397173,0.2692940304455834,9.006351542505124e-06,4.632705915128648,0.11456785916626747
NII_6584,6585.28,8.642361258667506,8.642361258667506,236.32779693374928,52.91702249513428,0.2692940304455834,9.006351542505124e-06,4.632705915128648,0.11456785916626747
NII_5755,5756.24,0.0,0.0,0.0,10000000000.0,0.2692940304455834,9.006351542505124e-06,4.632705915128648,0.11456785916626747
HeI_5876,5877.594,0.7026021062418977,0.7026021062418977,19.212852011090394,52.514709568446285,0.2692940304455834,9.006351542505124e-06,4.632705915128648,0.11456785916626747
HeII_4686,4687.02,0.0,0.0,0.0,10000000000.0,0.2692940304455834,9.006351542505124e-06,4.632705915128648,0.11456785916626747
NeIII_3869,3870.16,7.904150690226402,1.9228180179449388,216.1412215186184,52.85099506624071,0.2692940304455834,9.006351542505124e-06,4.632705915128648,0.11456785916626747
