line,wl,amp,amp_err,flux,flux_err,z,zerr,FWHM,FWHMerr
HI_6563,6564.61,52.580764362920036,52.580764362920036,211.9587745714905,198.94364995609212,0.2699414901367284,5.049953673041701e-06,0.6829310310781711,0.13353640742990286
HI_4861,4862.683,19.794465105785775,19.794465105785775,79.79363970751302,73.53970678558981,0.2699414901367284,5.049953673041701e-06,0.6829310310781711,0.13353640742990286
HI_4341,4341.684,3.134022125866636,3.134022125866636,12.63358373213537,15.49427312048768,0.2699414901367284,5.049953673041701e-06,0.6829310310781711,0.13353640742990286
HI_4102,4102.892,1.4771830972715634,1.4771830972715634,5.954685575780616,100.79508976540392,0.2699414901367284,5.049953673041701e-06,0.6829310310781711,0.13353640742990286
OIII_4363,4364.436,4.192033239491025,4.192033239491025,16.89854149461681,21.013108763468924,0.2699414901367284,5.049953673041701e-06,0.6829310310781711,0.13353640742990286
OIII_5007,5008.24,21.57882592938688,21.57882592938688,86.98659207605219,38.197916613229374,0.2699414901367284,5.049953673041701e-06,0.6829310310781711,0.13353640742990286
OIII_4959,4960.295,203.63208252539607,203.63208252539607,820.8630513169403,699.838966797905,0.2699414901367284,5.049953673041701e-06,0.6829310310781711,0.13353640742990286
OII_3726,3727.092,24.709936276928374,24.709936276928374,99.60843811336515,58.32480816355458,0.2699414901367284,5.049953673041701e-06,0.6829310310781711,0.13353640742990286
OII_3729,3729.875,90.10411022473158,90.10411022473158,363.2194590262894,354.4780107513404,0.2699414901367284,5.049953673041701e-06,0.6829310310781711,0.13353640742990286
OI_6300,6302.046,0.0,0.0,0.0,10000000000.0,0.2699414901367284,5.049953673041701e-06,0.6829310310781711,0.13353640742990286
SII_6717,6718.29,0.0,0.0,0.0,10000000000.0,0.2699414901367284,5.049953673041701e-06,0.6829310310781711,0.13353640742990286
SII_6731,6732.67,0.0,0.0,0.0,10000000000.0,0.2699414901367284,5.049953673041701e-06,0.6829310310781711,0.13353640742990286
NII_6548,6549.85,0.0,0.0,0.0,10000000000.0,0.2699414901367284,5.049953673041701e-06,0.6829310310781711,0.13353640742990286
NII_6584,6585.28,30.366627832284394,30.366627832284394,122.41117642897025,139.58810379428303,0.2699414901367284,5.049953673041701e-06,0.6829310310781711,0.13353640742990286
NII_5755,5756.24,1.3411463376739903,1.3411463376739903,5.406306616091854,21.313648607850656,0.2699414901367284,5.049953673041701e-06,0.6829310310781711,0.13353640742990286
HeI_5876,5877.594,15.889916878266831,15.889916878266831,64.05398153426998,118.56633912733803,0.2699414901367284,5.049953673041701e-06,0.6829310310781711,0.13353640742990286
HeII_4686,4687.02,0.0,0.0,0.0,10000000000.0,0.2699414901367284,5.049953673041701e-06,0.6829310310781711,0.13353640742990286
NeIII_3869,3870.16,0.0,10000000000.0,0.0,10000000000.0,0.2699414901367284,5.049953673041701e-06,0.6829310310781711,0.13353640742990286
