line,wl,amp,amp_err,flux,flux_err,z,zerr,FWHM,FWHMerr
HI_6563,6564.61,18.305212618283917,18.305212618283917,801.4420825671823,92.19575241975836,0.2692810624239606,4.1527047175170235e-05,7.417365962419366,0.49551117983373866
HI_4861,4862.683,7.8998961927957225,7.8998961927957225,345.874663618756,74.72121941991267,0.2692810624239606,4.1527047175170235e-05,7.417365962419366,0.49551117983373866
HI_4341,4341.684,3.297479004037541,3.297479004037541,144.37081367619518,70.9371618665776,0.2692810624239606,4.1527047175170235e-05,7.417365962419366,0.49551117983373866
HI_4102,4102.892,0.0,0.0,0.0,10000000000.0,0.2692810624239606,4.1527047175170235e-05,7.417365962419366,0.49551117983373866
OIII_4363,4364.436,1.9577589960740625,1.9577589960740625,85.71495342321386,70.4044573176518,0.2692810624239606,4.1527047175170235e-05,7.417365962419366,0.49551117983373866
OIII_5007,5008.24,16.55344659095192,16.55344659095192,724.7459500287878,88.57936801001436,0.2692810624239606,4.1527047175170235e-05,7.417365962419366,0.49551117983373866
OIII_4959,4960.295,10.668485403570912,10.668485403570912,467.0895300683495,78.3129229737107,0.2692810624239606,4.1527047175170235e-05,7.417365962419366,0.49551117983373866
OII_3726,3727.092,16.16143884663677,16.16143884663677,707.5829970744695,119.42014737236072,0.2692810624239606,4.1527047175170235e-05,7.417365962419366,0.49551117983373866
OII_3729,3729.875,7.126854688121625,7.126854688121625,312.0292226322881,115.71209038709593,0.2692810624239606,4.1527047175170235e-05,7.417365962419366,0.49551117983373866
OI_6300,6302.046,2.6783285133089976,2.6783285133089976,117.2630565001687,70.65771621131483,0.2692810624239606,4.1527047175170235e-05,7.417365962419366,0.49551117983373866
SII_6717,6718.29,0.19995788228015954,0.19995788228015954,8.75459165332318,70.11590252283044,0.2692810624239606,4.1527047175170235e-05,7.417365962419366,0.49551117983373866
SII_6731,6732.67,5.087749485993527,5.087749485993527,222.75275511205862,72.05991859842761,0.2692810624239606,4.1527047175170235e-05,7.417365962419366,0.49551117983373866
NII_6548,6549.85,2.690814713965665,2.690814713965665,117.80972956353624,70.6665342062091,0.2692810624239606,4.1527047175170235e-05,7.417365962419366,0.49551117983373866
NII_6584,6585.28,5.508002541404267,5.508002541404267,241.15234931273937,72.3894473247787,0.2692810624239606,4.1527047175170235e-05,7.417365962419366,0.49551117983373866
NII_5755,5756.24,0.0,0.0,0.0,10000000000.0,0.2692810624239606,4.1527047175170235e-05,7.417365962419366,0.49551117983373866
HeI_5876,5877.594,0.43699293674831097,0.43699293674831097,19.132502670026252,70.1272979386748,0.2692810624239606,4.1527047175170235e-05,7.417365962419366,0.49551117983373866
HeII_4686,4687.02,0.0,0.0,0.0,10000000000.0,0.2692810624239606,4.1527047175170235e-05,7.417365962419366,0.49551117983373866
NeIII_3869,3870.16,0.0,10000000000.0,0.0,10000000000.0,0.2692810624239606,4.1527047175170235e-05,7.417365962419366,0.49551117983373866
