line,wl,amp,amp_err,flux,flux_err,z,zerr,FWHM,FWHMerr
HI_6563,6564.61,0.0,0.0,0.0,10000000000.0,0.2704089014864755,3.8401763142206574e-05,2.7651975325628735,0.4707778799565965
HI_4861,4862.683,0.0,0.0,0.0,10000000000.0,0.2704089014864755,3.8401763142206574e-05,2.7651975325628735,0.4707778799565965
HI_4341,4341.684,1.8829467514269709,1.8829467514269709,30.733488393275756,44.90184394486395,0.2704089014864755,3.8401763142206574e-05,2.7651975325628735,0.4707778799565965
HI_4102,4102.892,0.0,0.0,0.0,10000000000.0,0.2704089014864755,3.8401763142206574e-05,2.7651975325628735,0.4707778799565965
OIII_4363,4364.436,5.14206818337891,5.14206818337891,83.92892295628869,47.29049840061252,0.2704089014864755,3.8401763142206574e-05,2.7651975325628735,0.4707778799565965
OIII_5007,5008.24,0.0,0.0,0.0,10000000000.0,0.2704089014864755,3.8401763142206574e-05,2.7651975325628735,0.4707778799565965
OIII_4959,4960.295,0.0,0.0,0.0,10000000000.0,0.2704089014864755,3.8401763142206574e-05,2.7651975325628735,0.4707778799565965
OII_3726,3727.092,5.413883676811338,5.413883676811338,88.36549998970037,47.30219861531711,0.2704089014864755,3.8401763142206574e-05,2.7651975325628735,0.4707778799565965
OII_3729,3729.875,0.0,0.0,0.0,10000000000.0,0.2704089014864755,3.8401763142206574e-05,2.7651975325628735,0.4707778799565965
OI_6300,6302.046,0.0,0.0,0.0,10000000000.0,0.2704089014864755,3.8401763142206574e-05,2.7651975325628735,0.4707778799565965
SII_6717,6718.29,0.0,0.0,0.0,10000000000.0,0.2704089014864755,3.8401763142206574e-05,2.7651975325628735,0.4707778799565965
SII_6731,6732.67,0.0,0.0,0.0,10000000000.0,0.2704089014864755,3.8401763142206574e-05,2.7651975325628735,0.4707778799565965
NII_6548,6549.85,1.5845035590642738,1.5845035590642738,25.86229361223372,44.78104050641387,0.2704089014864755,3.8401763142206574e-05,2.7651975325628735,0.4707778799565965
NII_6584,6585.28,0.0,0.0,0.0,10000000000.0,0.2704089014864755,3.8401763142206574e-05,2.7651975325628735,0.4707778799565965
NII_5755,5756.24,0.0,0.0,0.0,10000000000.0,0.2704089014864755,3.8401763142206574e-05,2.7651975325628735,0.4707778799565965
HeI_5876,5877.594,0.0,0.0,0.0,10000000000.0,0.2704089014864755,3.8401763142206574e-05,2.7651975325628735,0.4707778799565965
HeII_4686,4687.02,0.0,0.0,0.0,10000000000.0,0.2704089014864755,3.8401763142206574e-05,2.7651975325628735,0.4707778799565965
NeIII_3869,3870.16,0.0,10000000000.0,0.0,10000000000.0,0.2704089014864755,3.8401763142206574e-05,2.7651975325628735,0.4707778799565965
