line,wl,amp,amp_err,flux,flux_err,z,zerr,FWHM,FWHMerr
HI_6563,6564.61,0.0,0.0,0.0,10000000000.0,0.2703679078345511,2.42521101164388e-05,1.891935142528172,0.2379677671550742
HI_4861,4862.683,3.7732504686641732,3.7732504686641732,42.13757486375834,30.306141590550183,0.2703679078345511,2.42521101164388e-05,1.891935142528172,0.2379677671550742
HI_4341,4341.684,0.0,0.0,0.0,10000000000.0,0.2703679078345511,2.42521101164388e-05,1.891935142528172,0.2379677671550742
HI_4102,4102.892,0.0,0.0,0.0,10000000000.0,0.2703679078345511,2.42521101164388e-05,1.891935142528172,0.2379677671550742
OIII_4363,4364.436,0.0,0.0,0.0,10000000000.0,0.2703679078345511,2.42521101164388e-05,1.891935142528172,0.2379677671550742
OIII_5007,5008.24,3.451471478919302,3.451471478919302,38.544125029838554,30.19332945889756,0.2703679078345511,2.42521101164388e-05,1.891935142528172,0.2379677671550742
OIII_4959,4960.295,18.421344209144763,18.421344209144763,205.7193862825396,42.0155422319775,0.2703679078345511,2.42521101164388e-05,1.891935142528172,0.2379677671550742
OII_3726,3727.092,16.917934496032558,16.917934496032558,188.93013789755375,38.94914876276169,0.2703679078345511,2.42521101164388e-05,1.891935142528172,0.2379677671550742
OII_3729,3729.875,0.0,0.0,0.0,10000000000.0,0.2703679078345511,2.42521101164388e-05,1.891935142528172,0.2379677671550742
OI_6300,6302.046,0.10118843277962242,0.10118843277962242,1.1300164664412602,29.902382859778616,0.2703679078345511,2.42521101164388e-05,1.891935142528172,0.2379677671550742
SII_6717,6718.29,0.0,0.0,0.0,10000000000.0,0.2703679078345511,2.42521101164388e-05,1.891935142528172,0.2379677671550742
SII_6731,6732.67,1.5744555381367036,1.5744555381367036,17.582648874984873,30.885067719088838,0.2703679078345511,2.42521101164388e-05,1.891935142528172,0.2379677671550742
NII_6548,6549.85,0.0,0.0,0.0,10000000000.0,0.2703679078345511,2.42521101164388e-05,1.891935142528172,0.2379677671550742
NII_6584,6585.28,4.9983663651864845,4.9983663651864845,55.81899178405234,31.37039151857252,0.2703679078345511,2.42521101164388e-05,1.891935142528172,0.2379677671550742
NII_5755,5756.24,0.763871108708031,0.763871108708031,8.530490169353108,30.02497410873426,0.2703679078345511,2.42521101164388e-05,1.891935142528172,0.2379677671550742
HeI_5876,5877.594,0.28512896909387564,0.28512896909387564,3.184162668446686,30.77774995998457,0.2703679078345511,2.42521101164388e-05,1.891935142528172,0.2379677671550742
HeII_4686,4687.02,0.0,0.0,0.0,10000000000.0,0.2703679078345511,2.42521101164388e-05,1.891935142528172,0.2379677671550742
NeIII_3869,3870.16,0.0,10000000000.0,0.0,10000000000.0,0.2703679078345511,2.42521101164388e-05,1.891935142528172,0.2379677671550742
