line,wl,amp,amp_err,flux,flux_err,z,zerr,FWHM,FWHMerr
HI_6563,6564.61,6.618208002189249,6.618208002189249,46.5167185285209,37.92962619926883,0.26921020407021123,2.3469791333534838e-05,1.19075112287647,0.36255172455234763
HI_4861,4862.683,0.0,0.0,0.0,10000000000.0,0.26921020407021123,2.3469791333534838e-05,1.19075112287647,0.36255172455234763
HI_4341,4341.684,0.0,0.0,0.0,10000000000.0,0.26921020407021123,2.3469791333534838e-05,1.19075112287647,0.36255172455234763
HI_4102,4102.892,0.0,0.0,0.0,10000000000.0,0.26921020407021123,2.3469791333534838e-05,1.19075112287647,0.36255172455234763
OIII_4363,4364.436,4.975651616975256,4.975651616975256,34.97185124526998,33.641199506006906,0.26921020407021123,2.3469791333534838e-05,1.19075112287647,0.36255172455234763
OIII_5007,5008.24,7.792364148599859,7.792364148599859,54.76938918393819,37.17290785410445,0.26921020407021123,2.3469791333534838e-05,1.19075112287647,0.36255172455234763
OIII_4959,4960.295,12.453867963511243,12.453867963511243,87.53322205321807,49.06939341233984,0.26921020407021123,2.3469791333534838e-05,1.19075112287647,0.36255172455234763
OII_3726,3727.092,6.94341084762425,6.94341084762425,48.80243835188849,42.747562595030004,0.26921020407021123,2.3469791333534838e-05,1.19075112287647,0.36255172455234763
OII_3729,3729.875,11.725867877280734,11.725867877280734,82.41640265305392,44.22238134908016,0.26921020407021123,2.3469791333534838e-05,1.19075112287647,0.36255172455234763
OI_6300,6302.046,0.0,0.0,0.0,10000000000.0,0.26921020407021123,2.3469791333534838e-05,1.19075112287647,0.36255172455234763
SII_6717,6718.29,0.676065163173007,0.676065163173007,4.751789743062543,28.445071231314717,0.26921020407021123,2.3469791333534838e-05,1.19075112287647,0.36255172455234763
SII_6731,6732.67,0.0,0.0,0.0,10000000000.0,0.26921020407021123,2.3469791333534838e-05,1.19075112287647,0.36255172455234763
NII_6548,6549.85,0.6536818612952402,0.6536818612952402,4.594466529158935,29.53956760799579,0.26921020407021123,2.3469791333534838e-05,1.19075112287647,0.36255172455234763
NII_6584,6585.28,0.0,0.0,0.0,10000000000.0,0.26921020407021123,2.3469791333534838e-05,1.19075112287647,0.36255172455234763
NII_5755,5756.24,1.033384725907581,1.033384725907581,7.263245037148214,23.38931021982782,0.26921020407021123,2.3469791333534838e-05,1.19075112287647,0.36255172455234763
HeI_5876,5877.594,0.0,0.0,0.0,10000000000.0,0.26921020407021123,2.3469791333534838e-05,1.19075112287647,0.36255172455234763
HeII_4686,4687.02,0.0,0.0,0.0,10000000000.0,0.26921020407021123,2.3469791333534838e-05,1.19075112287647,0.36255172455234763
NeIII_3869,3870.16,4.096964387496996,3.6135644141477314,28.795912605274776,26.869007563302656,0.26921020407021123,2.3469791333534838e-05,1.19075112287647,0.36255172455234763
