line,wl,amp,amp_err,flux,flux_err,z,zerr,FWHM,FWHMerr
HI_6563,6564.61,644.6927769876797,644.6927769876797,18796.334050241392,112.59018003045881,0.2692185179411343,1.4336131113501674e-06,4.939382879154326,0.019092585949943428
HI_4861,4862.683,225.93618448011352,225.93618448011352,6587.280250553102,82.99705742884831,0.2692185179411343,1.4336131113501674e-06,4.939382879154326,0.019092585949943428
HI_4341,4341.684,95.02959109056087,95.02959109056087,2770.634327783325,78.87626216575899,0.2692185179411343,1.4336131113501674e-06,4.939382879154326,0.019092585949943428
HI_4102,4102.892,45.04302985652794,45.04302985652794,1313.2516231595305,78.1684513098585,0.2692185179411343,1.4336131113501674e-06,4.939382879154326,0.019092585949943428
OIII_4363,4364.436,4.742858251772418,4.742858251772418,138.28035807970886,77.96445937254254,0.2692185179411343,1.4336131113501674e-06,4.939382879154326,0.019092585949943428
OIII_5007,5008.24,599.5653471307594,599.5653471307594,17480.6217036833,108.55927503553187,0.2692185179411343,1.4336131113501674e-06,4.939382879154326,0.019092585949943428
OIII_4959,4960.295,201.02927049217874,201.02927049217874,5861.106959663573,81.97366720232208,0.2692185179411343,1.4336131113501674e-06,4.939382879154326,0.019092585949943428
OII_3726,3727.092,211.0795350217852,211.0795350217852,6154.127350359505,96.40738560346084,0.2692185179411343,1.4336131113501674e-06,4.939382879154326,0.019092585949943428
OII_3729,3729.875,284.4282168366842,284.4282168366842,8292.644136571389,98.15833640207,0.2692185179411343,1.4336131113501674e-06,4.939382879154326,0.019092585949943428
OI_6300,6302.046,21.667087274287724,21.667087274287724,631.714554343501,78.00996912995558,0.2692185179411343,1.4336131113501674e-06,4.939382879154326,0.019092585949943428
SII_6717,6718.29,83.01528939232094,83.01528939232094,2420.351470333511,78.66072171114803,0.2692185179411343,1.4336131113501674e-06,4.939382879154326,0.019092585949943428
SII_6731,6732.67,56.320718478811614,56.320718478811614,1642.0581651678358,78.28448043101557,0.2692185179411343,1.4336131113501674e-06,4.939382879154326,0.019092585949943428
NII_6548,6549.85,30.723558983036583,30.723558983036583,895.7604280224257,78.0582164718226,0.2692185179411343,1.4336131113501674e-06,4.939382879154326,0.019092585949943428
NII_6584,6585.28,102.92472334340687,102.92472334340687,3000.8207801408703,79.03341985028584,0.2692185179411343,1.4336131113501674e-06,4.939382879154326,0.019092585949943428
NII_5755,5756.24,1.894323802642134,1.894323802642134,55.229939383151404,77.96254258246624,0.2692185179411343,1.4336131113501674e-06,4.939382879154326,0.019092585949943428
HeI_5876,5877.594,22.929430961053527,22.929430961053527,668.5188035450037,78.01568830824239,0.2692185179411343,1.4336131113501674e-06,4.939382879154326,0.019092585949943428
HeII_4686,4687.02,2.1600499167107046e-12,2.1600499167107046e-12,6.297731454259242e-11,77.96217755092712,0.2692185179411343,1.4336131113501674e-06,4.939382879154326,0.019092585949943428
NeIII_3869,3870.16,43.621005672823685,2.6753423250380024,1271.7918107674682,78.1556763660636,0.2692185179411343,1.4336131113501674e-06,4.939382879154326,0.019092585949943428
