line,wl,amp,amp_err,flux,flux_err,z,zerr,FWHM,FWHMerr
HI_6563,6564.61,41.13044731118612,41.13044731118612,1479.993907779224,82.69092679135547,0.26924548466873505,1.65530264033965e-05,6.096054440677823,0.2093056281826786
HI_4861,4862.683,15.659562023045737,15.659562023045737,563.4768865325584,63.860281619137055,0.26924548466873505,1.65530264033965e-05,6.096054440677823,0.2093056281826786
HI_4341,4341.684,6.21144173802395,6.21144173802395,223.5058583547395,60.69517113494854,0.26924548466873505,1.65530264033965e-05,6.096054440677823,0.2093056281826786
HI_4102,4102.892,5.796716568555098,5.796716568555098,208.58283260759,60.61684789441166,0.26924548466873505,1.65530264033965e-05,6.096054440677823,0.2093056281826786
OIII_4363,4364.436,0.0,0.0,0.0,10000000000.0,0.26924548466873505,1.65530264033965e-05,6.096054440677823,0.2093056281826786
OIII_5007,5008.24,41.1373913044049,41.1373913044049,1480.2437729844746,82.69739721603125,0.26924548466873505,1.65530264033965e-05,6.096054440677823,0.2093056281826786
OIII_4959,4960.295,12.993862836359767,12.993862836359767,467.55722569302503,62.708973898617096,0.26924548466873505,1.65530264033965e-05,6.096054440677823,0.2093056281826786
OII_3726,3727.092,23.546701903618896,23.546701903618896,847.2792698311272,87.04710423806307,0.26924548466873505,1.65530264033965e-05,6.096054440677823,0.2093056281826786
OII_3729,3729.875,20.479516129150966,20.479516129150966,736.9129461708186,86.3412540640218,0.26924548466873505,1.65530264033965e-05,6.096054440677823,0.2093056281826786
OI_6300,6302.046,0.0,0.0,0.0,10000000000.0,0.26924548466873505,1.65530264033965e-05,6.096054440677823,0.2093056281826786
SII_6717,6718.29,7.430471878474236,7.430471878474236,267.3701316415268,60.9560077601345,0.26924548466873505,1.65530264033965e-05,6.096054440677823,0.2093056281826786
SII_6731,6732.67,8.097650101041495,8.097650101041495,291.37715732086997,61.11792002601781,0.26924548466873505,1.65530264033965e-05,6.096054440677823,0.2093056281826786
NII_6548,6549.85,1.7062485110178613,1.7062485110178613,61.39581664060887,60.13196978919429,0.26924548466873505,1.65530264033965e-05,6.096054440677823,0.2093056281826786
NII_6584,6585.28,8.655522915501138,8.655522915501138,311.45105441392127,61.26358741001861,0.26924548466873505,1.65530264033965e-05,6.096054440677823,0.2093056281826786
NII_5755,5756.24,1.2623486071256593,1.2623486071256593,45.422998536936845,60.111031723266066,0.26924548466873505,1.65530264033965e-05,6.096054440677823,0.2093056281826786
HeI_5876,5877.594,2.9618735233161715,2.9618735233161715,106.57688055165735,60.22484928854575,0.26924548466873505,1.65530264033965e-05,6.096054440677823,0.2093056281826786
HeII_4686,4687.02,0.0,0.0,0.0,10000000000.0,0.26924548466873505,1.65530264033965e-05,6.096054440677823,0.2093056281826786
NeIII_3869,3870.16,6.518680684795299,1.6735846413203264,234.56121513250147,60.756609084591894,0.26924548466873505,1.65530264033965e-05,6.096054440677823,0.2093056281826786
