line,wl,amp,amp_err,flux,flux_err,z,zerr,FWHM,FWHMerr
HI_6563,6564.61,33.38266574981617,33.38266574981617,750.1276775356066,65.11378699206125,0.26940795376928417,1.5024496687329729e-05,3.8068566001194046,0.18649346836367087
HI_4861,4862.683,16.03785013490881,16.03785013490881,360.3797061781834,54.23662987068281,0.26940795376928417,1.5024496687329729e-05,3.8068566001194046,0.18649346836367087
HI_4341,4341.684,4.2609457566853735,4.2609457566853735,95.74589903998898,50.78922348983708,0.26940795376928417,1.5024496687329729e-05,3.8068566001194046,0.18649346836367087
HI_4102,4102.892,8.385910570892406,8.385910570892406,188.43622818227013,51.56123824179708,0.26940795376928417,1.5024496687329729e-05,3.8068566001194046,0.18649346836367087
OIII_4363,4364.436,2.1643202617474344,2.1643202617474344,48.63351967021385,50.58792480041558,0.26940795376928417,1.5024496687329729e-05,3.8068566001194046,0.18649346836367087
OIII_5007,5008.24,44.23350679671603,44.23350679671603,993.9523096012422,74.26641325234985,0.26940795376928417,1.5024496687329729e-05,3.8068566001194046,0.18649346836367087
OIII_4959,4960.295,12.663224097641773,12.663224097641773,284.5499204187808,52.866948028280355,0.26940795376928417,1.5024496687329729e-05,3.8068566001194046,0.18649346836367087
OII_3726,3727.092,17.406594803659686,17.406594803659686,391.1361852204539,60.00383930639603,0.26940795376928417,1.5024496687329729e-05,3.8068566001194046,0.18649346836367087
OII_3729,3729.875,25.55913575845534,25.55913575845534,574.3284640596132,63.116772939025985,0.26940795376928417,1.5024496687329729e-05,3.8068566001194046,0.18649346836367087
OI_6300,6302.046,0.06041754475427297,0.06041754475427297,1.357616940138339,50.517888935468676,0.26940795376928417,1.5024496687329729e-05,3.8068566001194046,0.18649346836367087
SII_6717,6718.29,4.936621272712387,4.936621272712387,110.92871605656612,50.88177939023511,0.26940795376928417,1.5024496687329729e-05,3.8068566001194046,0.18649346836367087
SII_6731,6732.67,6.876582274985253,6.876582274985253,154.5207542733645,51.22178842932875,0.26940795376928417,1.5024496687329729e-05,3.8068566001194046,0.18649346836367087
NII_6548,6549.85,0.24866729947609656,0.24866729947609656,5.587697077070086,50.5187112214722,0.26940795376928417,1.5024496687329729e-05,3.8068566001194046,0.18649346836367087
NII_6584,6585.28,2.6728539103762614,2.6728539103762614,60.06056290437351,50.62476534138054,0.26940795376928417,1.5024496687329729e-05,3.8068566001194046,0.18649346836367087
NII_5755,5756.24,2.4297544806050837,2.4297544806050837,54.59797905828004,50.60624059815799,0.26940795376928417,1.5024496687329729e-05,3.8068566001194046,0.18649346836367087
HeI_5876,5877.594,3.3869253478803785,3.3869253478803785,76.10615833476317,50.6894566826478,0.26940795376928417,1.5024496687329729e-05,3.8068566001194046,0.18649346836367087
HeII_4686,4687.02,2.1941559680271894e-11,2.1941559680271894e-11,4.930394513075067e-10,50.51778085545125,0.26940795376928417,1.5024496687329729e-05,3.8068566001194046,0.18649346836367087
NeIII_3869,3870.16,5.370929808982623,2.252018603178489,120.68787837415533,50.948367598949275,0.26940795376928417,1.5024496687329729e-05,3.8068566001194046,0.18649346836367087
