line,wl,amp,amp_err,flux,flux_err,z,zerr,FWHM,FWHMerr
HI_6563,6564.61,0.0,0.0,0.0,10000000000.0,0.26993276592842547,2.874505634883086e-05,2.7041525854377517,0.32685605506937326
HI_4861,4862.683,2.198121061996403,2.198121061996403,35.085725350575345,37.46618647952887,0.26993276592842547,2.874505634883086e-05,2.7041525854377517,0.32685605506937326
HI_4341,4341.684,1.5453799176227676,1.5453799176227676,24.66687403593783,37.29876931693145,0.26993276592842547,2.874505634883086e-05,2.7041525854377517,0.32685605506937326
HI_4102,4102.892,3.2120644503821723,3.2120644503821723,51.26997464466316,37.80970840530728,0.26993276592842547,2.874505634883086e-05,2.7041525854377517,0.32685605506937326
OIII_4363,4364.436,0.0,0.0,0.0,10000000000.0,0.26993276592842547,2.874505634883086e-05,2.7041525854377517,0.32685605506937326
OIII_5007,5008.24,4.718106705266109,4.718106705266109,75.30895313169312,38.52659261385983,0.26993276592842547,2.874505634883086e-05,2.7041525854377517,0.32685605506937326
OIII_4959,4960.295,22.62566364196084,22.62566364196084,361.1438123864514,61.412450981494125,0.26993276592842547,2.874505634883086e-05,2.7041525854377517,0.32685605506937326
OII_3726,3727.092,0.0,0.0,0.0,10000000000.0,0.26993276592842547,2.874505634883086e-05,2.7041525854377517,0.32685605506937326
OII_3729,3729.875,0.0,0.0,0.0,10000000000.0,0.26993276592842547,2.874505634883086e-05,2.7041525854377517,0.32685605506937326
OI_6300,6302.046,0.016106075625657468,0.016106075625657468,0.25708017435772085,37.16256868905004,0.26993276592842547,2.874505634883086e-05,2.7041525854377517,0.32685605506937326
SII_6717,6718.29,2.5032846444937604,2.5032846444937604,39.95665162830073,37.55842938207132,0.26993276592842547,2.874505634883086e-05,2.7041525854377517,0.32685605506937326
SII_6731,6732.67,4.125497049198998,4.125497049198998,65.84990194823123,38.20318438861712,0.26993276592842547,2.874505634883086e-05,2.7041525854377517,0.32685605506937326
NII_6548,6549.85,0.0,0.0,0.0,10000000000.0,0.26993276592842547,2.874505634883086e-05,2.7041525854377517,0.32685605506937326
NII_6584,6585.28,3.986570975882273,3.986570975882273,63.63240713564002,38.151584277520065,0.26993276592842547,2.874505634883086e-05,2.7041525854377517,0.32685605506937326
NII_5755,5756.24,0.0,0.0,0.0,10000000000.0,0.26993276592842547,2.874505634883086e-05,2.7041525854377517,0.32685605506937326
HeI_5876,5877.594,0.0,0.0,0.0,10000000000.0,0.26993276592842547,2.874505634883086e-05,2.7041525854377517,0.32685605506937326
HeII_4686,4687.02,0.0,0.0,0.0,10000000000.0,0.26993276592842547,2.874505634883086e-05,2.7041525854377517,0.32685605506937326
NeIII_3869,3870.16,4.857597615667146,2.3455835399121234,77.53546369830744,38.59463781114377,0.26993276592842547,2.874505634883086e-05,2.7041525854377517,0.32685605506937326
