line,wl,amp,amp_err,flux,flux_err,z,zerr,FWHM,FWHMerr
HI_6563,6564.61,410.5766671790659,410.5766671790659,11793.023976469192,102.57086801604189,0.26919519535095,2.0397431698046118e-06,4.866124971540408,0.02692666525691158
HI_4861,4862.683,160.00291107527892,160.00291107527892,4595.775448176371,77.49936179887636,0.26919519535095,2.0397431698046118e-06,4.866124971540408,0.02692666525691158
HI_4341,4341.684,68.03510443788014,68.03510443788014,1954.1773364524377,73.10207639322233,0.26919519535095,2.0397431698046118e-06,4.866124971540408,0.02692666525691158
HI_4102,4102.892,24.65758573238577,24.65758573238577,708.2416585963667,72.22845513203482,0.26919519535095,2.0397431698046118e-06,4.866124971540408,0.02692666525691158
OIII_4363,4364.436,1.1024999900707826,1.1024999900707826,31.66718875257291,72.09569596975682,0.26919519535095,2.0397431698046118e-06,4.866124971540408,0.02692666525691158
OIII_5007,5008.24,394.02241241304614,394.02241241304614,11317.534892519114,100.49971173823783,0.26919519535095,2.0397431698046118e-06,4.866124971540408,0.02692666525691158
OIII_4959,4960.295,127.53691022354656,127.53691022354656,3663.252104618794,75.5736175619913,0.26919519535095,2.0397431698046118e-06,4.866124971540408,0.02692666525691158
OII_3726,3727.092,161.71378739084662,161.71378739084662,4644.917075119979,90.62323876048603,0.26919519535095,2.0397431698046118e-06,4.866124971540408,0.02692666525691158
OII_3729,3729.875,210.6017893009905,210.6017893009905,6049.130769602893,92.480637226906,0.26919519535095,2.0397431698046118e-06,4.866124971540408,0.02692666525691158
OI_6300,6302.046,13.071645448245818,13.071645448245818,375.4578389517581,72.13283877408509,0.26919519535095,2.0397431698046118e-06,4.866124971540408,0.02692666525691158
SII_6717,6718.29,50.21504958547962,50.21504958547962,1442.3305830062632,72.64553595923076,0.26919519535095,2.0397431698046118e-06,4.866124971540408,0.02692666525691158
SII_6731,6732.67,39.74277172558095,39.74277172558095,1141.5345715364488,72.4405017109841,0.26919519535095,2.0397431698046118e-06,4.866124971540408,0.02692666525691158
NII_6548,6549.85,17.536687199739845,17.536687199739845,503.707563401735,72.16274724184954,0.26919519535095,2.0397431698046118e-06,4.866124971540408,0.02692666525691158
NII_6584,6585.28,66.85719414953019,66.85719414953019,1920.3441321252606,73.0677527379599,0.26919519535095,2.0397431698046118e-06,4.866124971540408,0.02692666525691158
NII_5755,5756.24,3.856890848243893,3.856890848243893,110.78176107880869,72.09868774332136,0.26919519535095,2.0397431698046118e-06,4.866124971540408,0.02692666525691158
HeI_5876,5877.594,15.90019266394097,15.90019266394097,456.7024098194932,72.15077366437372,0.26919519535095,2.0397431698046118e-06,4.866124971540408,0.02692666525691158
HeII_4686,4687.02,0.0,0.0,0.0,10000000000.0,0.26919519535095,2.0397431698046118e-06,4.866124971540408,0.02692666525691158
NeIII_3869,3870.16,31.70803579137737,2.5115505394117568,910.752257072056,72.31527153271982,0.26919519535095,2.0397431698046118e-06,4.866124971540408,0.02692666525691158
