line,wl,amp,amp_err,flux,flux_err,z,zerr,FWHM,FWHMerr
HI_6563,6564.61,23.80229985268079,23.80229985268079,894.6526177641929,87.7096813934245,0.26942676718186276,3.136850269051382e-05,6.367777159456775,0.3773647187037975
HI_4861,4862.683,8.454414984781238,8.454414984781238,317.77452366425285,67.98804775829701,0.26942676718186276,3.136850269051382e-05,6.367777159456775,0.3773647187037975
HI_4341,4341.684,4.282376584965505,4.282376584965505,160.96089225428238,65.51916843025344,0.26942676718186276,3.136850269051382e-05,6.367777159456775,0.3773647187037975
HI_4102,4102.892,2.6383035189822976,2.6383035189822976,99.16542369111248,64.9784754497925,0.26942676718186276,3.136850269051382e-05,6.367777159456775,0.3773647187037975
OIII_4363,4364.436,0.0,0.0,0.0,10000000000.0,0.26942676718186276,3.136850269051382e-05,6.367777159456775,0.3773647187037975
OIII_5007,5008.24,22.091627023905403,22.091627023905403,830.3538763033082,84.88824141531633,0.26942676718186276,3.136850269051382e-05,6.367777159456775,0.3773647187037975
OIII_4959,4960.295,11.284485760708776,11.284485760708776,424.1478675769147,70.48929600241007,0.26942676718186276,3.136850269051382e-05,6.367777159456775,0.3773647187037975
OII_3726,3727.092,11.358664003787794,11.358664003787794,426.93599140371026,99.2532531409599,0.26942676718186276,3.136850269051382e-05,6.367777159456775,0.3773647187037975
OII_3729,3729.875,20.391392106370517,20.391392106370517,766.4474626709571,102.91057717656389,0.26942676718186276,3.136850269051382e-05,6.367777159456775,0.3773647187037975
OI_6300,6302.046,0.5547252736060955,0.5547252736060955,20.85035569013538,64.66017944748664,0.26942676718186276,3.136850269051382e-05,6.367777159456775,0.3773647187037975
SII_6717,6718.29,1.1003886504356615,1.1003886504356615,41.36010355148073,64.703480664726,0.26942676718186276,3.136850269051382e-05,6.367777159456775,0.3773647187037975
SII_6731,6732.67,3.2140933905761813,3.2140933905761813,120.80753050817951,65.139116186731,0.26942676718186276,3.136850269051382e-05,6.367777159456775,0.3773647187037975
NII_6548,6549.85,0.0,0.0,0.0,10000000000.0,0.26942676718186276,3.136850269051382e-05,6.367777159456775,0.3773647187037975
NII_6584,6585.28,3.621140387458695,3.621140387458695,136.10713027660185,65.27145017489912,0.26942676718186276,3.136850269051382e-05,6.367777159456775,0.3773647187037975
NII_5755,5756.24,1.8508221415467005,1.8508221415467005,69.56650761477539,64.809521252349,0.26942676718186276,3.136850269051382e-05,6.367777159456775,0.3773647187037975
HeI_5876,5877.594,1.703763645725644,1.703763645725644,64.03904728257749,64.78450193591699,0.26942676718186276,3.136850269051382e-05,6.367777159456775,0.3773647187037975
HeII_4686,4687.02,0.0,0.0,0.0,10000000000.0,0.26942676718186276,3.136850269051382e-05,6.367777159456775,0.3773647187037975
NeIII_3869,3870.16,0.0,10000000000.0,0.0,10000000000.0,0.26942676718186276,3.136850269051382e-05,6.367777159456775,0.3773647187037975
