line,wl,amp,amp_err,flux,flux_err,z,zerr,FWHM,FWHMerr
HI_6563,6564.61,11.066586631507334,11.066586631507334,224.59633272039804,52.817245280572024,0.2695926773003303,3.378399712453709e-05,3.43828058069147,0.4131368219873781
HI_4861,4862.683,5.752307765772343,5.752307765772343,116.74306377300404,46.10171448138845,0.2695926773003303,3.378399712453709e-05,3.43828058069147,0.4131368219873781
HI_4341,4341.684,4.533937754777867,4.533937754777867,92.01624913019499,45.0802281815464,0.2695926773003303,3.378399712453709e-05,3.43828058069147,0.4131368219873781
HI_4102,4102.892,0.0,0.0,0.0,10000000000.0,0.2695926773003303,3.378399712453709e-05,3.43828058069147,0.4131368219873781
OIII_4363,4364.436,2.3946007823786886,2.3946007823786886,48.59841358133347,43.841398552453335,0.2695926773003303,3.378399712453709e-05,3.43828058069147,0.4131368219873781
OIII_5007,5008.24,16.495120425503842,16.495120425503842,334.76840499326454,62.46239175672896,0.2695926773003303,3.378399712453709e-05,3.43828058069147,0.4131368219873781
OIII_4959,4960.295,6.748622937570758,6.748622937570758,136.96327631645735,47.095148925485084,0.2695926773003303,3.378399712453709e-05,3.43828058069147,0.4131368219873781
OII_3726,3727.092,8.473695672556573,8.473695672556573,171.97362077539634,50.46903153133528,0.2695926773003303,3.378399712453709e-05,3.43828058069147,0.4131368219873781
OII_3729,3729.875,3.104722202530411,3.104722202530411,63.01032504626493,46.67544001292045,0.2695926773003303,3.378399712453709e-05,3.43828058069147,0.4131368219873781
OI_6300,6302.046,0.0,0.0,0.0,10000000000.0,0.2695926773003303,3.378399712453709e-05,3.43828058069147,0.4131368219873781
SII_6717,6718.29,3.621025295136178,3.621025295136178,73.48869430615125,44.462599523134074,0.2695926773003303,3.378399712453709e-05,3.43828058069147,0.4131368219873781
SII_6731,6732.67,0.0,0.0,0.0,10000000000.0,0.2695926773003303,3.378399712453709e-05,3.43828058069147,0.4131368219873781
NII_6548,6549.85,0.0,0.0,0.0,10000000000.0,0.2695926773003303,3.378399712453709e-05,3.43828058069147,0.4131368219873781
NII_6584,6585.28,2.2689064789230997,2.2689064789230997,46.04744818071066,43.79180901692725,0.2695926773003303,3.378399712453709e-05,3.43828058069147,0.4131368219873781
NII_5755,5756.24,0.5673107986792729,0.5673107986792729,11.513570456610607,43.38039102418781,0.2695926773003303,3.378399712453709e-05,3.43828058069147,0.4131368219873781
HeI_5876,5877.594,0.7103576840206642,0.7103576840206642,14.416706439234343,43.39595702364717,0.2695926773003303,3.378399712453709e-05,3.43828058069147,0.4131368219873781
HeII_4686,4687.02,0.0,0.0,0.0,10000000000.0,0.2695926773003303,3.378399712453709e-05,3.43828058069147,0.4131368219873781
NeIII_3869,3870.16,5.916694096130982,2.1654647521708164,120.07928370940239,46.255988916625306,0.2695926773003303,3.378399712453709e-05,3.43828058069147,0.4131368219873781
