line,wl,amp,amp_err,flux,flux_err,z,zerr,FWHM,FWHMerr
HI_6563,6564.61,0.0,0.0,0.0,10000000000.0,0.27014607810374114,1.5002475299688999e-05,1.4951914315486503,0.3123198508462816
HI_4861,4862.683,5.8542612709865125,5.8542612709865125,51.66739416275227,29.09435719385973,0.27014607810374114,1.5002475299688999e-05,1.4951914315486503,0.3123198508462816
HI_4341,4341.684,0.0,0.0,0.0,10000000000.0,0.27014607810374114,1.5002475299688999e-05,1.4951914315486503,0.3123198508462816
HI_4102,4102.892,0.0,0.0,0.0,10000000000.0,0.27014607810374114,1.5002475299688999e-05,1.4951914315486503,0.3123198508462816
OIII_4363,4364.436,0.0,0.0,0.0,10000000000.0,0.27014607810374114,1.5002475299688999e-05,1.4951914315486503,0.3123198508462816
OIII_5007,5008.24,1.0487559462543459,1.0487559462543459,9.25590511721771,25.764758700932067,0.27014607810374114,1.5002475299688999e-05,1.4951914315486503,0.3123198508462816
OIII_4959,4960.295,48.342420515126605,48.342420515126605,426.65108028492057,123.58111842466533,0.27014607810374114,1.5002475299688999e-05,1.4951914315486503,0.3123198508462816
OII_3726,3727.092,1.7002260242442162,1.7002260242442162,15.005522318547284,28.209260151785628,0.27014607810374114,1.5002475299688999e-05,1.4951914315486503,0.3123198508462816
OII_3729,3729.875,0.0,0.0,0.0,10000000000.0,0.27014607810374114,1.5002475299688999e-05,1.4951914315486503,0.3123198508462816
OI_6300,6302.046,0.0,0.0,0.0,10000000000.0,0.27014607810374114,1.5002475299688999e-05,1.4951914315486503,0.3123198508462816
SII_6717,6718.29,0.6582134990859458,0.6582134990859458,5.8091319683768,27.9776502961202,0.27014607810374114,1.5002475299688999e-05,1.4951914315486503,0.3123198508462816
SII_6731,6732.67,0.0,0.0,0.0,10000000000.0,0.27014607810374114,1.5002475299688999e-05,1.4951914315486503,0.3123198508462816
NII_6548,6549.85,0.0,0.0,0.0,10000000000.0,0.27014607810374114,1.5002475299688999e-05,1.4951914315486503,0.3123198508462816
NII_6584,6585.28,4.811302549270408,4.811302549270408,42.46265305605656,31.887578699126124,0.27014607810374114,1.5002475299688999e-05,1.4951914315486503,0.3123198508462816
NII_5755,5756.24,0.0,0.0,0.0,10000000000.0,0.27014607810374114,1.5002475299688999e-05,1.4951914315486503,0.3123198508462816
HeI_5876,5877.594,4.815980289786353,4.815980289786353,42.503936943440635,32.15584134776376,0.27014607810374114,1.5002475299688999e-05,1.4951914315486503,0.3123198508462816
HeII_4686,4687.02,0.0,0.0,0.0,10000000000.0,0.27014607810374114,1.5002475299688999e-05,1.4951914315486503,0.3123198508462816
NeIII_3869,3870.16,0.0,10000000000.0,0.0,10000000000.0,0.27014607810374114,1.5002475299688999e-05,1.4951914315486503,0.3123198508462816
