line,wl,amp,amp_err,flux,flux_err,z,zerr,FWHM,FWHMerr
HI_6563,6564.61,26.224793406313665,26.224793406313665,626.8992220469075,54.312348738377516,0.2697852380459297,1.4283295688244896e-05,4.049841226675134,0.1712988125296378
HI_4861,4862.683,15.121675558521133,15.121675558521133,361.4810800149283,48.61262380075307,0.2697852380459297,1.4283295688244896e-05,4.049841226675134,0.1712988125296378
HI_4341,4341.684,1.8041997093010878,1.8041997093010878,43.12908691611679,45.553754932241695,0.2697852380459297,1.4283295688244896e-05,4.049841226675134,0.1712988125296378
HI_4102,4102.892,0.0,0.0,0.0,10000000000.0,0.2697852380459297,1.4283295688244896e-05,4.049841226675134,0.1712988125296378
OIII_4363,4364.436,4.220379689397987,4.220379689397987,100.88745802623549,45.75746996552513,0.2697852380459297,1.4283295688244896e-05,4.049841226675134,0.1712988125296378
OIII_5007,5008.24,46.85126944708122,46.85126944708122,1119.971620490026,69.82810520090847,0.2697852380459297,1.4283295688244896e-05,4.049841226675134,0.1712988125296378
OIII_4959,4960.295,17.78949541800955,17.78949541800955,425.2548596044344,49.75328013194476,0.2697852380459297,1.4283295688244896e-05,4.049841226675134,0.1712988125296378
OII_3726,3727.092,14.451923589064222,14.451923589064222,345.4707731990951,53.8962267810598,0.2697852380459297,1.4283295688244896e-05,4.049841226675134,0.1712988125296378
OII_3729,3729.875,24.933918164541637,24.933918164541637,596.041069142196,57.116004907508156,0.2697852380459297,1.4283295688244896e-05,4.049841226675134,0.1712988125296378
OI_6300,6302.046,0.0,0.0,0.0,10000000000.0,0.2697852380459297,1.4283295688244896e-05,4.049841226675134,0.1712988125296378
SII_6717,6718.29,2.2194182116962793,2.2194182116962793,53.05481453189125,45.577169750706375,0.2697852380459297,1.4283295688244896e-05,4.049841226675134,0.1712988125296378
SII_6731,6732.67,0.10658385208216714,0.10658385208216714,2.547868839911885,45.50822543825723,0.2697852380459297,1.4283295688244896e-05,4.049841226675134,0.1712988125296378
NII_6548,6549.85,0.0,0.0,0.0,10000000000.0,0.2697852380459297,1.4283295688244896e-05,4.049841226675134,0.1712988125296378
NII_6584,6585.28,3.2437941543743136,3.2437941543743136,77.54234705879463,45.65557276426928,0.2697852380459297,1.4283295688244896e-05,4.049841226675134,0.1712988125296378
NII_5755,5756.24,0.9655302668854802,0.9655302668854802,23.080836664571237,45.52116132709971,0.2697852380459297,1.4283295688244896e-05,4.049841226675134,0.1712988125296378
HeI_5876,5877.594,0.4715922750752952,0.4715922750752952,11.273333055003505,45.511200436239974,0.2697852380459297,1.4283295688244896e-05,4.049841226675134,0.1712988125296378
HeII_4686,4687.02,0.0,0.0,0.0,10000000000.0,0.2697852380459297,1.4283295688244896e-05,4.049841226675134,0.1712988125296378
NeIII_3869,3870.16,12.860979232085697,1.9230481161492783,307.4395191771039,47.774018866853,0.2697852380459297,1.4283295688244896e-05,4.049841226675134,0.1712988125296378
