line,wl,amp,amp_err,flux,flux_err,z,zerr,FWHM,FWHMerr
HI_6563,6564.61,0.0,0.0,0.0,10000000000.0,0.2704323823249328,5.249656193477792e-06,0.4729492008836206,0.3647528020078847
HI_4861,4862.683,25.08928775164759,25.08928775164759,70.04070142654882,198.24988187642705,0.2704323823249328,5.249656193477792e-06,0.4729492008836206,0.3647528020078847
HI_4341,4341.684,0.0,0.0,0.0,10000000000.0,0.2704323823249328,5.249656193477792e-06,0.4729492008836206,0.3647528020078847
HI_4102,4102.892,1.5294335063222206,1.5294335063222206,4.269654707955578,11.452625606511113,0.2704323823249328,5.249656193477792e-06,0.4729492008836206,0.3647528020078847
OIII_4363,4364.436,0.7375072170923431,0.7375072170923431,2.0588676451724925,10.830935164256257,0.2704323823249328,5.249656193477792e-06,0.4729492008836206,0.3647528020078847
OIII_5007,5008.24,0.9881847523565739,0.9881847523565739,2.758673497597784,28.625592488687275,0.2704323823249328,5.249656193477792e-06,0.4729492008836206,0.3647528020078847
OIII_4959,4960.295,0.0,0.0,0.0,10000000000.0,0.2704323823249328,5.249656193477792e-06,0.4729492008836206,0.3647528020078847
OII_3726,3727.092,8.23786277103352,8.23786277103352,22.997292408229118,26.901144012474138,0.2704323823249328,5.249656193477792e-06,0.4729492008836206,0.3647528020078847
OII_3729,3729.875,6.259701692146564,6.259701692146564,17.474943951332712,16.3828566035232,0.2704323823249328,5.249656193477792e-06,0.4729492008836206,0.3647528020078847
OI_6300,6302.046,0.0,0.0,0.0,10000000000.0,0.2704323823249328,5.249656193477792e-06,0.4729492008836206,0.3647528020078847
SII_6717,6718.29,1.5570401719966185,1.5570401719966185,4.346723066652053,29.829794471248018,0.2704323823249328,5.249656193477792e-06,0.4729492008836206,0.3647528020078847
SII_6731,6732.67,0.0,0.0,0.0,10000000000.0,0.2704323823249328,5.249656193477792e-06,0.4729492008836206,0.3647528020078847
NII_6548,6549.85,2.130051458656453,2.130051458656453,5.946374393555444,10.707043543656061,0.2704323823249328,5.249656193477792e-06,0.4729492008836206,0.3647528020078847
NII_6584,6585.28,7.5853451671603125,7.5853451671603125,21.175686664740084,19.142530783885345,0.2704323823249328,5.249656193477792e-06,0.4729492008836206,0.3647528020078847
NII_5755,5756.24,305.0896721858344,305.0896721858344,851.7059092874576,5540.021201151764,0.2704323823249328,5.249656193477792e-06,0.4729492008836206,0.3647528020078847
HeI_5876,5877.594,0.28034929947079945,0.28034929947079945,0.7826392591829126,19.377194886624004,0.2704323823249328,5.249656193477792e-06,0.4729492008836206,0.3647528020078847
HeII_4686,4687.02,0.0,0.0,0.0,10000000000.0,0.2704323823249328,5.249656193477792e-06,0.4729492008836206,0.3647528020078847
NeIII_3869,3870.16,0.0,10000000000.0,0.0,10000000000.0,0.2704323823249328,5.249656193477792e-06,0.4729492008836206,0.3647528020078847
