line,wl,amp,amp_err,flux,flux_err,z,zerr,FWHM,FWHMerr
HI_6563,6564.61,0.0,0.0,0.0,10000000000.0,0.2703061509091857,1.6670098092206254e-05,1.6943033416143682,0.1346583577039664
HI_4861,4862.683,0.0,0.0,0.0,10000000000.0,0.2703061509091857,1.6670098092206254e-05,1.6943033416143682,0.1346583577039664
HI_4341,4341.684,0.0,0.0,0.0,10000000000.0,0.2703061509091857,1.6670098092206254e-05,1.6943033416143682,0.1346583577039664
HI_4102,4102.892,0.0,0.0,0.0,10000000000.0,0.2703061509091857,1.6670098092206254e-05,1.6943033416143682,0.1346583577039664
OIII_4363,4364.436,2.3961706691436575,2.3961706691436575,23.963848944796016,31.683814919113267,0.2703061509091857,1.6670098092206254e-05,1.6943033416143682,0.1346583577039664
OIII_5007,5008.24,0.0,0.0,0.0,10000000000.0,0.2703061509091857,1.6670098092206254e-05,1.6943033416143682,0.1346583577039664
OIII_4959,4960.295,40.87662535562595,40.87662535562595,408.8027985691496,44.617726496861486,0.2703061509091857,1.6670098092206254e-05,1.6943033416143682,0.1346583577039664
OII_3726,3727.092,0.0,0.0,0.0,10000000000.0,0.2703061509091857,1.6670098092206254e-05,1.6943033416143682,0.1346583577039664
OII_3729,3729.875,2.4056956701874697,2.4056956701874697,24.059107470890282,31.438892055851223,0.2703061509091857,1.6670098092206254e-05,1.6943033416143682,0.1346583577039664
OI_6300,6302.046,0.21203777340213037,0.21203777340213037,2.120567302585116,31.529133386641377,0.2703061509091857,1.6670098092206254e-05,1.6943033416143682,0.1346583577039664
SII_6717,6718.29,0.0,0.0,0.0,10000000000.0,0.2703061509091857,1.6670098092206254e-05,1.6943033416143682,0.1346583577039664
SII_6731,6732.67,0.0,0.0,0.0,10000000000.0,0.2703061509091857,1.6670098092206254e-05,1.6943033416143682,0.1346583577039664
NII_6548,6549.85,0.0,0.0,0.0,10000000000.0,0.2703061509091857,1.6670098092206254e-05,1.6943033416143682,0.1346583577039664
NII_6584,6585.28,10.172702011670822,10.172702011670822,101.73611483827364,32.89789488857237,0.2703061509091857,1.6670098092206254e-05,1.6943033416143682,0.1346583577039664
NII_5755,5756.24,1.3541602286201169,1.3541602286201169,13.542812948837325,29.576069522725344,0.2703061509091857,1.6670098092206254e-05,1.6943033416143682,0.1346583577039664
HeI_5876,5877.594,0.0,0.0,0.0,10000000000.0,0.2703061509091857,1.6670098092206254e-05,1.6943033416143682,0.1346583577039664
HeII_4686,4687.02,0.0,0.0,0.0,10000000000.0,0.2703061509091857,1.6670098092206254e-05,1.6943033416143682,0.1346583577039664
NeIII_3869,3870.16,2.0389551594292925,2.982743873349413,20.391374485540315,29.874097268756177,0.2703061509091857,1.6670098092206254e-05,1.6943033416143682,0.1346583577039664
