line,wl,amp,amp_err,flux,flux_err,z,zerr,FWHM,FWHMerr
HI_6563,6564.61,35.74790690443706,35.74790690443706,502.0832021863591,69.77740797239083,0.2708966737605296,1.4928324228671662e-05,2.379454558489624,0.24352817960079595
HI_4861,4862.683,5.68491392550834,5.68491392550834,79.8452282955558,39.85070225634381,0.2708966737605296,1.4928324228671662e-05,2.379454558489624,0.24352817960079595
HI_4341,4341.684,0.0,0.0,0.0,10000000000.0,0.2708966737605296,1.4928324228671662e-05,2.379454558489624,0.24352817960079595
HI_4102,4102.892,1.9901278387528691,1.9901278387528691,27.951559813344932,39.02787160306255,0.2708966737605296,1.4928324228671662e-05,2.379454558489624,0.24352817960079595
OIII_4363,4364.436,0.0,0.0,0.0,10000000000.0,0.2708966737605296,1.4928324228671662e-05,2.379454558489624,0.24352817960079595
OIII_5007,5008.24,2.605354931238594,2.605354931238594,36.59249058148162,39.02274883596578,0.2708966737605296,1.4928324228671662e-05,2.379454558489624,0.24352817960079595
OIII_4959,4960.295,0.0,0.0,0.0,10000000000.0,0.2708966737605296,1.4928324228671662e-05,2.379454558489624,0.24352817960079595
OII_3726,3727.092,0.8619442660227605,0.8619442660227605,12.106100039584783,39.01908591064033,0.2708966737605296,1.4928324228671662e-05,2.379454558489624,0.24352817960079595
OII_3729,3729.875,0.0,0.0,0.0,10000000000.0,0.2708966737605296,1.4928324228671662e-05,2.379454558489624,0.24352817960079595
OI_6300,6302.046,4.8560934273566545,4.8560934273566545,68.2043551428387,39.69672821756427,0.2708966737605296,1.4928324228671662e-05,2.379454558489624,0.24352817960079595
SII_6717,6718.29,0.0,0.0,0.0,10000000000.0,0.2708966737605296,1.4928324228671662e-05,2.379454558489624,0.24352817960079595
SII_6731,6732.67,0.0,0.0,0.0,10000000000.0,0.2708966737605296,1.4928324228671662e-05,2.379454558489624,0.24352817960079595
NII_6548,6549.85,0.0,0.0,0.0,10000000000.0,0.2708966737605296,1.4928324228671662e-05,2.379454558489624,0.24352817960079595
NII_6584,6585.28,0.22974926700521792,0.22974926700521792,3.2268531969246816,38.912718654166326,0.2708966737605296,1.4928324228671662e-05,2.379454558489624,0.24352817960079595
NII_5755,5756.24,14.355081685646155,14.355081685646155,201.61866818225894,45.301089055148616,0.2708966737605296,1.4928324228671662e-05,2.379454558489624,0.24352817960079595
HeI_5876,5877.594,1.3554146284087665,1.3554146284087665,19.036944421415605,38.848976217230174,0.2708966737605296,1.4928324228671662e-05,2.379454558489624,0.24352817960079595
HeII_4686,4687.02,0.0,0.0,0.0,10000000000.0,0.2708966737605296,1.4928324228671662e-05,2.379454558489624,0.24352817960079595
NeIII_3869,3870.16,0.0,10000000000.0,0.0,10000000000.0,0.2708966737605296,1.4928324228671662e-05,2.379454558489624,0.24352817960079595
