line,wl,amp,amp_err,flux,flux_err,z,zerr,FWHM,FWHMerr
HI_6563,6564.61,0.0,0.0,0.0,10000000000.0,0.2702505720627122,2.359672064830842e-05,1.709330347804826,0.27324917721316305
HI_4861,4862.683,0.0,0.0,0.0,10000000000.0,0.2702505720627122,2.359672064830842e-05,1.709330347804826,0.27324917721316305
HI_4341,4341.684,3.274849613187939,3.274849613187939,33.0419007745491,31.724995570992508,0.2702505720627122,2.359672064830842e-05,1.709330347804826,0.27324917721316305
HI_4102,4102.892,0.0,0.0,0.0,10000000000.0,0.2702505720627122,2.359672064830842e-05,1.709330347804826,0.27324917721316305
OIII_4363,4364.436,0.0,0.0,0.0,10000000000.0,0.2702505720627122,2.359672064830842e-05,1.709330347804826,0.27324917721316305
OIII_5007,5008.24,6.6627535089397725,6.6627535089397725,67.22447328302177,35.6860254999697,0.2702505720627122,2.359672064830842e-05,1.709330347804826,0.27324917721316305
OIII_4959,4960.295,23.931905391757027,23.931905391757027,241.46319272675316,53.568613041590545,0.2702505720627122,2.359672064830842e-05,1.709330347804826,0.27324917721316305
OII_3726,3727.092,17.418349912492545,17.418349912492545,175.74406688699617,47.7762580955437,0.2702505720627122,2.359672064830842e-05,1.709330347804826,0.27324917721316305
OII_3729,3729.875,4.342258186163804,4.342258186163804,43.811619179980966,34.13445197409501,0.2702505720627122,2.359672064830842e-05,1.709330347804826,0.27324917721316305
OI_6300,6302.046,0.0,0.0,0.0,10000000000.0,0.2702505720627122,2.359672064830842e-05,1.709330347804826,0.27324917721316305
SII_6717,6718.29,0.0,0.0,0.0,10000000000.0,0.2702505720627122,2.359672064830842e-05,1.709330347804826,0.27324917721316305
SII_6731,6732.67,0.0,0.0,0.0,10000000000.0,0.2702505720627122,2.359672064830842e-05,1.709330347804826,0.27324917721316305
NII_6548,6549.85,0.0,0.0,0.0,10000000000.0,0.2702505720627122,2.359672064830842e-05,1.709330347804826,0.27324917721316305
NII_6584,6585.28,0.0,0.0,0.0,10000000000.0,0.2702505720627122,2.359672064830842e-05,1.709330347804826,0.27324917721316305
NII_5755,5756.24,4.435923354431452,4.435923354431452,44.756662635859946,33.825100416502124,0.2702505720627122,2.359672064830842e-05,1.709330347804826,0.27324917721316305
HeI_5876,5877.594,0.0,0.0,0.0,10000000000.0,0.2702505720627122,2.359672064830842e-05,1.709330347804826,0.27324917721316305
HeII_4686,4687.02,0.0,0.0,0.0,10000000000.0,0.2702505720627122,2.359672064830842e-05,1.709330347804826,0.27324917721316305
NeIII_3869,3870.16,0.0,10000000000.0,0.0,10000000000.0,0.2702505720627122,2.359672064830842e-05,1.709330347804826,0.27324917721316305
