line,wl,amp,amp_err,flux,flux_err,z,zerr,FWHM,FWHMerr
HI_6563,6564.61,2.6225625539698285,2.6225625539698285,51.63829942257525,41.23849602868405,0.27081049549977376,5.1276255732002396e-05,3.335787810403083,0.5666640929128772
HI_4861,4862.683,0.0,0.0,0.0,10000000000.0,0.27081049549977376,5.1276255732002396e-05,3.335787810403083,0.5666640929128772
HI_4341,4341.684,2.372920654383279,2.372920654383279,46.7228463517773,41.0264942575091,0.27081049549977376,5.1276255732002396e-05,3.335787810403083,0.5666640929128772
HI_4102,4102.892,2.2961592127699078,2.2961592127699078,45.21141231557494,40.965563224020265,0.27081049549977376,5.1276255732002396e-05,3.335787810403083,0.5666640929128772
OIII_4363,4364.436,1.4016655834029734,1.4016655834029734,27.598818177480183,40.397023388699644,0.27081049549977376,5.1276255732002396e-05,3.335787810403083,0.5666640929128772
OIII_5007,5008.24,7.055309295876441,7.055309295876441,138.9191550027514,47.96574576246785,0.27081049549977376,5.1276255732002396e-05,3.335787810403083,0.5666640929128772
OIII_4959,4960.295,0.0,0.0,0.0,10000000000.0,0.27081049549977376,5.1276255732002396e-05,3.335787810403083,0.5666640929128772
OII_3726,3727.092,12.973383962433786,12.973383962433786,255.4461416228621,61.84896692818279,0.27081049549977376,5.1276255732002396e-05,3.335787810403083,0.5666640929128772
OII_3729,3729.875,0.0,0.0,0.0,10000000000.0,0.27081049549977376,5.1276255732002396e-05,3.335787810403083,0.5666640929128772
OI_6300,6302.046,1.9740075484070303,1.9740075484070303,38.86824079477749,40.72987058329796,0.27081049549977376,5.1276255732002396e-05,3.335787810403083,0.5666640929128772
SII_6717,6718.29,1.2524613559937734,1.2524613559937734,24.660984508495787,40.32824341181329,0.27081049549977376,5.1276255732002396e-05,3.335787810403083,0.5666640929128772
SII_6731,6732.67,0.3626570833517917,0.3626570833517917,7.14072388072887,40.078178533201516,0.27081049549977376,5.1276255732002396e-05,3.335787810403083,0.5666640929128772
NII_6548,6549.85,0.36455559475223254,0.36455559475223254,7.1781056011399755,40.07839687523834,0.27081049549977376,5.1276255732002396e-05,3.335787810403083,0.5666640929128772
NII_6584,6585.28,0.0,0.0,0.0,10000000000.0,0.27081049549977376,5.1276255732002396e-05,3.335787810403083,0.5666640929128772
NII_5755,5756.24,4.4871203414566025,4.4871203414566025,88.3514726413385,43.428950324341066,0.27081049549977376,5.1276255732002396e-05,3.335787810403083,0.5666640929128772
HeI_5876,5877.594,0.0,0.0,0.0,10000000000.0,0.27081049549977376,5.1276255732002396e-05,3.335787810403083,0.5666640929128772
HeII_4686,4687.02,0.0,0.0,0.0,10000000000.0,0.27081049549977376,5.1276255732002396e-05,3.335787810403083,0.5666640929128772
NeIII_3869,3870.16,4.665124655319914,2.072553223948386,91.85638048190455,43.69013555813659,0.27081049549977376,5.1276255732002396e-05,3.335787810403083,0.5666640929128772
