line,wl,amp,amp_err,flux,flux_err,z,zerr,FWHM,FWHMerr
HI_6563,6564.61,88.03465230435177,88.03465230435177,3186.3698336269013,96.112122953665,0.26947054498803147,9.34468776571146e-06,6.131897269486711,0.11666116197185558
HI_4861,4862.683,29.974405313219222,29.974405313219222,1084.9084805918676,71.94722560957966,0.26947054498803147,9.34468776571146e-06,6.131897269486711,0.11666116197185558
HI_4341,4341.684,14.224761233360937,14.224761233360937,514.8580575729285,69.02022479127211,0.26947054498803147,9.34468776571146e-06,6.131897269486711,0.11666116197185558
HI_4102,4102.892,8.049640386257238,8.049640386257238,291.3526733727664,68.42706828326973,0.26947054498803147,9.34468776571146e-06,6.131897269486711,0.11666116197185558
OIII_4363,4364.436,0.33866379585663253,0.33866379585663253,12.257765261893468,68.14634505880221,0.26947054498803147,9.34468776571146e-06,6.131897269486711,0.11666116197185558
OIII_5007,5008.24,76.24040981050825,76.24040981050825,2759.483175826064,89.93961187787305,0.26947054498803147,9.34468776571146e-06,6.131897269486711,0.11666116197185558
OIII_4959,4960.295,27.304328901124336,27.304328901124336,988.2664116987604,71.31442047824473,0.26947054498803147,9.34468776571146e-06,6.131897269486711,0.11666116197185558
OII_3726,3727.092,49.7587810154464,49.7587810154464,1800.9939794790084,102.44851076193561,0.26947054498803147,9.34468776571146e-06,6.131897269486711,0.11666116197185558
OII_3729,3729.875,56.97267840225322,56.97267840225322,2062.097356553003,103.4401046478627,0.26947054498803147,9.34468776571146e-06,6.131897269486711,0.11666116197185558
OI_6300,6302.046,3.8389569179457794,3.8389569179457794,138.94910919448319,68.20992131184606,0.26947054498803147,9.34468776571146e-06,6.131897269486711,0.11666116197185558
SII_6717,6718.29,12.351302243727787,12.351302243727787,447.049154455251,68.80614683087236,0.26947054498803147,9.34468776571146e-06,6.131897269486711,0.11666116197185558
SII_6731,6732.67,15.626068308783374,15.626068308783374,565.5776603190992,69.1996463301585,0.26947054498803147,9.34468776571146e-06,6.131897269486711,0.11666116197185558
NII_6548,6549.85,0.0,0.0,0.0,10000000000.0,0.26947054498803147,9.34468776571146e-06,6.131897269486711,0.11666116197185558
NII_6584,6585.28,8.005339008501323,8.005339008501323,289.74920735143724,68.42398512111977,0.26947054498803147,9.34468776571146e-06,6.131897269486711,0.11666116197185558
NII_5755,5756.24,1.1814283850171705,1.1814283850171705,42.76120445838546,68.15191339582022,0.26947054498803147,9.34468776571146e-06,6.131897269486711,0.11666116197185558
HeI_5876,5877.594,2.0012485785534864,2.0012485785534864,72.43418282889417,68.16326468528577,0.26947054498803147,9.34468776571146e-06,6.131897269486711,0.11666116197185558
HeII_4686,4687.02,0.0,0.0,0.0,10000000000.0,0.26947054498803147,9.34468776571146e-06,6.131897269486711,0.11666116197185558
NeIII_3869,3870.16,2.6609943579773017,1.8829381170785289,96.31334852550016,68.176624467667,0.26947054498803147,9.34468776571146e-06,6.131897269486711,0.11666116197185558
