line,wl,amp,amp_err,flux,flux_err,z,zerr,FWHM,FWHMerr
HI_6563,6564.61,0.0,0.0,0.0,10000000000.0,0.2700049647590506,3.3013316419954763e-06,0.39335303240330355,0.8703222448416941
HI_4861,4862.683,20.74799888735106,20.74799888735106,48.17329768225882,812.9769517799166,0.2700049647590506,3.3013316419954763e-06,0.39335303240330355,0.8703222448416941
HI_4341,4341.684,0.0,0.0,0.0,10000000000.0,0.2700049647590506,3.3013316419954763e-06,0.39335303240330355,0.8703222448416941
HI_4102,4102.892,0.0,0.0,0.0,10000000000.0,0.2700049647590506,3.3013316419954763e-06,0.39335303240330355,0.8703222448416941
OIII_4363,4364.436,153.4476651342834,153.4476651342834,356.27918100901564,7926.09353075716,0.2700049647590506,3.3013316419954763e-06,0.39335303240330355,0.8703222448416941
OIII_5007,5008.24,0.0,0.0,0.0,10000000000.0,0.2700049647590506,3.3013316419954763e-06,0.39335303240330355,0.8703222448416941
OIII_4959,4960.295,40.684347122177996,40.684347122177996,94.46208164778128,447.52127071789323,0.2700049647590506,3.3013316419954763e-06,0.39335303240330355,0.8703222448416941
OII_3726,3727.092,6.669932756718254,6.669932756718254,15.486440786630498,46.190187404370484,0.2700049647590506,3.3013316419954763e-06,0.39335303240330355,0.8703222448416941
OII_3729,3729.875,0.0,0.0,0.0,10000000000.0,0.2700049647590506,3.3013316419954763e-06,0.39335303240330355,0.8703222448416941
OI_6300,6302.046,0.00473058838349516,0.00473058838349516,0.010983615511435129,7.2261863429859226,0.2700049647590506,3.3013316419954763e-06,0.39335303240330355,0.8703222448416941
SII_6717,6718.29,3.622742288463769,3.622742288463769,8.41138673834554,20.297613954107504,0.2700049647590506,3.3013316419954763e-06,0.39335303240330355,0.8703222448416941
SII_6731,6732.67,312.31558133759677,312.31558133759677,725.1432560928109,17843.853929374425,0.2700049647590506,3.3013316419954763e-06,0.39335303240330355,0.8703222448416941
NII_6548,6549.85,0.0,0.0,0.0,10000000000.0,0.2700049647590506,3.3013316419954763e-06,0.39335303240330355,0.8703222448416941
NII_6584,6585.28,0.0,0.0,0.0,10000000000.0,0.2700049647590506,3.3013316419954763e-06,0.39335303240330355,0.8703222448416941
NII_5755,5756.24,5673.348264846596,5673.348264846596,13172.542388374637,409050.7368028814,0.2700049647590506,3.3013316419954763e-06,0.39335303240330355,0.8703222448416941
HeI_5876,5877.594,10.592963407175034,10.592963407175034,24.595045638942025,140.04498919017468,0.2700049647590506,3.3013316419954763e-06,0.39335303240330355,0.8703222448416941
HeII_4686,4687.02,0.0,0.0,0.0,10000000000.0,0.2700049647590506,3.3013316419954763e-06,0.39335303240330355,0.8703222448416941
NeIII_3869,3870.16,0.0,10000000000.0,0.0,10000000000.0,0.2700049647590506,3.3013316419954763e-06,0.39335303240330355,0.8703222448416941
