line,wl,amp,amp_err,flux,flux_err,z,zerr,FWHM,FWHMerr
HI_6563,6564.61,10.99861010575421,10.99861010575421,244.1507007719873,52.01642750837692,0.26980251523309173,3.159770579750337e-05,3.760733078968985,0.38580720653698536
HI_4861,4862.683,8.418827357818827,8.418827357818827,186.88384980702935,48.796171071378325,0.26980251523309173,3.159770579750337e-05,3.760733078968985,0.38580720653698536
HI_4341,4341.684,1.0303584621979098,1.0303584621979098,22.872230052082237,43.915195402803576,0.26980251523309173,3.159770579750337e-05,3.760733078968985,0.38580720653698536
HI_4102,4102.892,4.115910207351703,4.115910207351703,91.36630463095996,45.07151018915355,0.26980251523309173,3.159770579750337e-05,3.760733078968985,0.38580720653698536
OIII_4363,4364.436,0.9773168386759608,0.9773168386759608,21.694794955424655,43.907321672853904,0.26980251523309173,3.159770579750337e-05,3.760733078968985,0.38580720653698536
OIII_5007,5008.24,18.964318808130997,18.964318808130997,420.97607626314317,65.21199093282218,0.26980251523309173,3.159770579750337e-05,3.760733078968985,0.38580720653698536
OIII_4959,4960.295,2.448191038579239,2.448191038579239,54.34573568346638,44.27769233048147,0.26980251523309173,3.159770579750337e-05,3.760733078968985,0.38580720653698536
OII_3726,3727.092,9.595238500235041,9.595238500235041,212.99820444413257,53.93799661556242,0.26980251523309173,3.159770579750337e-05,3.760733078968985,0.38580720653698536
OII_3729,3729.875,9.261721967017479,9.261721967017479,205.5946966807734,53.66205395451268,0.26980251523309173,3.159770579750337e-05,3.760733078968985,0.38580720653698536
OI_6300,6302.046,0.0,0.0,0.0,10000000000.0,0.26980251523309173,3.159770579750337e-05,3.760733078968985,0.38580720653698536
SII_6717,6718.29,0.5942673650401957,0.5942673650401957,13.191738976598337,43.8628622777697,0.26980251523309173,3.159770579750337e-05,3.760733078968985,0.38580720653698536
SII_6731,6732.67,6.785595751670371,6.785595751670371,150.6288469175747,47.117232155564174,0.26980251523309173,3.159770579750337e-05,3.760733078968985,0.38580720653698536
NII_6548,6549.85,0.2398719931661617,0.2398719931661617,5.324756006802347,43.841017764822986,0.26980251523309173,3.159770579750337e-05,3.760733078968985,0.38580720653698536
NII_6584,6585.28,0.0,0.0,0.0,10000000000.0,0.26980251523309173,3.159770579750337e-05,3.760733078968985,0.38580720653698536
NII_5755,5756.24,1.0387781050825424,1.0387781050825424,23.059132005216977,43.916485219483434,0.26980251523309173,3.159770579750337e-05,3.760733078968985,0.38580720653698536
HeI_5876,5877.594,1.8033506240340103,1.8033506240340103,40.03135981383278,44.07654366684933,0.26980251523309173,3.159770579750337e-05,3.760733078968985,0.38580720653698536
HeII_4686,4687.02,0.0,0.0,0.0,10000000000.0,0.26980251523309173,3.159770579750337e-05,3.760733078968985,0.38580720653698536
NeIII_3869,3870.16,0.0,10000000000.0,0.0,10000000000.0,0.26980251523309173,3.159770579750337e-05,3.760733078968985,0.38580720653698536
