line,wl,amp,amp_err,flux,flux_err,z,zerr,FWHM,FWHMerr
HI_6563,6564.61,47.34332437900821,47.34332437900821,1168.9516284611664,62.51768470343693,0.2692675586744692,1.0523695295666664e-05,4.183021838459574,0.12783757948170948
HI_4861,4862.683,24.28516836269273,24.28516836269273,599.6238641325839,52.27821415551049,0.2692675586744692,1.0523695295666664e-05,4.183021838459574,0.12783757948170948
HI_4341,4341.684,8.314610237919851,8.314610237919851,205.2956209797937,48.60535361229696,0.2692675586744692,1.0523695295666664e-05,4.183021838459574,0.12783757948170948
HI_4102,4102.892,3.201657905888169,3.201657905888169,79.05197347153309,48.172333160467474,0.2692675586744692,1.0523695295666664e-05,4.183021838459574,0.12783757948170948
OIII_4363,4364.436,1.99121439358521,1.99121439358521,49.16497391190396,48.12590334475889,0.2692675586744692,1.0523695295666664e-05,4.183021838459574,0.12783757948170948
OIII_5007,5008.24,56.65399952726398,56.65399952726398,1398.841037778867,67.80517708486123,0.2692675586744692,1.0523695295666664e-05,4.183021838459574,0.12783757948170948
OIII_4959,4960.295,12.739514790143403,12.739514790143403,314.55071554599635,49.28272012537882,0.2692675586744692,1.0523695295666664e-05,4.183021838459574,0.12783757948170948
OII_3726,3727.092,34.770294196456916,34.770294196456916,858.5115759434049,65.19191142016643,0.2692675586744692,1.0523695295666664e-05,4.183021838459574,0.12783757948170948
OII_3729,3729.875,50.16137392977453,50.16137392977453,1238.5319474324544,69.52484113845057,0.2692675586744692,1.0523695295666664e-05,4.183021838459574,0.12783757948170948
OI_6300,6302.046,0.09270976605887427,0.09270976605887427,2.2890921461532807,48.09660342275103,0.2692675586744692,1.0523695295666664e-05,4.183021838459574,0.12783757948170948
SII_6717,6718.29,9.542166183384325,9.542166183384325,235.60514276137215,48.76557306108727,0.2692675586744692,1.0523695295666664e-05,4.183021838459574,0.12783757948170948
SII_6731,6732.67,4.836011334224963,4.836011334224963,119.40571133415102,48.26927388077135,0.2692675586744692,1.0523695295666664e-05,4.183021838459574,0.12783757948170948
NII_6548,6549.85,2.3083358456659653,2.3083358456659653,56.99500365088305,48.135951747205205,0.2692675586744692,1.0523695295666664e-05,4.183021838459574,0.12783757948170948
NII_6584,6585.28,6.312733011552382,6.312733011552382,155.86737160279887,48.39049401613072,0.2692675586744692,1.0523695295666664e-05,4.183021838459574,0.12783757948170948
NII_5755,5756.24,0.22165851209376797,0.22165851209376797,5.4729591145732135,48.096900252918815,0.2692675586744692,1.0523695295666664e-05,4.183021838459574,0.12783757948170948
HeI_5876,5877.594,4.9586157690862365,4.9586157690862365,122.43293123616519,48.27814056419374,0.2692675586744692,1.0523695295666664e-05,4.183021838459574,0.12783757948170948
HeII_4686,4687.02,0.0,0.0,0.0,10000000000.0,0.2692675586744692,1.0523695295666664e-05,4.183021838459574,0.12783757948170948
NeIII_3869,3870.16,2.1113287372561444,1.948210904485121,52.130711098241875,48.12955247375889,0.2692675586744692,1.0523695295666664e-05,4.183021838459574,0.12783757948170948
