line,wl,amp,amp_err,flux,flux_err,z,zerr,FWHM,FWHMerr
HI_6563,6564.61,86.15063357641975,86.15063357641975,2630.4095958143034,89.21399828900263,0.2697023906639647,8.68230768522117e-06,5.172699461758325,0.11370507975871527
HI_4861,4862.683,23.214087996262265,23.214087996262265,708.7882849901558,63.90292871542945,0.2697023906639647,8.68230768522117e-06,5.172699461758325,0.11370507975871527
HI_4341,4341.684,11.063915467667698,11.063915467667698,337.81097370126685,62.04095510784569,0.2697023906639647,8.68230768522117e-06,5.172699461758325,0.11370507975871527
HI_4102,4102.892,3.8698833254107967,3.8698833254107967,118.1579033288563,61.55151113900396,0.2697023906639647,8.68230768522117e-06,5.172699461758325,0.11370507975871527
OIII_4363,4364.436,0.6874477181329439,0.6874477181329439,20.9896201493808,61.485128381320905,0.2697023906639647,8.68230768522117e-06,5.172699461758325,0.11370507975871527
OIII_5007,5008.24,75.39989719549317,75.39989719549317,2302.16081847508,83.55365993257386,0.2697023906639647,8.68230768522117e-06,5.172699461758325,0.11370507975871527
OIII_4959,4960.295,31.386589082873343,31.386589082873343,958.3166330429384,65.8394401368167,0.2697023906639647,8.68230768522117e-06,5.172699461758325,0.11370507975871527
OII_3726,3727.092,49.29121916025247,49.29121916025247,1504.9929464941515,83.35009821737306,0.2697023906639647,8.68230768522117e-06,5.172699461758325,0.11370507975871527
OII_3729,3729.875,36.26601504822611,36.26601504822611,1107.2985772087259,81.24949548531717,0.2697023906639647,8.68230768522117e-06,5.172699461758325,0.11370507975871527
OI_6300,6302.046,0.6281667952215457,0.6281667952215457,19.179614790145113,61.484775853102654,0.2697023906639647,8.68230768522117e-06,5.172699461758325,0.11370507975871527
SII_6717,6718.29,11.44670798001141,11.44670798001141,349.49865440510746,62.08004027360017,0.2697023906639647,8.68230768522117e-06,5.172699461758325,0.11370507975871527
SII_6731,6732.67,8.802090096466486,8.802090096466486,268.75138686507256,61.836716427422544,0.2697023906639647,8.68230768522117e-06,5.172699461758325,0.11370507975871527
NII_6548,6549.85,0.0,0.0,0.0,10000000000.0,0.2697023906639647,8.68230768522117e-06,5.172699461758325,0.11370507975871527
NII_6584,6585.28,3.4368694439519913,3.4368694439519913,104.93682970901243,61.53702832204268,0.2697023906639647,8.68230768522117e-06,5.172699461758325,0.11370507975871527
NII_5755,5756.24,0.0,0.0,0.0,10000000000.0,0.2697023906639647,8.68230768522117e-06,5.172699461758325,0.11370507975871527
HeI_5876,5877.594,2.39984695684052,2.39984695684052,73.27375553378253,61.50932715213879,0.2697023906639647,8.68230768522117e-06,5.172699461758325,0.11370507975871527
HeII_4686,4687.02,0.0,0.0,0.0,10000000000.0,0.2697023906639647,8.68230768522117e-06,5.172699461758325,0.11370507975871527
NeIII_3869,3870.16,5.859629652583408,2.014706662863127,178.91018819265162,61.6399780220819,0.2697023906639647,8.68230768522117e-06,5.172699461758325,0.11370507975871527
