line,wl,amp,amp_err,flux,flux_err,z,zerr,FWHM,FWHMerr
HI_6563,6564.61,2931.9159640455214,2931.9159640455214,81717.04682927753,299.8189668617189,0.26924143429461384,8.50725326120499e-07,4.721864136984398,0.011796826322073718
HI_4861,4862.683,755.2810692560997,755.2810692560997,21050.855230006604,203.097814554842,0.26924143429461384,8.50725326120499e-07,4.721864136984398,0.011796826322073718
HI_4341,4341.684,307.75539909515214,307.75539909515214,8577.620459871776,195.8707273647871,0.26924143429461384,8.50725326120499e-07,4.721864136984398,0.011796826322073718
HI_4102,4102.892,132.36975425433866,132.36975425433866,3689.350424715586,194.6727846340295,0.26924143429461384,8.50725326120499e-07,4.721864136984398,0.011796826322073718
OIII_4363,4364.436,13.397247155336231,13.397247155336231,373.40206424791586,194.40262924822684,0.26924143429461384,8.50725326120499e-07,4.721864136984398,0.011796826322073718
OIII_5007,5008.24,2202.796616327269,2202.796616327269,61395.359368831734,259.23074784564125,0.26924143429461384,8.50725326120499e-07,4.721864136984398,0.011796826322073718
OIII_4959,4960.295,732.5109595165366,732.5109595165366,20416.216943400246,202.59169685088546,0.26924143429461384,8.50725326120499e-07,4.721864136984398,0.011796826322073718
OII_3726,3727.092,670.3538280156606,670.3538280156606,18683.801250754637,228.9714442536956,0.26924143429461384,8.50725326120499e-07,4.721864136984398,0.011796826322073718
OII_3729,3729.875,840.1150010146168,840.1150010146168,23415.30852922635,231.08766917138013,0.26924143429461384,8.50725326120499e-07,4.721864136984398,0.011796826322073718
OI_6300,6302.046,61.675444787676724,61.675444787676724,1718.9903366046303,194.4591223407867,0.26924143429461384,8.50725326120499e-07,4.721864136984398,0.011796826322073718
SII_6717,6718.29,294.90447271687685,294.90447271687685,8219.445203305379,195.75086704602458,0.26924143429461384,8.50725326120499e-07,4.721864136984398,0.011796826322073718
SII_6731,6732.67,238.38275401816213,238.38275401816213,6644.09720888298,195.2836749630096,0.26924143429461384,8.50725326120499e-07,4.721864136984398,0.011796826322073718
NII_6548,6549.85,156.80420098792843,156.80420098792843,4370.3763655891225,194.7827433152953,0.26924143429461384,8.50725326120499e-07,4.721864136984398,0.011796826322073718
NII_6584,6585.28,481.74747603276865,481.74747603276865,13427.049595424485,197.9846189514253,0.26924143429461384,8.50725326120499e-07,4.721864136984398,0.011796826322073718
NII_5755,5756.24,2.2002206991371622,2.2002206991371622,61.32356456016954,194.39991198438682,0.26924143429461384,8.50725326120499e-07,4.721864136984398,0.011796826322073718
HeI_5876,5877.594,98.28745531189179,98.28745531189179,2739.4238739946645,194.55037008660796,0.26924143429461384,8.50725326120499e-07,4.721864136984398,0.011796826322073718
HeII_4686,4687.02,2.1600499167107046e-12,2.1600499167107046e-12,6.020394252837635e-11,194.39983668206187,0.26924143429461384,8.50725326120499e-07,4.721864136984398,0.011796826322073718
NeIII_3869,3870.16,154.61168796200468,6.977521509419865,4309.267625839981,194.7721234207894,0.26924143429461384,8.50725326120499e-07,4.721864136984398,0.011796826322073718
