line,wl,amp,amp_err,flux,flux_err,z,zerr,FWHM,FWHMerr
HI_6563,6564.61,10.896267779207506,10.896267779207506,377.7362189496087,79.3788209925695,0.26940890151676167,3.504787181446714e-05,5.87304330317505,0.7000558870739076
HI_4861,4862.683,5.746349285042925,5.746349285042925,199.20621406146938,66.87323253363735,0.26940890151676167,3.504787181446714e-05,5.87304330317505,0.7000558870739076
HI_4341,4341.684,1.7897599316183914,1.7897599316183914,62.0448361857542,61.9340441916275,0.26940890151676167,3.504787181446714e-05,5.87304330317505,0.7000558870739076
HI_4102,4102.892,0.0,0.0,0.0,10000000000.0,0.26940890151676167,3.504787181446714e-05,5.87304330317505,0.7000558870739076
OIII_4363,4364.436,0.0,0.0,0.0,10000000000.0,0.26940890151676167,3.504787181446714e-05,5.87304330317505,0.7000558870739076
OIII_5007,5008.24,11.082177710846963,11.082177710846963,384.1810784249489,79.92546910124074,0.26940890151676167,3.504787181446714e-05,5.87304330317505,0.7000558870739076
OIII_4959,4960.295,2.2911210443381833,2.2911210443381833,79.42530580017815,62.28565259547474,0.26940890151676167,3.504787181446714e-05,5.87304330317505,0.7000558870739076
OII_3726,3727.092,13.321309005199396,13.321309005199396,461.80407796928887,96.4810797056292,0.26940890151676167,3.504787181446714e-05,5.87304330317505,0.7000558870739076
OII_3729,3729.875,0.0,0.0,0.0,10000000000.0,0.26940890151676167,3.504787181446714e-05,5.87304330317505,0.7000558870739076
OI_6300,6302.046,0.0,0.0,0.0,10000000000.0,0.26940890151676167,3.504787181446714e-05,5.87304330317505,0.7000558870739076
SII_6717,6718.29,2.844900789907342,2.844900789907342,98.62294956783018,62.770547392400545,0.26940890151676167,3.504787181446714e-05,5.87304330317505,0.7000558870739076
SII_6731,6732.67,0.0,0.0,0.0,10000000000.0,0.26940890151676167,3.504787181446714e-05,5.87304330317505,0.7000558870739076
NII_6548,6549.85,0.0,0.0,0.0,10000000000.0,0.26940890151676167,3.504787181446714e-05,5.87304330317505,0.7000558870739076
NII_6584,6585.28,2.010449304377971,2.010449304377971,69.69537955691092,62.078127807818156,0.26940890151676167,3.504787181446714e-05,5.87304330317505,0.7000558870739076
NII_5755,5756.24,0.6241968102737019,0.6241968102737019,21.638761800909325,61.447386102560316,0.26940890151676167,3.504787181446714e-05,5.87304330317505,0.7000558870739076
HeI_5876,5877.594,2.635174361181498,2.635174361181498,91.35245385260218,62.574927007986325,0.26940890151676167,3.504787181446714e-05,5.87304330317505,0.7000558870739076
HeII_4686,4687.02,0.0,0.0,0.0,10000000000.0,0.26940890151676167,3.504787181446714e-05,5.87304330317505,0.7000558870739076
NeIII_3869,3870.16,0.0,10000000000.0,0.0,10000000000.0,0.26940890151676167,3.504787181446714e-05,5.87304330317505,0.7000558870739076
