line,wl,amp,amp_err,flux,flux_err,z,zerr,FWHM,FWHMerr
HI_6563,6564.61,27.245154730660033,27.245154730660033,186.84847254902553,169.5876597327191,0.27129085364279415,1.633195879241364e-05,1.1618568291793778,0.5515566573026033
HI_4861,4862.683,0.0,0.0,0.0,10000000000.0,0.27129085364279415,1.633195879241364e-05,1.1618568291793778,0.5515566573026033
HI_4341,4341.684,4.240070482984379,4.240070482984379,29.07859034304876,30.73870318483228,0.27129085364279415,1.633195879241364e-05,1.1618568291793778,0.5515566573026033
HI_4102,4102.892,1.3633616630668257,1.3633616630668257,9.34999440429914,23.558011336528647,0.27129085364279415,1.633195879241364e-05,1.1618568291793778,0.5515566573026033
OIII_4363,4364.436,4.397606049662954,4.397606049662954,30.158976206040844,27.285538398829562,0.27129085364279415,1.633195879241364e-05,1.1618568291793778,0.5515566573026033
OIII_5007,5008.24,0.0,0.0,0.0,10000000000.0,0.27129085364279415,1.633195879241364e-05,1.1618568291793778,0.5515566573026033
OIII_4959,4960.295,0.0,0.0,0.0,10000000000.0,0.27129085364279415,1.633195879241364e-05,1.1618568291793778,0.5515566573026033
OII_3726,3727.092,0.0,0.0,0.0,10000000000.0,0.27129085364279415,1.633195879241364e-05,1.1618568291793778,0.5515566573026033
OII_3729,3729.875,0.0,0.0,0.0,10000000000.0,0.27129085364279415,1.633195879241364e-05,1.1618568291793778,0.5515566573026033
OI_6300,6302.046,5.272044880362046,5.272044880362046,36.15591626635237,48.1387894663547,0.27129085364279415,1.633195879241364e-05,1.1618568291793778,0.5515566573026033
SII_6717,6718.29,0.0,0.0,0.0,10000000000.0,0.27129085364279415,1.633195879241364e-05,1.1618568291793778,0.5515566573026033
SII_6731,6732.67,0.0,0.0,0.0,10000000000.0,0.27129085364279415,1.633195879241364e-05,1.1618568291793778,0.5515566573026033
NII_6548,6549.85,0.0,0.0,0.0,10000000000.0,0.27129085364279415,1.633195879241364e-05,1.1618568291793778,0.5515566573026033
NII_6584,6585.28,0.5692621049814761,0.5692621049814761,3.9040246182244767,34.21523333588943,0.27129085364279415,1.633195879241364e-05,1.1618568291793778,0.5515566573026033
NII_5755,5756.24,3.7681057230936403,3.7681057230936403,25.841835207893922,39.53352529681869,0.27129085364279415,1.633195879241364e-05,1.1618568291793778,0.5515566573026033
HeI_5876,5877.594,2.048295951826276,2.048295951826276,14.047303959569781,25.35592129779294,0.27129085364279415,1.633195879241364e-05,1.1618568291793778,0.5515566573026033
HeII_4686,4687.02,0.0,0.0,0.0,10000000000.0,0.27129085364279415,1.633195879241364e-05,1.1618568291793778,0.5515566573026033
NeIII_3869,3870.16,0.0,10000000000.0,0.0,10000000000.0,0.27129085364279415,1.633195879241364e-05,1.1618568291793778,0.5515566573026033
