line,wl,amp,amp_err,flux,flux_err,z,zerr,FWHM,FWHMerr
HI_6563,6564.61,0.0,0.0,0.0,10000000000.0,0.27018593116304385,7.689395483570345e-05,0.3746530089683975,1.709438763114118
HI_4861,4862.683,241.19945370635196,241.19945370635196,533.4002353174169,14709.993129107495,0.27018593116304385,7.689395483570345e-05,0.3746530089683975,1.709438763114118
HI_4341,4341.684,2.553654262100281,2.553654262100281,5.647275577920363,30.06387033331633,0.27018593116304385,7.689395483570345e-05,0.3746530089683975,1.709438763114118
HI_4102,4102.892,0.0,0.0,0.0,10000000000.0,0.27018593116304385,7.689395483570345e-05,0.3746530089683975,1.709438763114118
OIII_4363,4364.436,3.2160050637311315,3.2160050637311315,7.112030443753093,33.254990292035934,0.27018593116304385,7.689395483570345e-05,0.3746530089683975,1.709438763114118
OIII_5007,5008.24,0.0,0.0,0.0,10000000000.0,0.27018593116304385,7.689395483570345e-05,0.3746530089683975,1.709438763114118
OIII_4959,4960.295,18857.43048386388,18857.43048386388,41702.24145623732,2928446.4376371815,0.27018593116304385,7.689395483570345e-05,0.3746530089683975,1.709438763114118
OII_3726,3727.092,1604.2638730874787,1604.2638730874787,3547.747369518842,152778.94648042563,0.27018593116304385,7.689395483570345e-05,0.3746530089683975,1.709438763114118
OII_3729,3729.875,0.0,0.0,0.0,10000000000.0,0.27018593116304385,7.689395483570345e-05,0.3746530089683975,1.709438763114118
OI_6300,6302.046,0.5999062638873056,0.5999062638873056,1.3266619696222568,9.656641263287966,0.27018593116304385,7.689395483570345e-05,0.3746530089683975,1.709438763114118
SII_6717,6718.29,4.572844732064937,4.572844732064937,10.112611859904941,61.85085836477363,0.27018593116304385,7.689395483570345e-05,0.3746530089683975,1.709438763114118
SII_6731,6732.67,0.0,0.0,0.0,10000000000.0,0.27018593116304385,7.689395483570345e-05,0.3746530089683975,1.709438763114118
NII_6548,6549.85,0.0,0.0,0.0,10000000000.0,0.27018593116304385,7.689395483570345e-05,0.3746530089683975,1.709438763114118
NII_6584,6585.28,0.0,0.0,0.0,10000000000.0,0.27018593116304385,7.689395483570345e-05,0.3746530089683975,1.709438763114118
NII_5755,5756.24,0.0,0.0,0.0,10000000000.0,0.27018593116304385,7.689395483570345e-05,0.3746530089683975,1.709438763114118
HeI_5876,5877.594,83.54514679095792,83.54514679095792,184.7558121428346,8041.684215643199,0.27018593116304385,7.689395483570345e-05,0.3746530089683975,1.709438763114118
HeII_4686,4687.02,0.0,0.0,0.0,10000000000.0,0.27018593116304385,7.689395483570345e-05,0.3746530089683975,1.709438763114118
NeIII_3869,3870.16,17.903197833103263,267.94980806914367,39.59200483404769,619.4817356766388,0.27018593116304385,7.689395483570345e-05,0.3746530089683975,1.709438763114118
