line,wl,amp,amp_err,flux,flux_err,z,zerr,FWHM,FWHMerr
HI_6563,6564.61,438.21432426021306,438.21432426021306,12893.452896142204,99.23313089061057,0.2692107088031487,1.8749839807532037e-06,4.984653910566071,0.02457844215716794
HI_4861,4862.683,159.55475047669574,159.55475047669574,4694.533121663592,73.92382009216038,0.2692107088031487,1.8749839807532037e-06,4.984653910566071,0.02457844215716794
HI_4341,4341.684,72.5217178099656,72.5217178099656,2133.785457854796,70.23761895467607,0.2692107088031487,1.8749839807532037e-06,4.984653910566071,0.02457844215716794
HI_4102,4102.892,36.70321461339313,36.70321461339313,1079.90803256759,69.5010287230161,0.2692107088031487,1.8749839807532037e-06,4.984653910566071,0.02457844215716794
OIII_4363,4364.436,8.767644702135158,8.767644702135158,257.9678657650721,69.26017907386635,0.2692107088031487,1.8749839807532037e-06,4.984653910566071,0.02457844215716794
OIII_5007,5008.24,405.95168009075746,405.95168009075746,11944.198479125787,95.55455747371393,0.2692107088031487,1.8749839807532037e-06,4.984653910566071,0.02457844215716794
OIII_4959,4960.295,128.0921855735553,128.0921855735553,3768.819204722859,72.2954128439929,0.2692107088031487,1.8749839807532037e-06,4.984653910566071,0.02457844215716794
OII_3726,3727.092,171.2086820210361,171.2086820210361,5037.4233676077065,88.63864580672974,0.2692107088031487,1.8749839807532037e-06,4.984653910566071,0.02457844215716794
OII_3729,3729.875,244.16007951148822,244.16007951148822,7183.851166011583,91.18133659958518,0.2692107088031487,1.8749839807532037e-06,4.984653910566071,0.02457844215716794
OI_6300,6302.046,15.062005228823637,15.062005228823637,443.16500896480926,69.28866129420986,0.2692107088031487,1.8749839807532037e-06,4.984653910566071,0.02457844215716794
SII_6717,6718.29,54.175932086722014,54.175932086722014,1594.0027283315574,69.80092473484713,0.2692107088031487,1.8749839807532037e-06,4.984653910566071,0.02457844215716794
SII_6731,6732.67,39.6568688508371,39.6568688508371,1166.8125440672209,69.54369828583387,0.2692107088031487,1.8749839807532037e-06,4.984653910566071,0.02457844215716794
NII_6548,6549.85,16.241015766578926,16.241015766578926,477.85469387701767,69.29566685793118,0.2692107088031487,1.8749839807532037e-06,4.984653910566071,0.02457844215716794
NII_6584,6585.28,67.3105762023938,67.3105762023938,1980.4595505700847,70.10100499887994,0.2692107088031487,1.8749839807532037e-06,4.984653910566071,0.02457844215716794
NII_5755,5756.24,0.0,0.0,0.0,10000000000.0,0.2692107088031487,1.8749839807532037e-06,4.984653910566071,0.02457844215716794
HeI_5876,5877.594,19.236594187063588,19.236594187063588,565.992728448166,69.31584329554003,0.2692107088031487,1.8749839807532037e-06,4.984653910566071,0.02457844215716794
HeII_4686,4687.02,0.0,0.0,0.0,10000000000.0,0.2692107088031487,1.8749839807532037e-06,4.984653910566071,0.02457844215716794
NeIII_3869,3870.16,26.28595411538754,2.3543658117302253,773.4039999469637,69.37671257663419,0.2692107088031487,1.8749839807532037e-06,4.984653910566071,0.02457844215716794
