line,wl,amp,amp_err,flux,flux_err,z,zerr,FWHM,FWHMerr
HI_6563,6564.61,3.381826933394791,3.381826933394791,33.91532977075568,32.203444898837525,0.2697573441880595,2.8322129425061615e-05,1.699014195283366,0.2863829005671763
HI_4861,4862.683,0.07071659175448985,0.07071659175448985,0.7091955256296497,30.699741573344216,0.2697573441880595,2.8322129425061615e-05,1.699014195283366,0.2863829005671763
HI_4341,4341.684,0.0,0.0,0.0,10000000000.0,0.2697573441880595,2.8322129425061615e-05,1.699014195283366,0.2863829005671763
HI_4102,4102.892,0.0,0.0,0.0,10000000000.0,0.2697573441880595,2.8322129425061615e-05,1.699014195283366,0.2863829005671763
OIII_4363,4364.436,0.4199732943325216,0.4199732943325216,4.211786425717526,31.32440753790497,0.2697573441880595,2.8322129425061615e-05,1.699014195283366,0.2863829005671763
OIII_5007,5008.24,0.0,0.0,0.0,10000000000.0,0.2697573441880595,2.8322129425061615e-05,1.699014195283366,0.2863829005671763
OIII_4959,4960.295,0.0,0.0,0.0,10000000000.0,0.2697573441880595,2.8322129425061615e-05,1.699014195283366,0.2863829005671763
OII_3726,3727.092,9.069761771010349,9.069761771010349,90.95792524699834,33.62465610352314,0.2697573441880595,2.8322129425061615e-05,1.699014195283366,0.2863829005671763
OII_3729,3729.875,0.0,0.0,0.0,10000000000.0,0.2697573441880595,2.8322129425061615e-05,1.699014195283366,0.2863829005671763
OI_6300,6302.046,0.0,0.0,0.0,10000000000.0,0.2697573441880595,2.8322129425061615e-05,1.699014195283366,0.2863829005671763
SII_6717,6718.29,1.9564481383514476,1.9564481383514476,19.620632604330947,31.352301400314143,0.2697573441880595,2.8322129425061615e-05,1.699014195283366,0.2863829005671763
SII_6731,6732.67,0.0,0.0,0.0,10000000000.0,0.2697573441880595,2.8322129425061615e-05,1.699014195283366,0.2863829005671763
NII_6548,6549.85,3.637990353519399,3.637990353519399,36.484316013942745,32.328599922881324,0.2697573441880595,2.8322129425061615e-05,1.699014195283366,0.2863829005671763
NII_6584,6585.28,0.9937221782186043,0.9937221782186043,9.965742197506838,31.458689362988558,0.2697573441880595,2.8322129425061615e-05,1.699014195283366,0.2863829005671763
NII_5755,5756.24,0.0,0.0,0.0,10000000000.0,0.2697573441880595,2.8322129425061615e-05,1.699014195283366,0.2863829005671763
HeI_5876,5877.594,0.0,0.0,0.0,10000000000.0,0.2697573441880595,2.8322129425061615e-05,1.699014195283366,0.2863829005671763
HeII_4686,4687.02,0.0,0.0,0.0,10000000000.0,0.2697573441880595,2.8322129425061615e-05,1.699014195283366,0.2863829005671763
NeIII_3869,3870.16,0.0,10000000000.0,0.0,10000000000.0,0.2697573441880595,2.8322129425061615e-05,1.699014195283366,0.2863829005671763
