line,wl,amp,amp_err,flux,flux_err,z,zerr,FWHM,FWHMerr
HI_6563,6564.61,2.304662243614189,2.304662243614189,11.936081601677543,21.83340407032368,0.27018566500998054,7.280513705107878e-06,0.8774185948289076,0.2585242972177117
HI_4861,4862.683,12.887177393060597,12.887177393060597,66.7440104965836,43.6719533326114,0.27018566500998054,7.280513705107878e-06,0.8774185948289076,0.2585242972177117
HI_4341,4341.684,0.35168832959686824,0.35168832959686824,1.8214298481511524,15.63836462053953,0.27018566500998054,7.280513705107878e-06,0.8774185948289076,0.2585242972177117
HI_4102,4102.892,0.0,0.0,0.0,10000000000.0,0.27018566500998054,7.280513705107878e-06,0.8774185948289076,0.2585242972177117
OIII_4363,4364.436,4.1021839447122375,4.1021839447122375,21.245630436671284,16.6759096019722,0.27018566500998054,7.280513705107878e-06,0.8774185948289076,0.2585242972177117
OIII_5007,5008.24,0.0,0.0,0.0,10000000000.0,0.27018566500998054,7.280513705107878e-06,0.8774185948289076,0.2585242972177117
OIII_4959,4960.295,58.140864918325406,58.140864918325406,301.11748911586614,264.02832556344015,0.27018566500998054,7.280513705107878e-06,0.8774185948289076,0.2585242972177117
OII_3726,3727.092,22.62330450018635,22.62330450018635,117.16840910725134,88.1654678249881,0.27018566500998054,7.280513705107878e-06,0.8774185948289076,0.2585242972177117
OII_3729,3729.875,0.0,0.0,0.0,10000000000.0,0.27018566500998054,7.280513705107878e-06,0.8774185948289076,0.2585242972177117
OI_6300,6302.046,0.5474636092784522,0.5474636092784522,2.835370055808678,15.457374940984433,0.27018566500998054,7.280513705107878e-06,0.8774185948289076,0.2585242972177117
SII_6717,6718.29,0.0,0.0,0.0,10000000000.0,0.27018566500998054,7.280513705107878e-06,0.8774185948289076,0.2585242972177117
SII_6731,6732.67,1.058037244696493,1.058037244696493,5.479683161948625,43.22212703140603,0.27018566500998054,7.280513705107878e-06,0.8774185948289076,0.2585242972177117
NII_6548,6549.85,0.037053207668350296,0.037053207668350296,0.1919023542641814,21.210331384334015,0.27018566500998054,7.280513705107878e-06,0.8774185948289076,0.2585242972177117
NII_6584,6585.28,0.0,0.0,0.0,10000000000.0,0.27018566500998054,7.280513705107878e-06,0.8774185948289076,0.2585242972177117
NII_5755,5756.24,0.0,0.0,0.0,10000000000.0,0.27018566500998054,7.280513705107878e-06,0.8774185948289076,0.2585242972177117
HeI_5876,5877.594,0.0,0.0,0.0,10000000000.0,0.27018566500998054,7.280513705107878e-06,0.8774185948289076,0.2585242972177117
HeII_4686,4687.02,0.0,0.0,0.0,10000000000.0,0.27018566500998054,7.280513705107878e-06,0.8774185948289076,0.2585242972177117
NeIII_3869,3870.16,8.849747171296372,4.0396001982592376,45.83374621747466,24.901444897061467,0.27018566500998054,7.280513705107878e-06,0.8774185948289076,0.2585242972177117
