line,wl,amp,amp_err,flux,flux_err,z,zerr,FWHM,FWHMerr
HI_6563,6564.61,0.0,0.0,0.0,10000000000.0,0.26962827830881897,3.237658770376166e-05,1.4746578895617979,0.41620696579566113
HI_4861,4862.683,2.403336517887169,2.403336517887169,20.919607039305205,26.7420772606363,0.26962827830881897,3.237658770376166e-05,1.4746578895617979,0.41620696579566113
HI_4341,4341.684,4.220492959364492,4.220492959364492,36.73686708662767,27.05514261129499,0.26962827830881897,3.237658770376166e-05,1.4746578895617979,0.41620696579566113
HI_4102,4102.892,10.108175898626314,10.108175898626314,87.98562586205657,45.34060452294914,0.26962827830881897,3.237658770376166e-05,1.4746578895617979,0.41620696579566113
OIII_4363,4364.436,0.0,0.0,0.0,10000000000.0,0.26962827830881897,3.237658770376166e-05,1.4746578895617979,0.41620696579566113
OIII_5007,5008.24,0.6274302401711793,0.6274302401711793,5.461404997289761,25.00518798872942,0.26962827830881897,3.237658770376166e-05,1.4746578895617979,0.41620696579566113
OIII_4959,4960.295,4.721190388663217,4.721190388663217,41.09513875959668,31.359286820848727,0.26962827830881897,3.237658770376166e-05,1.4746578895617979,0.41620696579566113
OII_3726,3727.092,0.0,0.0,0.0,10000000000.0,0.26962827830881897,3.237658770376166e-05,1.4746578895617979,0.41620696579566113
OII_3729,3729.875,0.8027908405287008,0.8027908405287008,6.987814146550738,29.29400219047407,0.26962827830881897,3.237658770376166e-05,1.4746578895617979,0.41620696579566113
OI_6300,6302.046,3.023041647689638,3.023041647689638,26.313769570945272,26.787262858385013,0.26962827830881897,3.237658770376166e-05,1.4746578895617979,0.41620696579566113
SII_6717,6718.29,2.579408291379764,2.579408291379764,22.45220652537999,25.99153403118832,0.26962827830881897,3.237658770376166e-05,1.4746578895617979,0.41620696579566113
SII_6731,6732.67,0.0,0.0,0.0,10000000000.0,0.26962827830881897,3.237658770376166e-05,1.4746578895617979,0.41620696579566113
NII_6548,6549.85,0.0,0.0,0.0,10000000000.0,0.26962827830881897,3.237658770376166e-05,1.4746578895617979,0.41620696579566113
NII_6584,6585.28,0.0,0.0,0.0,10000000000.0,0.26962827830881897,3.237658770376166e-05,1.4746578895617979,0.41620696579566113
NII_5755,5756.24,5.66105506142776,5.66105506142776,49.2760986368445,31.1671843400242,0.26962827830881897,3.237658770376166e-05,1.4746578895617979,0.41620696579566113
HeI_5876,5877.594,0.0,0.0,0.0,10000000000.0,0.26962827830881897,3.237658770376166e-05,1.4746578895617979,0.41620696579566113
HeII_4686,4687.02,0.0,0.0,0.0,10000000000.0,0.26962827830881897,3.237658770376166e-05,1.4746578895617979,0.41620696579566113
NeIII_3869,3870.16,2.1593041429640607,2.886299197737463,18.79545116256273,25.677457187290077,0.26962827830881897,3.237658770376166e-05,1.4746578895617979,0.41620696579566113
