line,wl,amp,amp_err,flux,flux_err,z,zerr,FWHM,FWHMerr
HI_6563,6564.61,12.209855181970283,12.209855181970283,236.42931853161204,52.83156636668709,0.269704649945384,3.24833697679506e-05,3.280523546539065,0.37711411163962705
HI_4861,4862.683,7.760652149298835,7.760652149298835,150.27579538609467,47.33896515898861,0.269704649945384,3.24833697679506e-05,3.280523546539065,0.37711411163962705
HI_4341,4341.684,3.104531089481725,3.104531089481725,60.115550832268156,43.905299526119315,0.269704649945384,3.24833697679506e-05,3.280523546539065,0.37711411163962705
HI_4102,4102.892,0.0,0.0,0.0,10000000000.0,0.269704649945384,3.24833697679506e-05,3.280523546539065,0.37711411163962705
OIII_4363,4364.436,0.8949209130744293,0.8949209130744293,17.329078720795454,43.27769534116049,0.269704649945384,3.24833697679506e-05,3.280523546539065,0.37711411163962705
OIII_5007,5008.24,13.645840044820602,13.645840044820602,264.2354568916106,54.96527057912756,0.269704649945384,3.24833697679506e-05,3.280523546539065,0.37711411163962705
OIII_4959,4960.295,8.892315898128118,8.892315898128118,172.18911744889257,48.55536137518486,0.269704649945384,3.24833697679506e-05,3.280523546539065,0.37711411163962705
OII_3726,3727.092,12.764447547673285,12.764447547673285,247.16833984937648,56.66136642795506,0.269704649945384,3.24833697679506e-05,3.280523546539065,0.37711411163962705
OII_3729,3729.875,11.058415618045615,11.058415618045615,214.133061338403,54.82164805126653,0.269704649945384,3.24833697679506e-05,3.280523546539065,0.37711411163962705
OI_6300,6302.046,0.0,0.0,0.0,10000000000.0,0.269704649945384,3.24833697679506e-05,3.280523546539065,0.37711411163962705
SII_6717,6718.29,2.9444665571778614,2.9444665571778614,57.01609160612058,43.837035874079845,0.269704649945384,3.24833697679506e-05,3.280523546539065,0.37711411163962705
SII_6731,6732.67,3.2909568531224522,3.2909568531224522,63.72546393913271,43.98900913999703,0.269704649945384,3.24833697679506e-05,3.280523546539065,0.37711411163962705
NII_6548,6549.85,4.245335527275074,4.245335527275074,82.20587146142702,44.49262942700161,0.269704649945384,3.24833697679506e-05,3.280523546539065,0.37711411163962705
NII_6584,6585.28,2.5298227531446855,2.5298227531446855,48.98700767679755,43.67615551087044,0.269704649945384,3.24833697679506e-05,3.280523546539065,0.37711411163962705
NII_5755,5756.24,0.8850812437315199,0.8850812437315199,17.138545231032552,43.27613309723686,0.269704649945384,3.24833697679506e-05,3.280523546539065,0.37711411163962705
HeI_5876,5877.594,2.051405161981961,2.051405161981961,39.723020236621736,43.52080332662677,0.269704649945384,3.24833697679506e-05,3.280523546539065,0.37711411163962705
HeII_4686,4687.02,0.0,0.0,0.0,10000000000.0,0.269704649945384,3.24833697679506e-05,3.280523546539065,0.37711411163962705
NeIII_3869,3870.16,0.2040737902144656,2.2320437643217845,3.951646144158722,43.22325900103817,0.269704649945384,3.24833697679506e-05,3.280523546539065,0.37711411163962705
