line,wl,amp,amp_err,flux,flux_err,z,zerr,FWHM,FWHMerr
HI_6563,6564.61,0.0,0.0,0.0,10000000000.0,0.2701878013232826,1.4827940819131708e-05,0.9023433384653584,0.42641855299750375
HI_4861,4862.683,0.0,0.0,0.0,10000000000.0,0.2701878013232826,1.4827940819131708e-05,0.9023433384653584,0.42641855299750375
HI_4341,4341.684,4.625302823806464,4.625302823806464,24.635401602193962,22.253666269536218,0.2701878013232826,1.4827940819131708e-05,0.9023433384653584,0.42641855299750375
HI_4102,4102.892,0.0,0.0,0.0,10000000000.0,0.2701878013232826,1.4827940819131708e-05,0.9023433384653584,0.42641855299750375
OIII_4363,4364.436,5.752932282815664,5.752932282815664,30.64140934684898,23.82287318322336,0.2701878013232826,1.4827940819131708e-05,0.9023433384653584,0.42641855299750375
OIII_5007,5008.24,0.0,0.0,0.0,10000000000.0,0.2701878013232826,1.4827940819131708e-05,0.9023433384653584,0.42641855299750375
OIII_4959,4960.295,36.63584561149355,36.63584561149355,195.13074150080422,264.9081309374461,0.2701878013232826,1.4827940819131708e-05,0.9023433384653584,0.42641855299750375
OII_3726,3727.092,0.0,0.0,0.0,10000000000.0,0.2701878013232826,1.4827940819131708e-05,0.9023433384653584,0.42641855299750375
OII_3729,3729.875,9.375717037240179,9.375717037240179,49.93717456338564,37.50448701511777,0.2701878013232826,1.4827940819131708e-05,0.9023433384653584,0.42641855299750375
OI_6300,6302.046,0.0,0.0,0.0,10000000000.0,0.2701878013232826,1.4827940819131708e-05,0.9023433384653584,0.42641855299750375
SII_6717,6718.29,0.5545711517570453,0.5545711517570453,2.9537705012971767,19.1345013782763,0.2701878013232826,1.4827940819131708e-05,0.9023433384653584,0.42641855299750375
SII_6731,6732.67,0.0,0.0,0.0,10000000000.0,0.2701878013232826,1.4827940819131708e-05,0.9023433384653584,0.42641855299750375
NII_6548,6549.85,0.47918140166109424,0.47918140166109424,2.5522277610589628,24.771745778199907,0.2701878013232826,1.4827940819131708e-05,0.9023433384653584,0.42641855299750375
NII_6584,6585.28,0.0,0.0,0.0,10000000000.0,0.2701878013232826,1.4827940819131708e-05,0.9023433384653584,0.42641855299750375
NII_5755,5756.24,6.720465711251563,6.720465711251563,35.79470967788549,42.40189167604082,0.2701878013232826,1.4827940819131708e-05,0.9023433384653584,0.42641855299750375
HeI_5876,5877.594,11.67551890698951,11.67551890698951,62.186435817187174,68.02779493829006,0.2701878013232826,1.4827940819131708e-05,0.9023433384653584,0.42641855299750375
HeII_4686,4687.02,0.0,0.0,0.0,10000000000.0,0.2701878013232826,1.4827940819131708e-05,0.9023433384653584,0.42641855299750375
NeIII_3869,3870.16,0.0,10000000000.0,0.0,10000000000.0,0.2701878013232826,1.4827940819131708e-05,0.9023433384653584,0.42641855299750375
