line,wl,amp,amp_err,flux,flux_err,z,zerr,FWHM,FWHMerr
HI_6563,6564.61,13.125984061656027,13.125984061656027,382.40274394233114,72.39387233363564,0.26928555250100794,4.615418973175843e-05,4.935617201304825,0.5460775897842578
HI_4861,4862.683,7.4983078994876,7.4983078994876,218.45017502838232,61.100000575943675,0.26928555250100794,4.615418973175843e-05,4.935617201304825,0.5460775897842578
HI_4341,4341.684,4.366963075366812,4.366963075366812,127.2238831672346,57.013975672482545,0.26928555250100794,4.615418973175843e-05,4.935617201304825,0.5460775897842578
HI_4102,4102.892,8.14635727557527,8.14635727557527,237.32996784711406,62.167801807633815,0.26928555250100794,4.615418973175843e-05,4.935617201304825,0.5460775897842578
OIII_4363,4364.436,0.0,0.0,0.0,10000000000.0,0.26928555250100794,4.615418973175843e-05,4.935617201304825,0.5460775897842578
OIII_5007,5008.24,9.914368085026808,9.914368085026808,288.83789149521516,65.41912043777059,0.26928555250100794,4.615418973175843e-05,4.935617201304825,0.5460775897842578
OIII_4959,4960.295,5.088506198595724,5.088506198595724,148.24478863987497,57.786695565468364,0.26928555250100794,4.615418973175843e-05,4.935617201304825,0.5460775897842578
OII_3726,3727.092,14.206945597496656,14.206945597496656,413.8946805057085,83.36014924685321,0.26928555250100794,4.615418973175843e-05,4.935617201304825,0.5460775897842578
OII_3729,3729.875,7.811419067987913,7.811419067987913,227.57212500417737,77.60125560981646,0.26928555250100794,4.615418973175843e-05,4.935617201304825,0.5460775897842578
OI_6300,6302.046,1.4695148184775917,1.4695148184775917,42.81176148090266,55.05397878587586,0.26928555250100794,4.615418973175843e-05,4.935617201304825,0.5460775897842578
SII_6717,6718.29,0.34533420325522,0.34533420325522,10.060712117402497,54.812880209273004,0.26928555250100794,4.615418973175843e-05,4.935617201304825,0.5460775897842578
SII_6731,6732.67,0.34462360752240784,0.34462360752240784,10.04001014513248,54.812768817711614,0.26928555250100794,4.615418973175843e-05,4.935617201304825,0.5460775897842578
NII_6548,6549.85,0.0,0.0,0.0,10000000000.0,0.26928555250100794,4.615418973175843e-05,4.935617201304825,0.5460775897842578
NII_6584,6585.28,1.5710137316590362,1.5710137316590362,45.76875599845139,55.09041463251518,0.26928555250100794,4.615418973175843e-05,4.935617201304825,0.5460775897842578
NII_5755,5756.24,0.0,0.0,0.0,10000000000.0,0.26928555250100794,4.615418973175843e-05,4.935617201304825,0.5460775897842578
HeI_5876,5877.594,0.0,0.0,0.0,10000000000.0,0.26928555250100794,4.615418973175843e-05,4.935617201304825,0.5460775897842578
HeII_4686,4687.02,0.0,0.0,0.0,10000000000.0,0.26928555250100794,4.615418973175843e-05,4.935617201304825,0.5460775897842578
NeIII_3869,3870.16,0.7502788379206322,1.8814252311839001,21.85807060217592,54.86538096336516,0.26928555250100794,4.615418973175843e-05,4.935617201304825,0.5460775897842578
