line,wl,amp,amp_err,flux,flux_err,z,zerr,FWHM,FWHMerr
HI_6563,6564.61,6.590743319672583,6.590743319672583,131.5336990533126,46.32920728253383,0.2700745912248578,3.0360596509699434e-05,3.3810763459542725,0.34404692630715844
HI_4861,4862.683,4.957489952194692,4.957489952194692,98.93830783629907,45.26788637728409,0.2700745912248578,3.0360596509699434e-05,3.3810763459542725,0.34404692630715844
HI_4341,4341.684,5.260694778206016,5.260694778206016,104.98946935203335,45.444139081412544,0.2700745912248578,3.0360596509699434e-05,3.3810763459542725,0.34404692630715844
HI_4102,4102.892,0.0,0.0,0.0,10000000000.0,0.2700745912248578,3.0360596509699434e-05,3.3810763459542725,0.34404692630715844
OIII_4363,4364.436,0.6744899648192586,0.6744899648192586,13.461024916901655,43.87316755015636,0.2700745912248578,3.0360596509699434e-05,3.3810763459542725,0.34404692630715844
OIII_5007,5008.24,15.221591356279305,15.221591356279305,303.782459649606,55.828491235740415,0.2700745912248578,3.0360596509699434e-05,3.3810763459542725,0.34404692630715844
OIII_4959,4960.295,20.167081674014526,20.167081674014526,402.4812867124647,63.39493462672964,0.2700745912248578,3.0360596509699434e-05,3.3810763459542725,0.34404692630715844
OII_3726,3727.092,13.462577844335897,13.462577844335897,268.677230589924,54.924893775584025,0.2700745912248578,3.0360596509699434e-05,3.3810763459542725,0.34404692630715844
OII_3729,3729.875,5.429059746991243,5.429059746991243,108.34958611901686,48.904191841760436,0.2700745912248578,3.0360596509699434e-05,3.3810763459542725,0.34404692630715844
OI_6300,6302.046,0.0,0.0,0.0,10000000000.0,0.2700745912248578,3.0360596509699434e-05,3.3810763459542725,0.34404692630715844
SII_6717,6718.29,0.32955336553902725,0.32955336553902725,6.577008252685245,43.852800975445156,0.2700745912248578,3.0360596509699434e-05,3.3810763459542725,0.34404692630715844
SII_6731,6732.67,0.0,0.0,0.0,10000000000.0,0.2700745912248578,3.0360596509699434e-05,3.3810763459542725,0.34404692630715844
NII_6548,6549.85,0.0,0.0,0.0,10000000000.0,0.2700745912248578,3.0360596509699434e-05,3.3810763459542725,0.34404692630715844
NII_6584,6585.28,3.6605050019156806,3.6605050019156806,73.0539394347164,44.62702402906409,0.2700745912248578,3.0360596509699434e-05,3.3810763459542725,0.34404692630715844
NII_5755,5756.24,1.9292696031890273,1.9292696031890273,38.503087598801514,44.06459291025932,0.2700745912248578,3.0360596509699434e-05,3.3810763459542725,0.34404692630715844
HeI_5876,5877.594,0.0,0.0,0.0,10000000000.0,0.2700745912248578,3.0360596509699434e-05,3.3810763459542725,0.34404692630715844
HeII_4686,4687.02,0.0,0.0,0.0,10000000000.0,0.2700745912248578,3.0360596509699434e-05,3.3810763459542725,0.34404692630715844
NeIII_3869,3870.16,0.0,10000000000.0,0.0,10000000000.0,0.2700745912248578,3.0360596509699434e-05,3.3810763459542725,0.34404692630715844
