line,wl,amp,amp_err,flux,flux_err,z,zerr,FWHM,FWHMerr
HI_6563,6564.61,7.743549749504382,7.743549749504382,21.163534522991593,89.87474182954332,0.2701807663669396,7.169937162022773e-06,0.4630207455032709,0.5094069072461571
HI_4861,4862.683,40.58429861315358,40.58429861315358,110.91905296351314,501.3545856806984,0.2701807663669396,7.169937162022773e-06,0.4630207455032709,0.5094069072461571
HI_4341,4341.684,0.0,0.0,0.0,10000000000.0,0.2701807663669396,7.169937162022773e-06,0.4630207455032709,0.5094069072461571
HI_4102,4102.892,3.011602331812128,3.011602331812128,8.230869818187365,45.14738942380272,0.2701807663669396,7.169937162022773e-06,0.4630207455032709,0.5094069072461571
OIII_4363,4364.436,3.821565244082649,3.821565244082649,10.44454166258626,14.558403378528105,0.2701807663669396,7.169937162022773e-06,0.4630207455032709,0.5094069072461571
OIII_5007,5008.24,0.0,0.0,0.0,10000000000.0,0.2701807663669396,7.169937162022773e-06,0.4630207455032709,0.5094069072461571
OIII_4959,4960.295,7608.6579588835375,7608.6579588835375,20794.86806380663,232087.3328518863,0.2701807663669396,7.169937162022773e-06,0.4630207455032709,0.5094069072461571
OII_3726,3727.092,180.67706110763038,180.67706110763038,493.8000457101387,3402.0538701934106,0.2701807663669396,7.169937162022773e-06,0.4630207455032709,0.5094069072461571
OII_3729,3729.875,0.0,0.0,0.0,10000000000.0,0.2701807663669396,7.169937162022773e-06,0.4630207455032709,0.5094069072461571
OI_6300,6302.046,0.0,0.0,0.0,10000000000.0,0.2701807663669396,7.169937162022773e-06,0.4630207455032709,0.5094069072461571
SII_6717,6718.29,1.5023903492191266,1.5023903492191266,4.106112965147985,12.368834047800737,0.2701807663669396,7.169937162022773e-06,0.4630207455032709,0.5094069072461571
SII_6731,6732.67,479.9929225510134,479.9929225510134,1311.8462611866316,14762.075597612062,0.2701807663669396,7.169937162022773e-06,0.4630207455032709,0.5094069072461571
NII_6548,6549.85,0.0,0.0,0.0,10000000000.0,0.2701807663669396,7.169937162022773e-06,0.4630207455032709,0.5094069072461571
NII_6584,6585.28,0.0,0.0,0.0,10000000000.0,0.2701807663669396,7.169937162022773e-06,0.4630207455032709,0.5094069072461571
NII_5755,5756.24,0.0,0.0,0.0,10000000000.0,0.2701807663669396,7.169937162022773e-06,0.4630207455032709,0.5094069072461571
HeI_5876,5877.594,17.42081157339146,17.42081157339146,47.61200729363158,367.79036947795464,0.2701807663669396,7.169937162022773e-06,0.4630207455032709,0.5094069072461571
HeII_4686,4687.02,0.0,0.0,0.0,10000000000.0,0.2701807663669396,7.169937162022773e-06,0.4630207455032709,0.5094069072461571
NeIII_3869,3870.16,8.930299246962363,22.993842550159194,24.40698420331455,68.33980381096237,0.2701807663669396,7.169937162022773e-06,0.4630207455032709,0.5094069072461571
