line,wl,amp,amp_err,flux,flux_err,z,zerr,FWHM,FWHMerr
HI_6563,6564.61,0.0,0.0,0.0,10000000000.0,0.2702549749499492,3.1975015969965474e-05,0.4174714843588845,0.9349175486410487
HI_4861,4862.683,0.0,0.0,0.0,10000000000.0,0.2702549749499492,3.1975015969965474e-05,0.4174714843588845,0.9349175486410487
HI_4341,4341.684,0.0,0.0,0.0,10000000000.0,0.2702549749499492,3.1975015969965474e-05,0.4174714843588845,0.9349175486410487
HI_4102,4102.892,0.0,0.0,0.0,10000000000.0,0.2702549749499492,3.1975015969965474e-05,0.4174714843588845,0.9349175486410487
OIII_4363,4364.436,0.0,0.0,0.0,10000000000.0,0.2702549749499492,3.1975015969965474e-05,0.4174714843588845,0.9349175486410487
OIII_5007,5008.24,2517.5066822026697,2517.5066822026697,6203.6188403492215,173170.49161393064,0.2702549749499492,3.1975015969965474e-05,0.4174714843588845,0.9349175486410487
OIII_4959,4960.295,23.734624186264455,23.734624186264455,58.486661748079925,339.35738531298654,0.2702549749499492,3.1975015969965474e-05,0.4174714843588845,0.9349175486410487
OII_3726,3727.092,144.16435489367655,144.16435489367655,355.24859355793564,6387.386216235284,0.2702549749499492,3.1975015969965474e-05,0.4174714843588845,0.9349175486410487
OII_3729,3729.875,272.49845363794157,272.49845363794157,671.4884027538294,14024.491463078057,0.2702549749499492,3.1975015969965474e-05,0.4174714843588845,0.9349175486410487
OI_6300,6302.046,0.0,0.0,0.0,10000000000.0,0.2702549749499492,3.1975015969965474e-05,0.4174714843588845,0.9349175486410487
SII_6717,6718.29,8.099314334898168,8.099314334898168,19.95826241776778,158.27897400873582,0.2702549749499492,3.1975015969965474e-05,0.4174714843588845,0.9349175486410487
SII_6731,6732.67,0.6702346880520054,0.6702346880520054,1.6515866939495483,11.129913864201008,0.2702549749499492,3.1975015969965474e-05,0.4174714843588845,0.9349175486410487
NII_6548,6549.85,1.9428385886570823,1.9428385886570823,4.787526546624784,15.849152323388033,0.2702549749499492,3.1975015969965474e-05,0.4174714843588845,0.9349175486410487
NII_6584,6585.28,3.4528111393007066,3.4528111393007066,8.50838823481984,23.10605815360898,0.2702549749499492,3.1975015969965474e-05,0.4174714843588845,0.9349175486410487
NII_5755,5756.24,94.4108026983165,94.4108026983165,232.64630775054243,3824.446532505024,0.2702549749499492,3.1975015969965474e-05,0.4174714843588845,0.9349175486410487
HeI_5876,5877.594,0.0,0.0,0.0,10000000000.0,0.2702549749499492,3.1975015969965474e-05,0.4174714843588845,0.9349175486410487
HeII_4686,4687.02,0.0,0.0,0.0,10000000000.0,0.2702549749499492,3.1975015969965474e-05,0.4174714843588845,0.9349175486410487
NeIII_3869,3870.16,6.663901924404172,3.210845150092658,16.421131201249814,37.61626175915458,0.2702549749499492,3.1975015969965474e-05,0.4174714843588845,0.9349175486410487
