line,wl,amp,amp_err,flux,flux_err,z,zerr,FWHM,FWHMerr
HI_6563,6564.61,13.352550249978322,13.352550249978322,461.768926032374,86.82516114617258,0.269202953930398,5.620335542759473e-05,5.8588560167104635,0.7179965135122346
HI_4861,4862.683,1.8203495759153157,1.8203495759153157,62.95283319943077,60.08386143134332,0.269202953930398,5.620335542759473e-05,5.8588560167104635,0.7179965135122346
HI_4341,4341.684,0.904073227312665,0.904073227312665,31.265407387736246,59.61563161775536,0.269202953930398,5.620335542759473e-05,5.8588560167104635,0.7179965135122346
HI_4102,4102.892,0.0,0.0,0.0,10000000000.0,0.269202953930398,5.620335542759473e-05,5.8588560167104635,0.7179965135122346
OIII_4363,4364.436,2.3906874492276984,2.3906874492276984,82.67672880772288,60.530926202507054,0.269202953930398,5.620335542759473e-05,5.8588560167104635,0.7179965135122346
OIII_5007,5008.24,11.621847143239279,11.621847143239279,401.9163211053806,81.04424095187606,0.269202953930398,5.620335542759473e-05,5.8588560167104635,0.7179965135122346
OIII_4959,4960.295,0.6917809172921352,0.6917809172921352,23.923739304272488,59.55180282203906,0.269202953930398,5.620335542759473e-05,5.8588560167104635,0.7179965135122346
OII_3726,3727.092,3.219699190948859,3.219699190948859,111.34629787700457,82.51174429096372,0.269202953930398,5.620335542759473e-05,5.8588560167104635,0.7179965135122346
OII_3729,3729.875,9.463260797733824,9.463260797733824,327.2663044530321,87.65353942069967,0.269202953930398,5.620335542759473e-05,5.8588560167104635,0.7179965135122346
OI_6300,6302.046,0.5493007100366185,0.5493007100366185,18.9963710447629,59.518459794462736,0.269202953930398,5.620335542759473e-05,5.8588560167104635,0.7179965135122346
SII_6717,6718.29,0.05650282185706601,0.05650282185706601,1.9540272740616182,59.46212566988236,0.269202953930398,5.620335542759473e-05,5.8588560167104635,0.7179965135122346
SII_6731,6732.67,0.0,0.0,0.0,10000000000.0,0.269202953930398,5.620335542759473e-05,5.8588560167104635,0.7179965135122346
NII_6548,6549.85,0.7377489484294983,0.7377489484294983,25.513443740708322,59.56420351064756,0.269202953930398,5.620335542759473e-05,5.8588560167104635,0.7179965135122346
NII_6584,6585.28,1.173308687809822,1.173308687809822,40.57633055342931,59.720857771515,0.269202953930398,5.620335542759473e-05,5.8588560167104635,0.7179965135122346
NII_5755,5756.24,0.0,0.0,0.0,10000000000.0,0.269202953930398,5.620335542759473e-05,5.8588560167104635,0.7179965135122346
HeI_5876,5877.594,0.0,0.0,0.0,10000000000.0,0.269202953930398,5.620335542759473e-05,5.8588560167104635,0.7179965135122346
HeII_4686,4687.02,0.0,0.0,0.0,10000000000.0,0.269202953930398,5.620335542759473e-05,5.8588560167104635,0.7179965135122346
NeIII_3869,3870.16,1.3804602336257403,1.7214739361762958,47.74021648132672,59.82021625189006,0.269202953930398,5.620335542759473e-05,5.8588560167104635,0.7179965135122346
