line,wl,amp,amp_err,flux,flux_err,z,zerr,FWHM,FWHMerr
HI_6563,6564.61,120.71718852785807,120.71718852785807,3972.878124748962,91.89313398622328,0.2692609884933866,6.228179931657742e-06,5.575559721190032,0.07546698527015114
HI_4861,4862.683,54.0788938377043,54.0788938377043,1779.7701964277926,74.53320222318467,0.2692609884933866,6.228179931657742e-06,5.575559721190032,0.07546698527015114
HI_4341,4341.684,29.30940679334617,29.30940679334617,964.5908964470455,71.01328195961669,0.2692609884933866,6.228179931657742e-06,5.575559721190032,0.07546698527015114
HI_4102,4102.892,19.37080835064569,19.37080835064569,637.5054099046143,70.1632643522042,0.2692609884933866,6.228179931657742e-06,5.575559721190032,0.07546698527015114
OIII_4363,4364.436,0.6057043160665216,0.6057043160665216,19.93410761725443,69.49751002231486,0.2692609884933866,6.228179931657742e-06,5.575559721190032,0.07546698527015114
OIII_5007,5008.24,125.40601298381921,125.40601298381921,4127.190268189721,93.4375010297603,0.2692609884933866,6.228179931657742e-06,5.575559721190032,0.07546698527015114
OIII_4959,4960.295,42.28905008998913,42.28905008998913,1391.7590698375088,72.61811548731775,0.2692609884933866,6.228179931657742e-06,5.575559721190032,0.07546698527015114
OII_3726,3727.092,87.65495536102458,87.65495536102458,2884.7793667701008,103.37903668311787,0.2692609884933866,6.228179931657742e-06,5.575559721190032,0.07546698527015114
OII_3729,3729.875,102.99151932000404,102.99151932000404,3389.515272273581,104.96786226057692,0.2692609884933866,6.228179931657742e-06,5.575559721190032,0.07546698527015114
OI_6300,6302.046,9.370562075256998,9.370562075256998,308.3910546574698,69.6533756310027,0.2692609884933866,6.228179931657742e-06,5.575559721190032,0.07546698527015114
SII_6717,6718.29,23.01328240509224,23.01328240509224,757.3815076447208,70.43561896964917,0.2692609884933866,6.228179931657742e-06,5.575559721190032,0.07546698527015114
SII_6731,6732.67,23.6178150289511,23.6178150289511,777.2770541390935,70.48524014805874,0.2692609884933866,6.228179931657742e-06,5.575559721190032,0.07546698527015114
NII_6548,6549.85,12.935507091752811,12.935507091752811,425.7156233016493,69.79483526313281,0.2692609884933866,6.228179931657742e-06,5.575559721190032,0.07546698527015114
NII_6584,6585.28,29.83460531899459,29.83460531899459,981.8755081841513,71.06750032347419,0.2692609884933866,6.228179931657742e-06,5.575559721190032,0.07546698527015114
NII_5755,5756.24,0.8343858670575628,0.8343858670575628,27.46016039023059,69.49809437841759,0.2692609884933866,6.228179931657742e-06,5.575559721190032,0.07546698527015114
HeI_5876,5877.594,8.947716391041808,8.947716391041808,294.4749389041994,69.63957737601665,0.2692609884933866,6.228179931657742e-06,5.575559721190032,0.07546698527015114
HeII_4686,4687.02,0.0,0.0,0.0,10000000000.0,0.2692609884933866,6.228179931657742e-06,5.575559721190032,0.07546698527015114
NeIII_3869,3870.16,23.05852124309024,2.117442538179887,758.8703460782785,70.4392873656991,0.2692609884933866,6.228179931657742e-06,5.575559721190032,0.07546698527015114
