line,wl,amp,amp_err,flux,flux_err,z,zerr,FWHM,FWHMerr
HI_6563,6564.61,0.0,0.0,0.0,10000000000.0,0.2702880761410432,8.537454534834868e-06,0.44893680681021564,0.18434879789022887
HI_4861,4862.683,6.933120394862499,6.933120394862499,18.37221898383345,41.677710411456076,0.2702880761410432,8.537454534834868e-06,0.44893680681021564,0.18434879789022887
HI_4341,4341.684,19.73081979753431,19.73081979753431,52.285107052153805,94.83711561701121,0.2702880761410432,8.537454534834868e-06,0.44893680681021564,0.18434879789022887
HI_4102,4102.892,0.0,0.0,0.0,10000000000.0,0.2702880761410432,8.537454534834868e-06,0.44893680681021564,0.18434879789022887
OIII_4363,4364.436,0.0,0.0,0.0,10000000000.0,0.2702880761410432,8.537454534834868e-06,0.44893680681021564,0.18434879789022887
OIII_5007,5008.24,33.55214829971305,33.55214829971305,88.91053102109133,211.7852877132346,0.2702880761410432,8.537454534834868e-06,0.44893680681021564,0.18434879789022887
OIII_4959,4960.295,25.90858228097727,25.90858228097727,68.65568749959976,30.545767562460256,0.2702880761410432,8.537454534834868e-06,0.44893680681021564,0.18434879789022887
OII_3726,3727.092,23.730426849792707,23.730426849792707,62.883748418287645,102.83811743728465,0.2702880761410432,8.537454534834868e-06,0.44893680681021564,0.18434879789022887
OII_3729,3729.875,0.0,0.0,0.0,10000000000.0,0.2702880761410432,8.537454534834868e-06,0.44893680681021564,0.18434879789022887
OI_6300,6302.046,603.8569624632191,603.8569624632191,1600.173041493358,6476.26446288025,0.2702880761410432,8.537454534834868e-06,0.44893680681021564,0.18434879789022887
SII_6717,6718.29,218.59868252870092,218.59868252870092,579.2691654353465,2485.483719939489,0.2702880761410432,8.537454534834868e-06,0.44893680681021564,0.18434879789022887
SII_6731,6732.67,0.0,0.0,0.0,10000000000.0,0.2702880761410432,8.537454534834868e-06,0.44893680681021564,0.18434879789022887
NII_6548,6549.85,0.0,0.0,0.0,10000000000.0,0.2702880761410432,8.537454534834868e-06,0.44893680681021564,0.18434879789022887
NII_6584,6585.28,0.0,0.0,0.0,10000000000.0,0.2702880761410432,8.537454534834868e-06,0.44893680681021564,0.18434879789022887
NII_5755,5756.24,6.788641316111693,6.788641316111693,17.989360887880107,24.67534833456755,0.2702880761410432,8.537454534834868e-06,0.44893680681021564,0.18434879789022887
HeI_5876,5877.594,0.7819153803764038,0.7819153803764038,2.072013722096574,11.63416815284386,0.2702880761410432,8.537454534834868e-06,0.44893680681021564,0.18434879789022887
HeII_4686,4687.02,0.0,0.0,0.0,10000000000.0,0.2702880761410432,8.537454534834868e-06,0.44893680681021564,0.18434879789022887
NeIII_3869,3870.16,0.0,10000000000.0,0.0,10000000000.0,0.2702880761410432,8.537454534834868e-06,0.44893680681021564,0.18434879789022887
