line,wl,amp,amp_err,flux,flux_err,z,zerr,FWHM,FWHMerr
HI_6563,6564.61,0.0,0.0,0.0,10000000000.0,0.27011590725259677,2.7082531255420842e-05,2.0289058454156876,0.3138295842182348
HI_4861,4862.683,0.0,0.0,0.0,10000000000.0,0.27011590725259677,2.7082531255420842e-05,2.0289058454156876,0.3138295842182348
HI_4341,4341.684,0.9134552148340163,0.9134552148340163,10.939483335978323,36.74391890503671,0.27011590725259677,2.7082531255420842e-05,2.0289058454156876,0.3138295842182348
HI_4102,4102.892,3.3461199093594587,3.3461199093594587,40.07292573755195,36.878712430726814,0.27011590725259677,2.7082531255420842e-05,2.0289058454156876,0.3138295842182348
OIII_4363,4364.436,0.0,0.0,0.0,10000000000.0,0.27011590725259677,2.7082531255420842e-05,2.0289058454156876,0.3138295842182348
OIII_5007,5008.24,0.8075206621235793,0.8075206621235793,9.670817663856981,36.281688081243274,0.27011590725259677,2.7082531255420842e-05,2.0289058454156876,0.3138295842182348
OIII_4959,4960.295,25.728033273517667,25.728033273517667,308.1173402839293,64.87780168131728,0.27011590725259677,2.7082531255420842e-05,2.0289058454156876,0.3138295842182348
OII_3726,3727.092,7.998243249137431,7.998243249137431,95.78646803931056,39.90283388167685,0.27011590725259677,2.7082531255420842e-05,2.0289058454156876,0.3138295842182348
OII_3729,3729.875,0.0,0.0,0.0,10000000000.0,0.27011590725259677,2.7082531255420842e-05,2.0289058454156876,0.3138295842182348
OI_6300,6302.046,2.2307981296006574,2.2307981296006574,26.715900865629642,37.14791668855438,0.27011590725259677,2.7082531255420842e-05,2.0289058454156876,0.3138295842182348
SII_6717,6718.29,1.4467657821344346,1.4467657821344346,17.326377809993883,37.026077690274285,0.27011590725259677,2.7082531255420842e-05,2.0289058454156876,0.3138295842182348
SII_6731,6732.67,2.4333469832453147,2.4333469832453147,29.14161344921796,36.717308318323774,0.27011590725259677,2.7082531255420842e-05,2.0289058454156876,0.3138295842182348
NII_6548,6549.85,0.0,0.0,0.0,10000000000.0,0.27011590725259677,2.7082531255420842e-05,2.0289058454156876,0.3138295842182348
NII_6584,6585.28,0.7381004123749335,0.7381004123749335,8.839445032804939,36.86410921180976,0.27011590725259677,2.7082531255420842e-05,2.0289058454156876,0.3138295842182348
NII_5755,5756.24,0.0,0.0,0.0,10000000000.0,0.27011590725259677,2.7082531255420842e-05,2.0289058454156876,0.3138295842182348
HeI_5876,5877.594,0.0,0.0,0.0,10000000000.0,0.27011590725259677,2.7082531255420842e-05,2.0289058454156876,0.3138295842182348
HeII_4686,4687.02,0.0,0.0,0.0,10000000000.0,0.27011590725259677,2.7082531255420842e-05,2.0289058454156876,0.3138295842182348
NeIII_3869,3870.16,0.0,10000000000.0,0.0,10000000000.0,0.27011590725259677,2.7082531255420842e-05,2.0289058454156876,0.3138295842182348
