line,wl,amp,amp_err,flux,flux_err,z,zerr,FWHM,FWHMerr
HI_6563,6564.61,106.6278779496788,106.6278779496788,274.0558552631325,5484.936876942251,0.27053944111326356,8.43440593725225e-05,0.4354323194598603,1.7749141926611656
HI_4861,4862.683,3.0624061026160234,3.0624061026160234,7.871021535395742,98.71912971391752,0.27053944111326356,8.43440593725225e-05,0.4354323194598603,1.7749141926611656
HI_4341,4341.684,0.0,0.0,0.0,10000000000.0,0.27053944111326356,8.43440593725225e-05,0.4354323194598603,1.7749141926611656
HI_4102,4102.892,0.0,0.0,0.0,10000000000.0,0.27053944111326356,8.43440593725225e-05,0.4354323194598603,1.7749141926611656
OIII_4363,4364.436,0.0,0.0,0.0,10000000000.0,0.27053944111326356,8.43440593725225e-05,0.4354323194598603,1.7749141926611656
OIII_5007,5008.24,84.70121089716281,84.70121089716281,217.69975395365012,3373.979516306348,0.27053944111326356,8.43440593725225e-05,0.4354323194598603,1.7749141926611656
OIII_4959,4960.295,0.0,0.0,0.0,10000000000.0,0.27053944111326356,8.43440593725225e-05,0.4354323194598603,1.7749141926611656
OII_3726,3727.092,1747.1196872967625,1747.1196872967625,4490.461494273911,200295.4777641736,0.27053944111326356,8.43440593725225e-05,0.4354323194598603,1.7749141926611656
OII_3729,3729.875,23.23531201226649,23.23531201226649,59.71959142648033,1184.5397349653988,0.27053944111326356,8.43440593725225e-05,0.4354323194598603,1.7749141926611656
OI_6300,6302.046,0.0,0.0,0.0,10000000000.0,0.27053944111326356,8.43440593725225e-05,0.4354323194598603,1.7749141926611656
SII_6717,6718.29,0.0,0.0,0.0,10000000000.0,0.27053944111326356,8.43440593725225e-05,0.4354323194598603,1.7749141926611656
SII_6731,6732.67,0.0,0.0,0.0,10000000000.0,0.27053944111326356,8.43440593725225e-05,0.4354323194598603,1.7749141926611656
NII_6548,6549.85,45.82499292129751,45.82499292129751,117.7797764427048,2405.592493047128,0.27053944111326356,8.43440593725225e-05,0.4354323194598603,1.7749141926611656
NII_6584,6585.28,0.0,0.0,0.0,10000000000.0,0.27053944111326356,8.43440593725225e-05,0.4354323194598603,1.7749141926611656
NII_5755,5756.24,0.0,0.0,0.0,10000000000.0,0.27053944111326356,8.43440593725225e-05,0.4354323194598603,1.7749141926611656
HeI_5876,5877.594,8.46582340451232,8.46582340451232,21.758929449249692,499.95152001324306,0.27053944111326356,8.43440593725225e-05,0.4354323194598603,1.7749141926611656
HeII_4686,4687.02,0.0,0.0,0.0,10000000000.0,0.27053944111326356,8.43440593725225e-05,0.4354323194598603,1.7749141926611656
NeIII_3869,3870.16,0.0,10000000000.0,0.0,10000000000.0,0.27053944111326356,8.43440593725225e-05,0.4354323194598603,1.7749141926611656
