line,wl,amp,amp_err,flux,flux_err,z,zerr,FWHM,FWHMerr
HI_6563,6564.61,86.46362432549176,86.46362432549176,1841.3637745851345,70.0765053876416,0.26982444608890366,6.834339904837199e-06,3.607933304885192,0.08776999778393577
HI_4861,4862.683,28.7176956777098,28.7176956777098,611.583482915654,51.762519983549126,0.26982444608890366,6.834339904837199e-06,3.607933304885192,0.08776999778393577
HI_4341,4341.684,8.848045379805399,8.848045379805399,188.4314978160773,49.28439694048173,0.26982444608890366,6.834339904837199e-06,3.607933304885192,0.08776999778393577
HI_4102,4102.892,5.343389708652694,5.343389708652694,113.79495504334592,49.11480427607478,0.26982444608890366,6.834339904837199e-06,3.607933304885192,0.08776999778393577
OIII_4363,4364.436,1.1035720307611427,1.1035720307611427,23.50210942394893,49.02134122220872,0.26982444608890366,6.834339904837199e-06,3.607933304885192,0.08776999778393577
OIII_5007,5008.24,69.12602482243597,69.12602482243597,1472.1353515084963,63.29098667757692,0.26982444608890366,6.834339904837199e-06,3.607933304885192,0.08776999778393577
OIII_4959,4960.295,39.52135264768867,39.52135264768867,841.6624639062552,54.09881390222769,0.26982444608890366,6.834339904837199e-06,3.607933304885192,0.08776999778393577
OII_3726,3727.092,50.24927729694173,50.24927729694173,1070.1286192370756,60.91374925324598,0.26982444608890366,6.834339904837199e-06,3.607933304885192,0.08776999778393577
OII_3729,3729.875,48.66804714813793,48.66804714813793,1036.4541123215618,60.58472739923629,0.26982444608890366,6.834339904837199e-06,3.607933304885192,0.08776999778393577
OI_6300,6302.046,2.9264345971591865,2.9264345971591865,62.32251652574846,49.046453820589875,0.26982444608890366,6.834339904837199e-06,3.607933304885192,0.08776999778393577
SII_6717,6718.29,10.618025344663124,10.618025344663124,226.12569597692857,49.401471976946695,0.26982444608890366,6.834339904837199e-06,3.607933304885192,0.08776999778393577
SII_6731,6732.67,5.741037655499554,5.741037655499554,122.26342406802554,49.12988586339559,0.26982444608890366,6.834339904837199e-06,3.607933304885192,0.08776999778393577
NII_6548,6549.85,0.0,0.0,0.0,10000000000.0,0.26982444608890366,6.834339904837199e-06,3.607933304885192,0.08776999778393577
NII_6584,6585.28,5.521260111584411,5.521260111584411,117.58295397450759,49.12135539583492,0.26982444608890366,6.834339904837199e-06,3.607933304885192,0.08776999778393577
NII_5755,5756.24,4.4398144153667545,4.4398144153667545,94.55205578199342,49.08461925246835,0.26982444608890366,6.834339904837199e-06,3.607933304885192,0.08776999778393577
HeI_5876,5877.594,3.7179661011696226,3.7179661011696226,79.17928663338316,49.06447504649212,0.26982444608890366,6.834339904837199e-06,3.607933304885192,0.08776999778393577
HeII_4686,4687.02,0.0,0.0,0.0,10000000000.0,0.26982444608890366,6.834339904837199e-06,3.607933304885192,0.08776999778393577
NeIII_3869,3870.16,3.857041482179511,2.3021468068145916,82.14109132901089,49.06814004301927,0.26982444608890366,6.834339904837199e-06,3.607933304885192,0.08776999778393577
