line,wl,amp,amp_err,flux,flux_err,z,zerr,FWHM,FWHMerr
HI_6563,6564.61,31.10969958088799,31.10969958088799,1189.9876439655445,91.53959445257371,0.2695168736930141,2.527934371028597e-05,6.480357670373564,0.3129996325694272
HI_4861,4862.683,9.048974615769794,9.048974615769794,346.1353895535288,67.81793101130366,0.2695168736930141,2.527934371028597e-05,6.480357670373564,0.3129996325694272
HI_4341,4341.684,5.104903702895285,5.104903702895285,195.26939867369643,66.03835874853635,0.2695168736930141,2.527934371028597e-05,6.480357670373564,0.3129996325694272
HI_4102,4102.892,1.572680020826283,1.572680020826283,60.1571155590482,65.27190417718015,0.2695168736930141,2.527934371028597e-05,6.480357670373564,0.3129996325694272
OIII_4363,4364.436,0.0,0.0,0.0,10000000000.0,0.2695168736930141,2.527934371028597e-05,6.480357670373564,0.3129996325694272
OIII_5007,5008.24,26.585213675021578,26.585213675021578,1016.9200028178634,85.23865028111216,0.2695168736930141,2.527934371028597e-05,6.480357670373564,0.3129996325694272
OIII_4959,4960.295,13.447475615256508,13.447475615256508,514.3839394229996,70.86165584087023,0.2695168736930141,2.527934371028597e-05,6.480357670373564,0.3129996325694272
OII_3726,3727.092,20.67391852500475,20.67391852500475,790.8050520751382,101.39815135784877,0.2695168736930141,2.527934371028597e-05,6.480357670373564,0.3129996325694272
OII_3729,3729.875,15.61027454436487,15.61027454436487,597.1138929967717,99.7043061627283,0.2695168736930141,2.527934371028597e-05,6.480357670373564,0.3129996325694272
OI_6300,6302.046,2.1681197934782404,2.1681197934782404,82.93348375698426,65.34464585425496,0.2695168736930141,2.527934371028597e-05,6.480357670373564,0.3129996325694272
SII_6717,6718.29,4.087391667057318,4.087391667057318,156.34820153757016,65.7355559300649,0.2695168736930141,2.527934371028597e-05,6.480357670373564,0.3129996325694272
SII_6731,6732.67,4.066719793914217,4.066719793914217,155.5574747240902,65.73006711610739,0.2695168736930141,2.527934371028597e-05,6.480357670373564,0.3129996325694272
NII_6548,6549.85,1.3435760652163253,1.3435760652163253,51.393582640621396,65.25014203316898,0.2695168736930141,2.527934371028597e-05,6.480357670373564,0.3129996325694272
NII_6584,6585.28,0.8957356717721723,0.8957356717721723,34.26308823383489,65.21724176467742,0.2695168736930141,2.527934371028597e-05,6.480357670373564,0.3129996325694272
NII_5755,5756.24,0.951086946049486,0.951086946049486,36.38034855312824,65.22059947245737,0.2695168736930141,2.527934371028597e-05,6.480357670373564,0.3129996325694272
HeI_5876,5877.594,0.0,0.0,0.0,10000000000.0,0.2695168736930141,2.527934371028597e-05,6.480357670373564,0.3129996325694272
HeII_4686,4687.02,0.0,0.0,0.0,10000000000.0,0.2695168736930141,2.527934371028597e-05,6.480357670373564,0.3129996325694272
NeIII_3869,3870.16,2.3010675205271127,1.7051859454211669,88.01891224433149,65.36404346674553,0.2695168736930141,2.527934371028597e-05,6.480357670373564,0.3129996325694272
