line,wl,amp,amp_err,flux,flux_err,z,zerr,FWHM,FWHMerr
HI_6563,6564.61,13.724393785311804,13.724393785311804,271.53048748243594,51.44237353401261,0.2698866431502791,2.384127956701097e-05,3.351797483897476,0.2834105626554078
HI_4861,4862.683,5.044591505799758,5.044591505799758,99.8048010095365,45.567031303140226,0.2698866431502791,2.384127956701097e-05,3.351797483897476,0.2834105626554078
HI_4341,4341.684,6.675747663919765,6.675747663919765,132.07643600505193,46.2950000628001,0.2698866431502791,2.384127956701097e-05,3.351797483897476,0.2834105626554078
HI_4102,4102.892,8.408335271802343,8.408335271802343,166.3548431342522,47.27247353505171,0.2698866431502791,2.384127956701097e-05,3.351797483897476,0.2834105626554078
OIII_4363,4364.436,0.0,0.0,0.0,10000000000.0,0.2698866431502791,2.384127956701097e-05,3.351797483897476,0.2834105626554078
OIII_5007,5008.24,21.813443660079656,21.813443660079656,431.5684235926721,60.43154779376721,0.2698866431502791,2.384127956701097e-05,3.351797483897476,0.2834105626554078
OIII_4959,4960.295,17.75454677541495,17.75454677541495,351.2651135176247,55.58966121794647,0.2698866431502791,2.384127956701097e-05,3.351797483897476,0.2834105626554078
OII_3726,3727.092,16.310254296943185,16.310254296943185,322.6904859689482,54.90748389437733,0.2698866431502791,2.384127956701097e-05,3.351797483897476,0.2834105626554078
OII_3729,3729.875,3.3246157935885776,3.3246157935885776,65.77591413116123,47.86050116814484,0.2698866431502791,2.384127956701097e-05,3.351797483897476,0.2834105626554078
OI_6300,6302.046,1.015108542979192,1.015108542979192,20.083431139793923,44.619951240703635,0.2698866431502791,2.384127956701097e-05,3.351797483897476,0.2834105626554078
SII_6717,6718.29,0.0,0.0,0.0,10000000000.0,0.2698866431502791,2.384127956701097e-05,3.351797483897476,0.2834105626554078
SII_6731,6732.67,7.327064247864314,7.327064247864314,144.96241933592444,46.638387858036104,0.2698866431502791,2.384127956701097e-05,3.351797483897476,0.2834105626554078
NII_6548,6549.85,0.0,0.0,0.0,10000000000.0,0.2698866431502791,2.384127956701097e-05,3.351797483897476,0.2834105626554078
NII_6584,6585.28,0.0,0.0,0.0,10000000000.0,0.2698866431502791,2.384127956701097e-05,3.351797483897476,0.2834105626554078
NII_5755,5756.24,0.0,0.0,0.0,10000000000.0,0.2698866431502791,2.384127956701097e-05,3.351797483897476,0.2834105626554078
HeI_5876,5877.594,0.0,0.0,0.0,10000000000.0,0.2698866431502791,2.384127956701097e-05,3.351797483897476,0.2834105626554078
HeII_4686,4687.02,0.0,0.0,0.0,10000000000.0,0.2698866431502791,2.384127956701097e-05,3.351797483897476,0.2834105626554078
NeIII_3869,3870.16,5.200344886605535,2.2639509824369486,102.88630625332306,45.62818352648339,0.2698866431502791,2.384127956701097e-05,3.351797483897476,0.2834105626554078
