line,wl,amp,amp_err,flux,flux_err,z,zerr,FWHM,FWHMerr
HI_6563,6564.61,47.66732163546703,47.66732163546703,893.1231766050339,61.26278165826529,0.2698911882874884,1.027533438599455e-05,3.174263323209213,0.12897026876598397
HI_4861,4862.683,14.441216608104583,14.441216608104583,270.5791894435935,47.521594178231844,0.2698911882874884,1.027533438599455e-05,3.174263323209213,0.12897026876598397
HI_4341,4341.684,5.572541369692772,5.572541369692772,104.41043631366624,46.14878061031852,0.2698911882874884,1.027533438599455e-05,3.174263323209213,0.12897026876598397
HI_4102,4102.892,3.6847977241765193,3.6847977241765193,69.0405530592025,46.01204752896959,0.2698911882874884,1.027533438599455e-05,3.174263323209213,0.12897026876598397
OIII_4363,4364.436,0.0,0.0,0.0,10000000000.0,0.2698911882874884,1.027533438599455e-05,3.174263323209213,0.12897026876598397
OIII_5007,5008.24,55.030967283185646,55.030967283185646,1031.0928037340504,65.57935275225537,0.2698911882874884,1.027533438599455e-05,3.174263323209213,0.12897026876598397
OIII_4959,4960.295,25.93955763340773,25.93955763340773,486.0189185884701,50.93812992854326,0.2698911882874884,1.027533438599455e-05,3.174263323209213,0.12897026876598397
OII_3726,3727.092,24.837927204061543,24.837927204061543,465.37811825094144,52.26158053085656,0.2698911882874884,1.027533438599455e-05,3.174263323209213,0.12897026876598397
OII_3729,3729.875,21.574402825178936,21.574402825178936,404.23079215433756,51.35919935794523,0.2698911882874884,1.027533438599455e-05,3.174263323209213,0.12897026876598397
OI_6300,6302.046,0.0,0.0,0.0,10000000000.0,0.2698911882874884,1.027533438599455e-05,3.174263323209213,0.12897026876598397
SII_6717,6718.29,5.595760372782024,5.595760372782024,104.84548131064057,46.15150892264205,0.2698911882874884,1.027533438599455e-05,3.174263323209213,0.12897026876598397
SII_6731,6732.67,0.0,0.0,0.0,10000000000.0,0.2698911882874884,1.027533438599455e-05,3.174263323209213,0.12897026876598397
NII_6548,6549.85,0.0,0.0,0.0,10000000000.0,0.2698911882874884,1.027533438599455e-05,3.174263323209213,0.12897026876598397
NII_6584,6585.28,4.023382910128362,4.023382910128362,75.38448568334464,46.03223822803326,0.2698911882874884,1.027533438599455e-05,3.174263323209213,0.12897026876598397
NII_5755,5756.24,1.6807772825172833,1.6807772825172833,31.49203886904532,45.92671699625592,0.2698911882874884,1.027533438599455e-05,3.174263323209213,0.12897026876598397
HeI_5876,5877.594,1.9360818611128252,1.9360818611128252,36.27557669776616,45.93443740953153,0.2698911882874884,1.027533438599455e-05,3.174263323209213,0.12897026876598397
HeII_4686,4687.02,2.1600499167107046e-12,2.1600499167107046e-12,4.047197486763516e-11,45.90487470315163,0.2698911882874884,1.027533438599455e-05,3.174263323209213,0.12897026876598397
NeIII_3869,3870.16,3.2114344509486727,2.450859385082979,60.171338348408966,45.98578521425213,0.2698911882874884,1.027533438599455e-05,3.174263323209213,0.12897026876598397
