line,wl,amp,amp_err,flux,flux_err,z,zerr,FWHM,FWHMerr
HI_6563,6564.61,3.5236186045991644,3.5236186045991644,25.325846073934805,25.58202385751602,0.2701969587750123,1.3702677667634903e-05,1.2176638430054731,0.3852489289339181
HI_4861,4862.683,0.0,0.0,0.0,10000000000.0,0.2701969587750123,1.3702677667634903e-05,1.2176638430054731,0.3852489289339181
HI_4341,4341.684,3.094367584655174,3.094367584655174,22.240624181874303,23.046131714177697,0.2701969587750123,1.3702677667634903e-05,1.2176638430054731,0.3852489289339181
HI_4102,4102.892,3.3688888528237158,3.3688888528237158,24.213733125215448,29.47412121846316,0.2701969587750123,1.3702677667634903e-05,1.2176638430054731,0.3852489289339181
OIII_4363,4364.436,0.0,0.0,0.0,10000000000.0,0.2701969587750123,1.3702677667634903e-05,1.2176638430054731,0.3852489289339181
OIII_5007,5008.24,0.3895870620960977,0.3895870620960977,2.8001390258763963,27.17799257717455,0.2701969587750123,1.3702677667634903e-05,1.2176638430054731,0.3852489289339181
OIII_4959,4960.295,55.358964132843084,55.358964132843084,397.88999939179007,220.62061198986052,0.2701969587750123,1.3702677667634903e-05,1.2176638430054731,0.3852489289339181
OII_3726,3727.092,9.239040400015938,9.239040400015938,66.40517641048335,47.1947182090568,0.2701969587750123,1.3702677667634903e-05,1.2176638430054731,0.3852489289339181
OII_3729,3729.875,9.663084304864128,9.663084304864128,69.45297240314788,36.13724659324447,0.2701969587750123,1.3702677667634903e-05,1.2176638430054731,0.3852489289339181
OI_6300,6302.046,2.96908106136118,2.96908106136118,21.340133078796168,22.913082948615468,0.2701969587750123,1.3702677667634903e-05,1.2176638430054731,0.3852489289339181
SII_6717,6718.29,0.0,0.0,0.0,10000000000.0,0.2701969587750123,1.3702677667634903e-05,1.2176638430054731,0.3852489289339181
SII_6731,6732.67,2.721571134145279,2.721571134145279,19.561166901736325,32.71411262880689,0.2701969587750123,1.3702677667634903e-05,1.2176638430054731,0.3852489289339181
NII_6548,6549.85,0.0,0.0,0.0,10000000000.0,0.2701969587750123,1.3702677667634903e-05,1.2176638430054731,0.3852489289339181
NII_6584,6585.28,0.0,0.0,0.0,10000000000.0,0.2701969587750123,1.3702677667634903e-05,1.2176638430054731,0.3852489289339181
NII_5755,5756.24,0.0,0.0,0.0,10000000000.0,0.2701969587750123,1.3702677667634903e-05,1.2176638430054731,0.3852489289339181
HeI_5876,5877.594,4.523066300786354,4.523066300786354,32.5093302567994,30.852857004347705,0.2701969587750123,1.3702677667634903e-05,1.2176638430054731,0.3852489289339181
HeII_4686,4687.02,0.0,0.0,0.0,10000000000.0,0.2701969587750123,1.3702677667634903e-05,1.2176638430054731,0.3852489289339181
NeIII_3869,3870.16,7.960912545761062,3.4163315525609264,57.21869145509759,30.506642851266438,0.2701969587750123,1.3702677667634903e-05,1.2176638430054731,0.3852489289339181
