line,wl,amp,amp_err,flux,flux_err,z,zerr,FWHM,FWHMerr
HI_6563,6564.61,131.5437793529677,131.5437793529677,4494.2186973656935,96.14283893886744,0.26932690614701116,6.094119034560254e-06,5.788102704867385,0.07739321972882227
HI_4861,4862.683,46.97304077578201,46.97304077578201,1604.8430352619175,72.83506221587227,0.26932690614701116,6.094119034560254e-06,5.788102704867385,0.07739321972882227
HI_4341,4341.684,18.598369047147003,18.598369047147003,635.4168803977709,69.42319219554201,0.26932690614701116,6.094119034560254e-06,5.788102704867385,0.07739321972882227
HI_4102,4102.892,11.856583588728768,11.856583588728768,405.08247454532255,69.03636415912226,0.26932690614701116,6.094119034560254e-06,5.788102704867385,0.07739321972882227
OIII_4363,4364.436,0.6552961613338084,0.6552961613338084,22.388320261621907,68.77104418265648,0.26932690614701116,6.094119034560254e-06,5.788102704867385,0.07739321972882227
OIII_5007,5008.24,125.49423284462591,125.49423284462591,4287.534769306882,94.0093904626064,0.26932690614701116,6.094119034560254e-06,5.788102704867385,0.07739321972882227
OIII_4959,4960.295,48.640624983036105,48.640624983036105,1661.8163726598295,73.12004797489904,0.26932690614701116,6.094119034560254e-06,5.788102704867385,0.07739321972882227
OII_3726,3727.092,73.60257709253051,73.60257709253051,2514.646300802728,97.98413714482065,0.26932690614701116,6.094119034560254e-06,5.788102704867385,0.07739321972882227
OII_3729,3729.875,72.34124615267092,72.34124615267092,2471.5526849634557,97.86209773420454,0.26932690614701116,6.094119034560254e-06,5.788102704867385,0.07739321972882227
OI_6300,6302.046,3.5456714009757206,3.5456714009757206,121.13855009610072,68.79405764561251,0.26932690614701116,6.094119034560254e-06,5.788102704867385,0.07739321972882227
SII_6717,6718.29,21.11128298296319,21.11128298296319,721.2710716850089,69.61040950394695,0.26932690614701116,6.094119034560254e-06,5.788102704867385,0.07739321972882227
SII_6731,6732.67,16.150010161057025,16.150010161057025,551.7682248866521,69.2631550998652,0.26932690614701116,6.094119034560254e-06,5.788102704867385,0.07739321972882227
NII_6548,6549.85,4.250311822094318,4.250311822094318,145.21272654965563,68.80449645483785,0.26932690614701116,6.094119034560254e-06,5.788102704867385,0.07739321972882227
NII_6584,6585.28,15.861010949774936,15.861010949774936,541.8945108634082,69.24570626009812,0.26932690614701116,6.094119034560254e-06,5.788102704867385,0.07739321972882227
NII_5755,5756.24,0.7758738603985194,0.7758738603985194,26.507880702164563,68.77137224543735,0.26932690614701116,6.094119034560254e-06,5.788102704867385,0.07739321972882227
HeI_5876,5877.594,4.291133868629686,4.291133868629686,146.60741967544533,68.80514773550772,0.26932690614701116,6.094119034560254e-06,5.788102704867385,0.07739321972882227
HeII_4686,4687.02,2.1600499167107046e-12,2.1600499167107046e-12,7.37985237361621e-11,68.77022698870485,0.26932690614701116,6.094119034560254e-06,5.788102704867385,0.07739321972882227
NeIII_3869,3870.16,13.86692307482258,2.0150084649628495,473.7661124253948,69.133994484666,0.26932690614701116,6.094119034560254e-06,5.788102704867385,0.07739321972882227
