line,wl,amp,amp_err,flux,flux_err,z,zerr,FWHM,FWHMerr
HI_6563,6564.61,15.150840536286182,15.150840536286182,500.95034853460777,77.49231062893459,0.26946156025184986,4.0463850247446954e-05,5.601576838109416,0.47773677954507116
HI_4861,4862.683,10.117286737552035,10.117286737552035,334.51994331686126,68.85056313927761,0.26946156025184986,4.0463850247446954e-05,5.601576838109416,0.47773677954507116
HI_4341,4341.684,1.455913980491232,1.455913980491232,48.13862400681493,61.186165423753984,0.26946156025184986,4.0463850247446954e-05,5.601576838109416,0.47773677954507116
HI_4102,4102.892,1.3599460415881595,1.3599460415881595,44.96552134452353,61.164222497527284,0.26946156025184986,4.0463850247446954e-05,5.601576838109416,0.47773677954507116
OIII_4363,4364.436,1.8933034194744778,1.8933034194744778,62.600553784192314,61.30503275928585,0.26946156025184986,4.0463850247446954e-05,5.601576838109416,0.47773677954507116
OIII_5007,5008.24,19.109231386201486,19.109231386201486,631.8313561692735,85.7516774225502,0.26946156025184986,4.0463850247446954e-05,5.601576838109416,0.47773677954507116
OIII_4959,4960.295,4.0974917218275095,4.0974917218275095,135.48026601237729,62.36675533545444,0.26946156025184986,4.0463850247446954e-05,5.601576838109416,0.47773677954507116
OII_3726,3727.092,7.981739364028044,7.981739364028044,263.9097881563712,88.34590264531519,0.26946156025184986,4.0463850247446954e-05,5.601576838109416,0.47773677954507116
OII_3729,3729.875,16.948649425541134,16.948649425541134,560.3934525336183,93.86923242275884,0.26946156025184986,4.0463850247446954e-05,5.601576838109416,0.47773677954507116
OI_6300,6302.046,0.40862517843459045,0.40862517843459045,13.510862652574737,61.027319705705466,0.26946156025184986,4.0463850247446954e-05,5.601576838109416,0.47773677954507116
SII_6717,6718.29,2.8454210659701857,2.8454210659701857,94.08155747607661,61.66986365450116,0.26946156025184986,4.0463850247446954e-05,5.601576838109416,0.47773677954507116
SII_6731,6732.67,2.720098224515141,2.720098224515141,89.9378585865072,61.61372206291882,0.26946156025184986,4.0463850247446954e-05,5.601576838109416,0.47773677954507116
NII_6548,6549.85,0.21930234527985704,0.21930234527985704,7.25105554634333,61.01763894584253,0.26946156025184986,4.0463850247446954e-05,5.601576838109416,0.47773677954507116
NII_6584,6585.28,0.9011109764927596,0.9011109764927596,29.7945091997556,61.07982313234415,0.26946156025184986,4.0463850247446954e-05,5.601576838109416,0.47773677954507116
NII_5755,5756.24,0.0,0.0,0.0,10000000000.0,0.26946156025184986,4.0463850247446954e-05,5.601576838109416,0.47773677954507116
HeI_5876,5877.594,0.6768725410311163,0.6768725410311163,22.3802458042476,61.05100546158348,0.26946156025184986,4.0463850247446954e-05,5.601576838109416,0.47773677954507116
HeII_4686,4687.02,0.0,0.0,0.0,10000000000.0,0.26946156025184986,4.0463850247446954e-05,5.601576838109416,0.47773677954507116
NeIII_3869,3870.16,1.5385964318672904,1.8464776563416454,50.8724527165378,61.20626998836391,0.26946156025184986,4.0463850247446954e-05,5.601576838109416,0.47773677954507116
