line,wl,amp,amp_err,flux,flux_err,z,zerr,FWHM,FWHMerr
HI_6563,6564.61,30.15538280425335,30.15538280425335,79.94407825990382,439.6117112332109,0.27017910804010803,4.74023602738708e-06,0.44913178943447707,0.6867372550182442
HI_4861,4862.683,0.0,0.0,0.0,10000000000.0,0.27017910804010803,4.74023602738708e-06,0.44913178943447707,0.6867372550182442
HI_4341,4341.684,0.0,0.0,0.0,10000000000.0,0.27017910804010803,4.74023602738708e-06,0.44913178943447707,0.6867372550182442
HI_4102,4102.892,3.9562910847159856,3.9562910847159856,10.488410846864914,60.69769793726775,0.27017910804010803,4.74023602738708e-06,0.44913178943447707,0.6867372550182442
OIII_4363,4364.436,0.0890028539585046,0.0890028539585046,0.23595293644257406,8.228083634166403,0.27017910804010803,4.74023602738708e-06,0.44913178943447707,0.6867372550182442
OIII_5007,5008.24,5.049391127294598,5.049391127294598,13.386297301069801,54.01731050226513,0.27017910804010803,4.74023602738708e-06,0.44913178943447707,0.6867372550182442
OIII_4959,4960.295,0.0,0.0,0.0,10000000000.0,0.27017910804010803,4.74023602738708e-06,0.44913178943447707,0.6867372550182442
OII_3726,3727.092,0.0,0.0,0.0,10000000000.0,0.27017910804010803,4.74023602738708e-06,0.44913178943447707,0.6867372550182442
OII_3729,3729.875,0.0,0.0,0.0,10000000000.0,0.27017910804010803,4.74023602738708e-06,0.44913178943447707,0.6867372550182442
OI_6300,6302.046,0.0,0.0,0.0,10000000000.0,0.27017910804010803,4.74023602738708e-06,0.44913178943447707,0.6867372550182442
SII_6717,6718.29,0.0,0.0,0.0,10000000000.0,0.27017910804010803,4.74023602738708e-06,0.44913178943447707,0.6867372550182442
SII_6731,6732.67,559.6602883904186,559.6602883904186,1483.6994835871649,24241.51051569127,0.27017910804010803,4.74023602738708e-06,0.44913178943447707,0.6867372550182442
NII_6548,6549.85,14.162331854170702,14.162331854170702,37.5453554492055,207.53563089881908,0.27017910804010803,4.74023602738708e-06,0.44913178943447707,0.6867372550182442
NII_6584,6585.28,0.0,0.0,0.0,10000000000.0,0.27017910804010803,4.74023602738708e-06,0.44913178943447707,0.6867372550182442
NII_5755,5756.24,0.0,0.0,0.0,10000000000.0,0.27017910804010803,4.74023602738708e-06,0.44913178943447707,0.6867372550182442
HeI_5876,5877.594,0.0,0.0,0.0,10000000000.0,0.27017910804010803,4.74023602738708e-06,0.44913178943447707,0.6867372550182442
HeII_4686,4687.02,0.0,0.0,0.0,10000000000.0,0.27017910804010803,4.74023602738708e-06,0.44913178943447707,0.6867372550182442
NeIII_3869,3870.16,0.0,10000000000.0,0.0,10000000000.0,0.27017910804010803,4.74023602738708e-06,0.44913178943447707,0.6867372550182442
