line,wl,amp,amp_err,flux,flux_err,z,zerr,FWHM,FWHMerr
HI_6563,6564.61,7.9325769949873575,7.9325769949873575,125.95546123168674,42.0970042845636,0.2692290847907563,3.548410008969915e-05,2.6900171464051645,0.39104495215196516
HI_4861,4862.683,6.148186258945543,6.148186258945543,97.62245440203745,40.0718478158266,0.2692290847907563,3.548410008969915e-05,2.6900171464051645,0.39104495215196516
HI_4341,4341.684,3.7999761676395565,3.7999761676395565,60.33698143326002,38.07761151574825,0.2692290847907563,3.548410008969915e-05,2.6900171464051645,0.39104495215196516
HI_4102,4102.892,1.6656135561028123,1.6656135561028123,26.447032764415543,37.02632412253936,0.2692290847907563,3.548410008969915e-05,2.6900171464051645,0.39104495215196516
OIII_4363,4364.436,0.0,0.0,0.0,10000000000.0,0.2692290847907563,3.548410008969915e-05,2.6900171464051645,0.39104495215196516
OIII_5007,5008.24,11.846470330861962,11.846470330861962,188.1012482367452,47.861531666631244,0.2692290847907563,3.548410008969915e-05,2.6900171464051645,0.39104495215196516
OIII_4959,4960.295,3.026638934218795,3.026638934218795,48.057737502227255,37.6033721393922,0.2692290847907563,3.548410008969915e-05,2.6900171464051645,0.39104495215196516
OII_3726,3727.092,6.7993468318546775,6.7993468318546775,107.9617464566228,41.92441457680331,0.2692290847907563,3.548410008969915e-05,2.6900171464051645,0.39104495215196516
OII_3729,3729.875,8.399680335241214,8.399680335241214,133.372246054792,43.69451975200891,0.2692290847907563,3.548410008969915e-05,2.6900171464051645,0.39104495215196516
OI_6300,6302.046,0.8227976247893594,0.8227976247893594,13.06458851848122,36.83702218639926,0.2692290847907563,3.548410008969915e-05,2.6900171464051645,0.39104495215196516
SII_6717,6718.29,0.9112278511065597,0.9112278511065597,14.4687059887111,36.85603545202982,0.2692290847907563,3.548410008969915e-05,2.6900171464051645,0.39104495215196516
SII_6731,6732.67,0.6648539379914382,0.6648539379914382,10.55671876419629,36.829483911060045,0.2692290847907563,3.548410008969915e-05,2.6900171464051645,0.39104495215196516
NII_6548,6549.85,2.735174997420131,2.735174997420131,43.42979949228709,37.45385154077205,0.2692290847907563,3.548410008969915e-05,2.6900171464051645,0.39104495215196516
NII_6584,6585.28,0.34271972262047257,0.34271972262047257,5.44179032401893,36.794996041266344,0.2692290847907563,3.548410008969915e-05,2.6900171464051645,0.39104495215196516
NII_5755,5756.24,0.2707735703382923,0.2707735703382923,4.299411145061887,36.78060266015611,0.2692290847907563,3.548410008969915e-05,2.6900171464051645,0.39104495215196516
HeI_5876,5877.594,4.293228340448877,4.293228340448877,68.16896402466612,38.40566149621711,0.2692290847907563,3.548410008969915e-05,2.6900171464051645,0.39104495215196516
HeII_4686,4687.02,0.0,0.0,0.0,10000000000.0,0.2692290847907563,3.548410008969915e-05,2.6900171464051645,0.39104495215196516
NeIII_3869,3870.16,0.0,10000000000.0,0.0,10000000000.0,0.2692290847907563,3.548410008969915e-05,2.6900171464051645,0.39104495215196516
