line,wl,amp,amp_err,flux,flux_err,z,zerr,FWHM,FWHMerr
HI_6563,6564.61,1253.7954272863317,1253.7954272863317,36716.73173273627,164.4917954228699,0.26920362780732904,1.0812112786116359e-06,4.961233603369451,0.014508291770490218
HI_4861,4862.683,406.32612005671785,406.32612005671785,11899.044151418033,118.9962704557612,0.26920362780732904,1.0812112786116359e-06,4.961233603369451,0.014508291770490218
HI_4341,4341.684,168.47752585695798,168.47752585695798,4933.774669503853,113.6081105613551,0.26920362780732904,1.0812112786116359e-06,4.961233603369451,0.014508291770490218
HI_4102,4102.892,68.81659789228706,68.81659789228706,2015.257440393947,112.64995153607136,0.26920362780732904,1.0812112786116359e-06,4.961233603369451,0.014508291770490218
OIII_4363,4364.436,5.60905526605643,5.60905526605643,164.2581979451208,112.45843377441825,0.26920362780732904,1.0812112786116359e-06,4.961233603369451,0.014508291770490218
OIII_5007,5008.24,1126.238582777219,1126.238582777219,32981.29743572964,155.80261192440972,0.26920362780732904,1.0812112786116359e-06,4.961233603369451,0.014508291770490218
OIII_4959,4960.295,378.121437978597,378.121437978597,11073.08504921357,118.14099494958943,0.26920362780732904,1.0812112786116359e-06,4.961233603369451,0.014508291770490218
OII_3726,3727.092,366.4599368713409,366.4599368713409,10731.584196332931,137.9984060729399,0.26920362780732904,1.0812112786116359e-06,4.961233603369451,0.014508291770490218
OII_3729,3729.875,514.0500106950499,514.0500106950499,15053.680950768063,140.53282377775434,0.26920362780732904,1.0812112786116359e-06,4.961233603369451,0.014508291770490218
OI_6300,6302.046,29.61585558215279,29.61585558215279,867.2845671473588,112.49289226582519,0.26920362780732904,1.0812112786116359e-06,4.961233603369451,0.014508291770490218
SII_6717,6718.29,142.5780873480967,142.5780873480967,4175.323398217481,113.28269344724897,0.26920362780732904,1.0812112786116359e-06,4.961233603369451,0.014508291770490218
SII_6731,6732.67,104.1310593297037,104.1310593297037,3049.422646826442,112.89826090267937,0.26920362780732904,1.0812112786116359e-06,4.961233603369451,0.014508291770490218
NII_6548,6549.85,63.073357207793606,63.073357207793606,1847.0696938925196,112.61917370336684,0.26920362780732904,1.0812112786116359e-06,4.961233603369451,0.014508291770490218
NII_6584,6585.28,210.52375894183683,210.52375894183683,6165.076225524791,114.24930559930328,0.26920362780732904,1.0812112786116359e-06,4.961233603369451,0.014508291770490218
NII_5755,5756.24,0.0,0.0,0.0,10000000000.0,0.26920362780732904,1.0812112786116359e-06,4.961233603369451,0.014508291770490218
HeI_5876,5877.594,48.018957323216,48.018957323216,1406.2096062498968,112.55109094895253,0.26920362780732904,1.0812112786116359e-06,4.961233603369451,0.014508291770490218
HeII_4686,4687.02,0.0,0.0,0.0,10000000000.0,0.26920362780732904,1.0812112786116359e-06,4.961233603369451,0.014508291770490218
NeIII_3869,3870.16,88.85796138631827,3.842360080355177,2602.1581029376375,112.77848537502926,0.26920362780732904,1.0812112786116359e-06,4.961233603369451,0.014508291770490218
