line,wl,amp,amp_err,flux,flux_err,z,zerr,FWHM,FWHMerr
HI_6563,6564.61,143.987497232725,143.987497232725,4200.794098664534,89.74266392604552,0.2696023505097729,5.132493578980723e-06,4.942639709942651,0.06616001046808508
HI_4861,4862.683,45.12285480396258,45.12285480396258,1316.4463985995442,67.0042313107324,0.2696023505097729,5.132493578980723e-06,4.942639709942651,0.06616001046808508
HI_4341,4341.684,21.745412370425015,21.745412370425015,634.4161938662194,64.74231065805274,0.2696023505097729,5.132493578980723e-06,4.942639709942651,0.06616001046808508
HI_4102,4102.892,5.584470846589966,5.584470846589966,162.92534162603346,64.08876315026599,0.2696023505097729,5.132493578980723e-06,4.942639709942651,0.06616001046808508
OIII_4363,4364.436,3.707630349966621,3.707630349966621,108.16905629657317,64.06280039085354,0.2696023505097729,5.132493578980723e-06,4.942639709942651,0.06616001046808508
OIII_5007,5008.24,139.45666168913112,139.45666168913112,4068.6082660100114,88.36807466378914,0.2696023505097729,5.132493578980723e-06,4.942639709942651,0.06616001046808508
OIII_4959,4960.295,66.39846127267833,66.39846127267833,1937.1561394934738,70.29854496896856,0.2696023505097729,5.132493578980723e-06,4.942639709942651,0.06616001046808508
OII_3726,3727.092,77.28309219687867,77.28309219687867,2254.7121372799975,84.72949419045872,0.2696023505097729,5.132493578980723e-06,4.942639709942651,0.06616001046808508
OII_3729,3729.875,83.208807217811,83.208807217811,2427.593180208791,85.33105531136651,0.2696023505097729,5.132493578980723e-06,4.942639709942651,0.06616001046808508
OI_6300,6302.046,3.846740966296238,3.846740966296238,112.22756878807462,64.06436575375214,0.2696023505097729,5.132493578980723e-06,4.942639709942651,0.06616001046808508
SII_6717,6718.29,19.138055054118922,19.138055054118922,558.3472890102282,64.5851547092747,0.2696023505097729,5.132493578980723e-06,4.942639709942651,0.06616001046808508
SII_6731,6732.67,18.23323810778959,18.23323810778959,531.9495130813328,64.5352456560993,0.2696023505097729,5.132493578980723e-06,4.942639709942651,0.06616001046808508
NII_6548,6549.85,1.2633696597475819,1.2633696597475819,36.85844891464139,64.04472476807206,0.2696023505097729,5.132493578980723e-06,4.942639709942651,0.06616001046808508
NII_6584,6585.28,11.252629725560837,11.252629725560837,328.2922576895081,64.23053187625462,0.2696023505097729,5.132493578980723e-06,4.942639709942651,0.06616001046808508
NII_5755,5756.24,0.0,0.0,0.0,10000000000.0,0.2696023505097729,5.132493578980723e-06,4.942639709942651,0.06616001046808508
HeI_5876,5877.594,4.304595942776814,4.304595942776814,125.58535693085413,64.06991652403734,0.2696023505097729,5.132493578980723e-06,4.942639709942651,0.06616001046808508
HeII_4686,4687.02,0.0,0.0,0.0,10000000000.0,0.2696023505097729,5.132493578980723e-06,4.942639709942651,0.06616001046808508
NeIII_3869,3870.16,15.26296957925797,2.1975080372325797,445.2927772819916,64.38814813449878,0.2696023505097729,5.132493578980723e-06,4.942639709942651,0.06616001046808508
