line,wl,amp,amp_err,flux,flux_err,z,zerr,FWHM,FWHMerr
HI_6563,6564.61,1.6713586121790058,1.6713586121790058,71.52391400055096,63.78867542027136,0.2693725468555653,0.00012815529325164,7.249932624575797,1.2134728924407787
HI_4861,4862.683,5.641342325745313,5.641342325745313,241.41490665981695,77.01422864674852,0.2693725468555653,0.00012815529325164,7.249932624575797,1.2134728924407787
HI_4341,4341.684,0.7020977441881087,0.7020977441881087,30.045484140487254,62.62133796520747,0.2693725468555653,0.00012815529325164,7.249932624575797,1.2134728924407787
HI_4102,4102.892,0.0,0.0,0.0,10000000000.0,0.2693725468555653,0.00012815529325164,7.249932624575797,1.2134728924407787
OIII_4363,4364.436,0.0,0.0,0.0,10000000000.0,0.2693725468555653,0.00012815529325164,7.249932624575797,1.2134728924407787
OIII_5007,5008.24,2.466884171339416,2.466884171339416,105.56753651460146,65.42262748499233,0.2693725468555653,0.00012815529325164,7.249932624575797,1.2134728924407787
OIII_4959,4960.295,0.500377218142944,0.500377218142944,21.413080865770407,62.49692476504355,0.2693725468555653,0.00012815529325164,7.249932624575797,1.2134728924407787
OII_3726,3727.092,0.0,0.0,0.0,10000000000.0,0.2693725468555653,0.00012815529325164,7.249932624575797,1.2134728924407787
OII_3729,3729.875,10.822253833982359,10.822253833982359,463.126193788377,119.67872024434227,0.2693725468555653,0.00012815529325164,7.249932624575797,1.2134728924407787
OI_6300,6302.046,2.3011893962799377,2.3011893962799377,98.47681477760449,65.03461948383611,0.2693725468555653,0.00012815529325164,7.249932624575797,1.2134728924407787
SII_6717,6718.29,0.0,0.0,0.0,10000000000.0,0.2693725468555653,0.00012815529325164,7.249932624575797,1.2134728924407787
SII_6731,6732.67,0.38186862621182627,0.38186862621182627,16.3416388210515,62.44310075428687,0.2693725468555653,0.00012815529325164,7.249932624575797,1.2134728924407787
NII_6548,6549.85,0.23771092105016578,0.23771092105016578,10.172571792966515,62.3975037011107,0.2693725468555653,0.00012815529325164,7.249932624575797,1.2134728924407787
NII_6584,6585.28,1.1972833508052645,1.1972833508052645,51.236395823899706,63.10143489430832,0.2693725468555653,0.00012815529325164,7.249932624575797,1.2134728924407787
NII_5755,5756.24,1.2825234628423914,1.2825234628423914,54.88415064941396,63.20825734219062,0.2693725468555653,0.00012815529325164,7.249932624575797,1.2134728924407787
HeI_5876,5877.594,0.2787521983161696,0.2787521983161696,11.928887142800027,62.40829180108349,0.2693725468555653,0.00012815529325164,7.249932624575797,1.2134728924407787
HeII_4686,4687.02,0.0,0.0,0.0,10000000000.0,0.2693725468555653,0.00012815529325164,7.249932624575797,1.2134728924407787
NeIII_3869,3870.16,0.0,10000000000.0,0.0,10000000000.0,0.2693725468555653,0.00012815529325164,7.249932624575797,1.2134728924407787
