line,wl,amp,amp_err,flux,flux_err,z,zerr,FWHM,FWHMerr
HI_6563,6564.61,5.406254683996394,5.406254683996394,212.64229350389806,71.84775560452927,0.2696530509235816,7.180719053924363e-05,6.663547356778379,0.8242672237171842
HI_4861,4862.683,5.028187090204597,5.028187090204597,197.77189524438432,71.03086185255353,0.2696530509235816,7.180719053924363e-05,6.663547356778379,0.8242672237171842
HI_4341,4341.684,3.2105730232214,3.2105730232214,126.28032732909955,67.84001778791763,0.2696530509235816,7.180719053924363e-05,6.663547356778379,0.8242672237171842
HI_4102,4102.892,0.0,0.0,0.0,10000000000.0,0.2696530509235816,7.180719053924363e-05,6.663547356778379,0.8242672237171842
OIII_4363,4364.436,3.560798815397902,3.560798815397902,140.05563390373902,68.35504705134736,0.2696530509235816,7.180719053924363e-05,6.663547356778379,0.8242672237171842
OIII_5007,5008.24,8.169065611404562,8.169065611404562,321.3109535026204,79.19535899271682,0.2696530509235816,7.180719053924363e-05,6.663547356778379,0.8242672237171842
OIII_4959,4960.295,11.902772931149116,11.902772931149116,468.1675361369919,92.13435065656644,0.2696530509235816,7.180719053924363e-05,6.663547356778379,0.8242672237171842
OII_3726,3727.092,8.507825341838725,8.507825341838725,334.63526954705685,100.86090921920051,0.2696530509235816,7.180719053924363e-05,6.663547356778379,0.8242672237171842
OII_3729,3729.875,1.440715560419676,1.440715560419676,56.66715294809778,96.30341876023742,0.2696530509235816,7.180719053924363e-05,6.663547356778379,0.8242672237171842
OI_6300,6302.046,0.0,0.0,0.0,10000000000.0,0.2696530509235816,7.180719053924363e-05,6.663547356778379,0.8242672237171842
SII_6717,6718.29,1.1971154344860224,1.1971154344860224,47.085715797216224,65.87652334800167,0.2696530509235816,7.180719053924363e-05,6.663547356778379,0.8242672237171842
SII_6731,6732.67,2.195756009018396,2.195756009018396,86.36489048782465,66.63310658157525,0.2696530509235816,7.180719053924363e-05,6.663547356778379,0.8242672237171842
NII_6548,6549.85,0.0,0.0,0.0,10000000000.0,0.2696530509235816,7.180719053924363e-05,6.663547356778379,0.8242672237171842
NII_6584,6585.28,0.0,0.0,0.0,10000000000.0,0.2696530509235816,7.180719053924363e-05,6.663547356778379,0.8242672237171842
NII_5755,5756.24,0.0,0.0,0.0,10000000000.0,0.2696530509235816,7.180719053924363e-05,6.663547356778379,0.8242672237171842
HeI_5876,5877.594,0.9423288492004076,0.9423288492004076,37.06428561755068,65.75374293286762,0.2696530509235816,7.180719053924363e-05,6.663547356778379,0.8242672237171842
HeII_4686,4687.02,0.0,0.0,0.0,10000000000.0,0.2696530509235816,7.180719053924363e-05,6.663547356778379,0.8242672237171842
NeIII_3869,3870.16,0.3873282402748828,1.6668206180937442,15.234643975373416,65.58754151168348,0.2696530509235816,7.180719053924363e-05,6.663547356778379,0.8242672237171842
