line,wl,amp,amp_err,flux,flux_err,z,zerr,FWHM,FWHMerr
HI_6563,6564.61,29.13724195621603,29.13724195621603,1103.8505610995662,81.78756221073313,0.2692419814604031,2.3327754101720754e-05,6.418213861973456,0.27658116310316966
HI_4861,4862.683,15.478862012147829,15.478862012147829,586.4093294405651,68.25519358090213,0.2692419814604031,2.3327754101720754e-05,6.418213861973456,0.27658116310316966
HI_4341,4341.684,5.251988097924709,5.251988097924709,198.96907255306078,62.86766810738563,0.2692419814604031,2.3327754101720754e-05,6.418213861973456,0.27658116310316966
HI_4102,4102.892,7.201097207569433,7.201097207569433,272.8101446613495,63.507635822991844,0.2692419814604031,2.3327754101720754e-05,6.418213861973456,0.27658116310316966
OIII_4363,4364.436,0.0,0.0,0.0,10000000000.0,0.2692419814604031,2.3327754101720754e-05,6.418213861973456,0.27658116310316966
OIII_5007,5008.24,27.60517971504555,27.60517971504555,1045.809111359856,79.99728047043544,0.2692419814604031,2.3327754101720754e-05,6.418213861973456,0.27658116310316966
OIII_4959,4960.295,12.474436930834145,12.474436930834145,472.58811339090386,66.17327045881224,0.2692419814604031,2.3327754101720754e-05,6.418213861973456,0.27658116310316966
OII_3726,3727.092,18.649079560299583,18.649079560299583,706.5115142868026,97.36682307621778,0.2692419814604031,2.3327754101720754e-05,6.418213861973456,0.27658116310316966
OII_3729,3729.875,24.357299642244016,24.357299642244016,922.7647186842057,99.03187155446032,0.2692419814604031,2.3327754101720754e-05,6.418213861973456,0.27658116310316966
OI_6300,6302.046,2.1384294384240548,2.1384294384240548,81.01338277052133,62.25490829480753,0.2692419814604031,2.3327754101720754e-05,6.418213861973456,0.27658116310316966
SII_6717,6718.29,7.382090885108937,7.382090885108937,279.6670040994417,63.57688404537617,0.2692419814604031,2.3327754101720754e-05,6.418213861973456,0.27658116310316966
SII_6731,6732.67,3.0971997052204188,3.0971997052204188,117.33593857587493,62.38916440370035,0.2692419814604031,2.3327754101720754e-05,6.418213861973456,0.27658116310316966
NII_6548,6549.85,0.0,0.0,0.0,10000000000.0,0.2692419814604031,2.3327754101720754e-05,6.418213861973456,0.27658116310316966
NII_6584,6585.28,7.139216810734297,7.139216810734297,270.4658352421474,63.484345811390966,0.2692419814604031,2.3327754101720754e-05,6.418213861973456,0.27658116310316966
NII_5755,5756.24,0.0,0.0,0.0,10000000000.0,0.2692419814604031,2.3327754101720754e-05,6.418213861973456,0.27658116310316966
HeI_5876,5877.594,0.16713553052863972,0.16713553052863972,6.331850126067051,62.133166941668165,0.2692419814604031,2.3327754101720754e-05,6.418213861973456,0.27658116310316966
HeII_4686,4687.02,0.0,0.0,0.0,10000000000.0,0.2692419814604031,2.3327754101720754e-05,6.418213861973456,0.27658116310316966
NeIII_3869,3870.16,5.212019554397443,1.6438902441644665,197.45488328061,62.85659615793404,0.2692419814604031,2.3327754101720754e-05,6.418213861973456,0.27658116310316966
