line,wl,amp,amp_err,flux,flux_err,z,zerr,FWHM,FWHMerr
HI_6563,6564.61,9.729732902159071,9.729732902159071,32.369681185931434,114.29283510458008,0.27010961939206407,1.4269877153605404e-05,0.5636244772131299,0.5212805699327742
HI_4861,4862.683,0.18315893648264137,0.18315893648264137,0.6093483181826852,10.90214185052454,0.27010961939206407,1.4269877153605404e-05,0.5636244772131299,0.5212805699327742
HI_4341,4341.684,38.709884166021766,38.709884166021766,128.783248399389,409.14795661756193,0.27010961939206407,1.4269877153605404e-05,0.5636244772131299,0.5212805699327742
HI_4102,4102.892,0.0,0.0,0.0,10000000000.0,0.27010961939206407,1.4269877153605404e-05,0.5636244772131299,0.5212805699327742
OIII_4363,4364.436,0.0,0.0,0.0,10000000000.0,0.27010961939206407,1.4269877153605404e-05,0.5636244772131299,0.5212805699327742
OIII_5007,5008.24,0.20422633363511977,0.20422633363511977,0.6794370797243098,10.980797865291507,0.27010961939206407,1.4269877153605404e-05,0.5636244772131299,0.5212805699327742
OIII_4959,4960.295,41.14193517647482,41.14193517647482,136.87439711106828,208.86043287436547,0.27010961939206407,1.4269877153605404e-05,0.5636244772131299,0.5212805699327742
OII_3726,3727.092,12.4888499307458,12.4888499307458,41.548940212683156,53.78403637272328,0.27010961939206407,1.4269877153605404e-05,0.5636244772131299,0.5212805699327742
OII_3729,3729.875,4.616629178872358,4.616629178872358,15.358984278037635,17.717254445704825,0.27010961939206407,1.4269877153605404e-05,0.5636244772131299,0.5212805699327742
OI_6300,6302.046,3.9779495569551955,3.9779495569551955,13.234172019643351,150.82565824983325,0.27010961939206407,1.4269877153605404e-05,0.5636244772131299,0.5212805699327742
SII_6717,6718.29,0.0,0.0,0.0,10000000000.0,0.27010961939206407,1.4269877153605404e-05,0.5636244772131299,0.5212805699327742
SII_6731,6732.67,0.07416629524357177,0.07416629524357177,0.24674257309194444,12.789412768860457,0.27010961939206407,1.4269877153605404e-05,0.5636244772131299,0.5212805699327742
NII_6548,6549.85,0.0,0.0,0.0,10000000000.0,0.27010961939206407,1.4269877153605404e-05,0.5636244772131299,0.5212805699327742
NII_6584,6585.28,39.12749907504485,39.12749907504485,130.17260426347133,403.65899095930456,0.27010961939206407,1.4269877153605404e-05,0.5636244772131299,0.5212805699327742
NII_5755,5756.24,5.6615279133073955,5.6615279133073955,18.83523992095872,20.408190975814797,0.27010961939206407,1.4269877153605404e-05,0.5636244772131299,0.5212805699327742
HeI_5876,5877.594,0.0,0.0,0.0,10000000000.0,0.27010961939206407,1.4269877153605404e-05,0.5636244772131299,0.5212805699327742
HeII_4686,4687.02,0.0,0.0,0.0,10000000000.0,0.27010961939206407,1.4269877153605404e-05,0.5636244772131299,0.5212805699327742
NeIII_3869,3870.16,0.0,10000000000.0,0.0,10000000000.0,0.27010961939206407,1.4269877153605404e-05,0.5636244772131299,0.5212805699327742
