line,wl,amp,amp_err,flux,flux_err,z,zerr,FWHM,FWHMerr
HI_6563,6564.61,1265.0537899487163,1265.0537899487163,3231.2867001958034,31043.22032678123,0.269569186178095,4.798682546563384e-06,0.4327318315034995,0.3661171940202744
HI_4861,4862.683,6.928725453415609,6.928725453415609,17.697823274247973,17.472788481669806,0.269569186178095,4.798682546563384e-06,0.4327318315034995,0.3661171940202744
HI_4341,4341.684,15.63538551104557,15.63538551104557,39.93696841643693,82.78517345089392,0.269569186178095,4.798682546563384e-06,0.4327318315034995,0.3661171940202744
HI_4102,4102.892,0.0,0.0,0.0,10000000000.0,0.269569186178095,4.798682546563384e-06,0.4327318315034995,0.3661171940202744
OIII_4363,4364.436,5.577969268717084,5.577969268717084,14.247629670226983,17.05093099073534,0.269569186178095,4.798682546563384e-06,0.4327318315034995,0.3661171940202744
OIII_5007,5008.24,0.0,0.0,0.0,10000000000.0,0.269569186178095,4.798682546563384e-06,0.4327318315034995,0.3661171940202744
OIII_4959,4960.295,0.0,0.0,0.0,10000000000.0,0.269569186178095,4.798682546563384e-06,0.4327318315034995,0.3661171940202744
OII_3726,3727.092,0.0,0.0,0.0,10000000000.0,0.269569186178095,4.798682546563384e-06,0.4327318315034995,0.3661171940202744
OII_3729,3729.875,24.145052720041804,24.145052720041804,61.6729409845572,522.0114182910494,0.269569186178095,4.798682546563384e-06,0.4327318315034995,0.3661171940202744
OI_6300,6302.046,0.0,0.0,0.0,10000000000.0,0.269569186178095,4.798682546563384e-06,0.4327318315034995,0.3661171940202744
SII_6717,6718.29,0.952472727147665,0.952472727147665,2.4328708233475536,309.2019644667868,0.269569186178095,4.798682546563384e-06,0.4327318315034995,0.3661171940202744
SII_6731,6732.67,21.843949579664127,21.843949579664127,55.795306347707,102.48445705298312,0.269569186178095,4.798682546563384e-06,0.4327318315034995,0.3661171940202744
NII_6548,6549.85,0.0,0.0,0.0,10000000000.0,0.269569186178095,4.798682546563384e-06,0.4327318315034995,0.3661171940202744
NII_6584,6585.28,0.0,0.0,0.0,10000000000.0,0.269569186178095,4.798682546563384e-06,0.4327318315034995,0.3661171940202744
NII_5755,5756.24,0.0,0.0,0.0,10000000000.0,0.269569186178095,4.798682546563384e-06,0.4327318315034995,0.3661171940202744
HeI_5876,5877.594,1.4315569512011734,1.4315569512011734,3.656580434557433,37.458919084863254,0.269569186178095,4.798682546563384e-06,0.4327318315034995,0.3661171940202744
HeII_4686,4687.02,0.0,0.0,0.0,10000000000.0,0.269569186178095,4.798682546563384e-06,0.4327318315034995,0.3661171940202744
NeIII_3869,3870.16,0.0,10000000000.0,0.0,10000000000.0,0.269569186178095,4.798682546563384e-06,0.4327318315034995,0.3661171940202744
