line,wl,amp,amp_err,flux,flux_err,z,zerr,FWHM,FWHMerr
HI_6563,6564.61,2.136587327716029,2.136587327716029,21.389560758745596,34.50198166420414,0.26998102436646937,3.694921377094292e-05,1.6960301168366654,0.441875875759567
HI_4861,4862.683,0.0,0.0,0.0,10000000000.0,0.26998102436646937,3.694921377094292e-05,1.6960301168366654,0.441875875759567
HI_4341,4341.684,0.0,0.0,0.0,10000000000.0,0.26998102436646937,3.694921377094292e-05,1.6960301168366654,0.441875875759567
HI_4102,4102.892,8.627805923882875,8.627805923882875,86.37371224177062,43.97861850917551,0.26998102436646937,3.694921377094292e-05,1.6960301168366654,0.441875875759567
OIII_4363,4364.436,5.0419410871115815,5.0419410871115815,50.475308837515726,37.431553178610855,0.26998102436646937,3.694921377094292e-05,1.6960301168366654,0.441875875759567
OIII_5007,5008.24,0.0,0.0,0.0,10000000000.0,0.26998102436646937,3.694921377094292e-05,1.6960301168366654,0.441875875759567
OIII_4959,4960.295,5.601843236670902,5.601843236670902,56.080537742319514,37.495813878991584,0.26998102436646937,3.694921377094292e-05,1.6960301168366654,0.441875875759567
OII_3726,3727.092,1.8559508152505941,1.8559508152505941,18.580084330314914,33.33238028748641,0.26998102436646937,3.694921377094292e-05,1.6960301168366654,0.441875875759567
OII_3729,3729.875,3.9002831910549958,3.9002831910549958,39.04607277651744,36.357815809333374,0.26998102436646937,3.694921377094292e-05,1.6960301168366654,0.441875875759567
OI_6300,6302.046,0.42701028351268633,0.42701028351268633,4.274836925840701,32.29571894324804,0.26998102436646937,3.694921377094292e-05,1.6960301168366654,0.441875875759567
SII_6717,6718.29,3.7324554319002345,3.7324554319002345,37.365934546322904,34.48589957803771,0.26998102436646937,3.694921377094292e-05,1.6960301168366654,0.441875875759567
SII_6731,6732.67,0.0,0.0,0.0,10000000000.0,0.26998102436646937,3.694921377094292e-05,1.6960301168366654,0.441875875759567
NII_6548,6549.85,1.3984318784331435,1.3984318784331435,13.99982263429768,34.11039273975411,0.26998102436646937,3.694921377094292e-05,1.6960301168366654,0.441875875759567
NII_6584,6585.28,0.0,0.0,0.0,10000000000.0,0.26998102436646937,3.694921377094292e-05,1.6960301168366654,0.441875875759567
NII_5755,5756.24,0.0,0.0,0.0,10000000000.0,0.26998102436646937,3.694921377094292e-05,1.6960301168366654,0.441875875759567
HeI_5876,5877.594,0.0,0.0,0.0,10000000000.0,0.26998102436646937,3.694921377094292e-05,1.6960301168366654,0.441875875759567
HeII_4686,4687.02,0.0,0.0,0.0,10000000000.0,0.26998102436646937,3.694921377094292e-05,1.6960301168366654,0.441875875759567
NeIII_3869,3870.16,0.0,10000000000.0,0.0,10000000000.0,0.26998102436646937,3.694921377094292e-05,1.6960301168366654,0.441875875759567
