line,wl,amp,amp_err,flux,flux_err,z,zerr,FWHM,FWHMerr
HI_6563,6564.61,0.0,0.0,0.0,10000000000.0,0.2701003739990411,4.349742884157379e-05,4.038717259139586,0.4888524301361895
HI_4861,4862.683,0.0,0.0,0.0,10000000000.0,0.2701003739990411,4.349742884157379e-05,4.038717259139586,0.4888524301361895
HI_4341,4341.684,4.215329724715389,4.215329724715389,100.48995679267642,51.53455318332907,0.2701003739990411,4.349742884157379e-05,4.038717259139586,0.4888524301361895
HI_4102,4102.892,6.476179718123717,6.476179718123717,154.3867413835106,53.92021487268509,0.2701003739990411,4.349742884157379e-05,4.038717259139586,0.4888524301361895
OIII_4363,4364.436,3.17680436308774,3.17680436308774,75.73237540914482,50.75333306843545,0.2701003739990411,4.349742884157379e-05,4.038717259139586,0.4888524301361895
OIII_5007,5008.24,6.074668665786248,6.074668665786248,144.81505163772246,53.43288070994762,0.2701003739990411,4.349742884157379e-05,4.038717259139586,0.4888524301361895
OIII_4959,4960.295,18.025590351690653,18.025590351690653,429.7150908464653,76.50911621285582,0.2701003739990411,4.349742884157379e-05,4.038717259139586,0.4888524301361895
OII_3726,3727.092,7.8102405199389295,7.8102405199389295,186.189642007676,57.68226861716214,0.2701003739990411,4.349742884157379e-05,4.038717259139586,0.4888524301361895
OII_3729,3729.875,0.0,0.0,0.0,10000000000.0,0.2701003739990411,4.349742884157379e-05,4.038717259139586,0.4888524301361895
OI_6300,6302.046,0.02377461468540787,0.02377461468540787,0.5667670522880568,49.70739294994936,0.2701003739990411,4.349742884157379e-05,4.038717259139586,0.4888524301361895
SII_6717,6718.29,1.1656337724048171,1.1656337724048171,27.787740242064505,49.84945716610051,0.2701003739990411,4.349742884157379e-05,4.038717259139586,0.4888524301361895
SII_6731,6732.67,0.0,0.0,0.0,10000000000.0,0.2701003739990411,4.349742884157379e-05,4.038717259139586,0.4888524301361895
NII_6548,6549.85,0.0,0.0,0.0,10000000000.0,0.2701003739990411,4.349742884157379e-05,4.038717259139586,0.4888524301361895
NII_6584,6585.28,0.0,0.0,0.0,10000000000.0,0.2701003739990411,4.349742884157379e-05,4.038717259139586,0.4888524301361895
NII_5755,5756.24,0.0,0.0,0.0,10000000000.0,0.2701003739990411,4.349742884157379e-05,4.038717259139586,0.4888524301361895
HeI_5876,5877.594,1.4527657516604222,1.4527657516604222,34.63272795916167,49.92792991173172,0.2701003739990411,4.349742884157379e-05,4.038717259139586,0.4888524301361895
HeII_4686,4687.02,0.0,0.0,0.0,10000000000.0,0.2701003739990411,4.349742884157379e-05,4.038717259139586,0.4888524301361895
NeIII_3869,3870.16,5.927132382830564,2.1157604056297754,141.29790928640384,53.25878670979669,0.2701003739990411,4.349742884157379e-05,4.038717259139586,0.4888524301361895
