line,wl,amp,amp_err,flux,flux_err,z,zerr,FWHM,FWHMerr
HI_6563,6564.61,0.0,0.0,0.0,10000000000.0,0.2701729135449379,6.144621936852475e-06,0.8570952883355426,0.4474922823948568
HI_4861,4862.683,2.1789143129254853,2.1789143129254853,11.023434288483605,30.09653690150811,0.2701729135449379,6.144621936852475e-06,0.8570952883355426,0.4474922823948568
HI_4341,4341.684,5.246577855511532,5.246577855511532,26.543176060922256,23.318747914279538,0.2701729135449379,6.144621936852475e-06,0.8570952883355426,0.4474922823948568
HI_4102,4102.892,4.890846002656758,4.890846002656758,24.743478532202033,29.43903429760519,0.2701729135449379,6.144621936852475e-06,0.8570952883355426,0.4474922823948568
OIII_4363,4364.436,0.0,0.0,0.0,10000000000.0,0.2701729135449379,6.144621936852475e-06,0.8570952883355426,0.4474922823948568
OIII_5007,5008.24,3.3341517895039487,3.3341517895039487,16.867943333705433,24.183124068762154,0.2701729135449379,6.144621936852475e-06,0.8570952883355426,0.4474922823948568
OIII_4959,4960.295,116.59749234192736,116.59749234192736,589.8831300564143,950.646065573183,0.2701729135449379,6.144621936852475e-06,0.8570952883355426,0.4474922823948568
OII_3726,3727.092,13.273953957425874,13.273953957425874,67.15480197180432,85.2156335675325,0.2701729135449379,6.144621936852475e-06,0.8570952883355426,0.4474922823948568
OII_3729,3729.875,0.0,0.0,0.0,10000000000.0,0.2701729135449379,6.144621936852475e-06,0.8570952883355426,0.4474922823948568
OI_6300,6302.046,2.868559021926444,2.868559021926444,14.512443969578142,20.205851844418994,0.2701729135449379,6.144621936852475e-06,0.8570952883355426,0.4474922823948568
SII_6717,6718.29,0.0,0.0,0.0,10000000000.0,0.2701729135449379,6.144621936852475e-06,0.8570952883355426,0.4474922823948568
SII_6731,6732.67,0.0,0.0,0.0,10000000000.0,0.2701729135449379,6.144621936852475e-06,0.8570952883355426,0.4474922823948568
NII_6548,6549.85,0.0,0.0,0.0,10000000000.0,0.2701729135449379,6.144621936852475e-06,0.8570952883355426,0.4474922823948568
NII_6584,6585.28,0.0,0.0,0.0,10000000000.0,0.2701729135449379,6.144621936852475e-06,0.8570952883355426,0.4474922823948568
NII_5755,5756.24,0.38565186669075047,0.38565186669075047,1.9510670912931445,26.76668790716315,0.2701729135449379,6.144621936852475e-06,0.8570952883355426,0.4474922823948568
HeI_5876,5877.594,6.184627484232806,6.184627484232806,31.28890120495596,58.90964259999214,0.2701729135449379,6.144621936852475e-06,0.8570952883355426,0.4474922823948568
HeII_4686,4687.02,0.0,0.0,0.0,10000000000.0,0.2701729135449379,6.144621936852475e-06,0.8570952883355426,0.4474922823948568
NeIII_3869,3870.16,0.0,10000000000.0,0.0,10000000000.0,0.2701729135449379,6.144621936852475e-06,0.8570952883355426,0.4474922823948568
