line,wl,amp,amp_err,flux,flux_err,z,zerr,FWHM,FWHMerr
HI_6563,6564.61,5.052138455859904,5.052138455859904,127.1532069014753,57.047366032678845,0.2701133767051706,4.584277025670043e-05,4.263874521177032,0.5428853777627146
HI_4861,4862.683,1.1823316681447977,1.1823316681447977,29.757154230681827,54.26686918189911,0.2701133767051706,4.584277025670043e-05,4.263874521177032,0.5428853777627146
HI_4341,4341.684,0.0,0.0,0.0,10000000000.0,0.2701133767051706,4.584277025670043e-05,4.263874521177032,0.5428853777627146
HI_4102,4102.892,0.0,0.0,0.0,10000000000.0,0.2701133767051706,4.584277025670043e-05,4.263874521177032,0.5428853777627146
OIII_4363,4364.436,2.3253598046687785,2.3253598046687785,58.52510950496059,54.73897768766308,0.2701133767051706,4.584277025670043e-05,4.263874521177032,0.5428853777627146
OIII_5007,5008.24,4.591873525402548,4.591873525402548,115.56916928190927,56.54515237354826,0.2701133767051706,4.584277025670043e-05,4.263874521177032,0.5428853777627146
OIII_4959,4960.295,22.06730804180347,22.06730804180347,555.3943166271441,95.7888521040061,0.2701133767051706,4.584277025670043e-05,4.263874521177032,0.5428853777627146
OII_3726,3727.092,0.0,0.0,0.0,10000000000.0,0.2701133767051706,4.584277025670043e-05,4.263874521177032,0.5428853777627146
OII_3729,3729.875,2.6005338018456996,2.6005338018456996,65.45074238352106,59.30375104164952,0.2701133767051706,4.584277025670043e-05,4.263874521177032,0.5428853777627146
OI_6300,6302.046,1.1364397648696922,1.1364397648696922,28.60213785034615,54.25427054153963,0.2701133767051706,4.584277025670043e-05,4.263874521177032,0.5428853777627146
SII_6717,6718.29,0.0,0.0,0.0,10000000000.0,0.2701133767051706,4.584277025670043e-05,4.263874521177032,0.5428853777627146
SII_6731,6732.67,0.0,0.0,0.0,10000000000.0,0.2701133767051706,4.584277025670043e-05,4.263874521177032,0.5428853777627146
NII_6548,6549.85,0.0,0.0,0.0,10000000000.0,0.2701133767051706,4.584277025670043e-05,4.263874521177032,0.5428853777627146
NII_6584,6585.28,0.0,0.0,0.0,10000000000.0,0.2701133767051706,4.584277025670043e-05,4.263874521177032,0.5428853777627146
NII_5755,5756.24,0.0,0.0,0.0,10000000000.0,0.2701133767051706,4.584277025670043e-05,4.263874521177032,0.5428853777627146
HeI_5876,5877.594,2.1765823207460926,2.1765823207460926,54.780648746257505,54.66021258237983,0.2701133767051706,4.584277025670043e-05,4.263874521177032,0.5428853777627146
HeII_4686,4687.02,0.0,0.0,0.0,10000000000.0,0.2701133767051706,4.584277025670043e-05,4.263874521177032,0.5428853777627146
NeIII_3869,3870.16,0.0,10000000000.0,0.0,10000000000.0,0.2701133767051706,4.584277025670043e-05,4.263874521177032,0.5428853777627146
