line,wl,amp,amp_err,flux,flux_err,z,zerr,FWHM,FWHMerr
HI_6563,6564.61,22.30570668473547,22.30570668473547,805.4442662300374,80.84030817579918,0.2692989916387801,2.9137324031262413e-05,6.117470010503856,0.3453425756998273
HI_4861,4862.683,12.017919742546496,12.017919742546496,433.9591067639666,68.5626004572027,0.2692989916387801,2.9137324031262413e-05,6.117470010503856,0.3453425756998273
HI_4341,4341.684,8.87724242588979,8.87724242588979,320.55133302546403,66.02984205546831,0.2692989916387801,2.9137324031262413e-05,6.117470010503856,0.3453425756998273
HI_4102,4102.892,1.4668621683410947,1.4668621683410947,52.96741948322209,62.94250351227444,0.2692989916387801,2.9137324031262413e-05,6.117470010503856,0.3453425756998273
OIII_4363,4364.436,0.0,0.0,0.0,10000000000.0,0.2692989916387801,2.9137324031262413e-05,6.117470010503856,0.3453425756998273
OIII_5007,5008.24,24.96813828102222,24.96813828102222,901.5829043717449,84.7876570769874,0.2692989916387801,2.9137324031262413e-05,6.117470010503856,0.3453425756998273
OIII_4959,4960.295,11.79034928334238,11.79034928334238,425.7416884987687,68.35661147913133,0.2692989916387801,2.9137324031262413e-05,6.117470010503856,0.3453425756998273
OII_3726,3727.092,13.84777853777041,13.84777853777041,500.03409355792047,93.49873947954725,0.2692989916387801,2.9137324031262413e-05,6.117470010503856,0.3453425756998273
OII_3729,3729.875,18.07793529936339,18.07793529936339,652.7822470701747,95.11461260745168,0.2692989916387801,2.9137324031262413e-05,6.117470010503856,0.3453425756998273
OI_6300,6302.046,0.0,0.0,0.0,10000000000.0,0.2692989916387801,2.9137324031262413e-05,6.117470010503856,0.3453425756998273
SII_6717,6718.29,2.318912464645223,2.318912464645223,83.7343902587953,63.0754866659545,0.2692989916387801,2.9137324031262413e-05,6.117470010503856,0.3453425756998273
SII_6731,6732.67,4.218069153228839,4.218069153228839,152.31167799561015,63.58464361800673,0.2692989916387801,2.9137324031262413e-05,6.117470010503856,0.3453425756998273
NII_6548,6549.85,0.0,0.0,0.0,10000000000.0,0.2692989916387801,2.9137324031262413e-05,6.117470010503856,0.3453425756998273
NII_6584,6585.28,2.5475797825884,2.5475797825884,91.99141536518087,63.121271635535486,0.2692989916387801,2.9137324031262413e-05,6.117470010503856,0.3453425756998273
NII_5755,5756.24,0.23404986078287493,0.23404986078287493,8.45138515645019,62.855932646408085,0.2692989916387801,2.9137324031262413e-05,6.117470010503856,0.3453425756998273
HeI_5876,5877.594,1.8445989542507277,1.8445989542507277,66.60724415478394,62.9940995668306,0.2692989916387801,2.9137324031262413e-05,6.117470010503856,0.3453425756998273
HeII_4686,4687.02,0.0,0.0,0.0,10000000000.0,0.2692989916387801,2.9137324031262413e-05,6.117470010503856,0.3453425756998273
NeIII_3869,3870.16,7.2884453709214085,1.7527689894330993,263.1809257026068,65.01172097977793,0.2692989916387801,2.9137324031262413e-05,6.117470010503856,0.3453425756998273
