line,wl,amp,amp_err,flux,flux_err,z,zerr,FWHM,FWHMerr
HI_6563,6564.61,17.336567760020216,17.336567760020216,646.7191322142301,90.31054121439003,0.2692724305094156,4.355617758902493e-05,6.319823209514741,0.4947646011328464
HI_4861,4862.683,6.936955849610854,6.936955849610854,258.77452384863096,73.9284785794944,0.2692724305094156,4.355617758902493e-05,6.319823209514741,0.4947646011328464
HI_4341,4341.684,5.201804939588214,5.201804939588214,194.04687381294337,72.39431116253918,0.2692724305094156,4.355617758902493e-05,6.319823209514741,0.4947646011328464
HI_4102,4102.892,0.16702771268251126,0.16702771268251126,6.230761411198469,70.37632141601969,0.2692724305094156,4.355617758902493e-05,6.319823209514741,0.4947646011328464
OIII_4363,4364.436,0.0,0.0,0.0,10000000000.0,0.2692724305094156,4.355617758902493e-05,6.319823209514741,0.4947646011328464
OIII_5007,5008.24,18.93117062132626,18.93117062132626,706.2038118212489,93.6620797380755,0.2692724305094156,4.355617758902493e-05,6.319823209514741,0.4947646011328464
OIII_4959,4960.295,6.464001223627406,6.464001223627406,241.13153882837318,73.47097571661287,0.2692724305094156,4.355617758902493e-05,6.319823209514741,0.4947646011328464
OII_3726,3727.092,9.246296072901941,9.246296072901941,344.92159320329125,111.82963671355482,0.2692724305094156,4.355617758902493e-05,6.319823209514741,0.4947646011328464
OII_3729,3729.875,20.01243768411507,20.01243768411507,746.539136910867,117.26504274368078,0.2692724305094156,4.355617758902493e-05,6.319823209514741,0.4947646011328464
OI_6300,6302.046,0.0,0.0,0.0,10000000000.0,0.2692724305094156,4.355617758902493e-05,6.319823209514741,0.4947646011328464
SII_6717,6718.29,3.7838476474307754,3.7838476474307754,141.15173780940097,71.45026346170266,0.2692724305094156,4.355617758902493e-05,6.319823209514741,0.4947646011328464
SII_6731,6732.67,1.3782557852422315,1.3782557852422315,51.41412058831065,70.51792370810477,0.2692724305094156,4.355617758902493e-05,6.319823209514741,0.4947646011328464
NII_6548,6549.85,0.0,0.0,0.0,10000000000.0,0.2692724305094156,4.355617758902493e-05,6.319823209514741,0.4947646011328464
NII_6584,6585.28,2.1198667235323683,2.1198667235323683,79.07899572914528,70.71371455559165,0.2692724305094156,4.355617758902493e-05,6.319823209514741,0.4947646011328464
NII_5755,5756.24,2.8499840847533733,2.8499840847533733,106.31511724982403,70.98661729914966,0.2692724305094156,4.355617758902493e-05,6.319823209514741,0.4947646011328464
HeI_5876,5877.594,0.0034294357598128045,0.0034294357598128045,0.12793084244075306,70.37416713893833,0.2692724305094156,4.355617758902493e-05,6.319823209514741,0.4947646011328464
HeII_4686,4687.02,0.0,0.0,0.0,10000000000.0,0.2692724305094156,4.355617758902493e-05,6.319823209514741,0.4947646011328464
NeIII_3869,3870.16,5.093169421949028,1.897009689774172,189.99436072801333,72.31190406151943,0.2692724305094156,4.355617758902493e-05,6.319823209514741,0.4947646011328464
