line,wl,amp,amp_err,flux,flux_err,z,zerr,FWHM,FWHMerr
HI_6563,6564.61,0.0,0.0,0.0,10000000000.0,0.27005479821513095,2.905748193831689e-05,0.9072490310025788,0.536539917425441
HI_4861,4862.683,2.336555546998852,2.336555546998852,12.512678362343546,21.137206879425097,0.27005479821513095,2.905748193831689e-05,0.9072490310025788,0.536539917425441
HI_4341,4341.684,13.611838272770683,13.611838272770683,72.89386055734165,127.22734943446828,0.27005479821513095,2.905748193831689e-05,0.9072490310025788,0.536539917425441
HI_4102,4102.892,0.0,0.0,0.0,10000000000.0,0.27005479821513095,2.905748193831689e-05,0.9072490310025788,0.536539917425441
OIII_4363,4364.436,6.670512753937828,6.670512753937828,35.7218045636197,61.25160385568769,0.27005479821513095,2.905748193831689e-05,0.9072490310025788,0.536539917425441
OIII_5007,5008.24,10.234531759545803,10.234531759545803,54.8077721759591,52.194939527069366,0.27005479821513095,2.905748193831689e-05,0.9072490310025788,0.536539917425441
OIII_4959,4960.295,20.962774003463323,20.962774003463323,112.25945346120298,68.53934858928818,0.27005479821513095,2.905748193831689e-05,0.9072490310025788,0.536539917425441
OII_3726,3727.092,1.5278923755969345,1.5278923755969345,8.182140541309732,17.654813461447823,0.27005479821513095,2.905748193831689e-05,0.9072490310025788,0.536539917425441
OII_3729,3729.875,0.0,0.0,0.0,10000000000.0,0.27005479821513095,2.905748193831689e-05,0.9072490310025788,0.536539917425441
OI_6300,6302.046,0.0,0.0,0.0,10000000000.0,0.27005479821513095,2.905748193831689e-05,0.9072490310025788,0.536539917425441
SII_6717,6718.29,0.0,0.0,0.0,10000000000.0,0.27005479821513095,2.905748193831689e-05,0.9072490310025788,0.536539917425441
SII_6731,6732.67,0.0,0.0,0.0,10000000000.0,0.27005479821513095,2.905748193831689e-05,0.9072490310025788,0.536539917425441
NII_6548,6549.85,0.3414975724243732,0.3414975724243732,1.8287813832441284,17.408010168202765,0.27005479821513095,2.905748193831689e-05,0.9072490310025788,0.536539917425441
NII_6584,6585.28,0.7617592540816531,0.7617592540816531,4.079358844306193,17.52620297557307,0.27005479821513095,2.905748193831689e-05,0.9072490310025788,0.536539917425441
NII_5755,5756.24,5.704826178349094,5.704826178349094,30.550377958891644,36.07254266692231,0.27005479821513095,2.905748193831689e-05,0.9072490310025788,0.536539917425441
HeI_5876,5877.594,2.370145182837746,2.370145182837746,12.69255694905216,18.589682839416113,0.27005479821513095,2.905748193831689e-05,0.9072490310025788,0.536539917425441
HeII_4686,4687.02,0.0,0.0,0.0,10000000000.0,0.27005479821513095,2.905748193831689e-05,0.9072490310025788,0.536539917425441
NeIII_3869,3870.16,4.887401483115013,8.535689188045133,26.17292059005736,48.259730897760875,0.27005479821513095,2.905748193831689e-05,0.9072490310025788,0.536539917425441
