line,wl,amp,amp_err,flux,flux_err,z,zerr,FWHM,FWHMerr
HI_6563,6564.61,0.0,0.0,0.0,10000000000.0,0.2699329061316351,2.3740529805226884e-05,1.8679616789307463,0.4404032741701592
HI_4861,4862.683,0.0,0.0,0.0,10000000000.0,0.2699329061316351,2.3740529805226884e-05,1.8679616789307463,0.4404032741701592
HI_4341,4341.684,0.0,0.0,0.0,10000000000.0,0.2699329061316351,2.3740529805226884e-05,1.8679616789307463,0.4404032741701592
HI_4102,4102.892,0.26449428986904877,0.26449428986904877,2.9162981424118235,31.575239948258286,0.2699329061316351,2.3740529805226884e-05,1.8679616789307463,0.4404032741701592
OIII_4363,4364.436,0.0,0.0,0.0,10000000000.0,0.2699329061316351,2.3740529805226884e-05,1.8679616789307463,0.4404032741701592
OIII_5007,5008.24,0.14927963071249906,0.14927963071249906,1.6459482356398807,30.94922362954444,0.2699329061316351,2.3740529805226884e-05,1.8679616789307463,0.4404032741701592
OIII_4959,4960.295,18.37880272801135,18.37880272801135,202.64357420339502,65.23888585565287,0.2699329061316351,2.3740529805226884e-05,1.8679616789307463,0.4404032741701592
OII_3726,3727.092,0.0,0.0,0.0,10000000000.0,0.2699329061316351,2.3740529805226884e-05,1.8679616789307463,0.4404032741701592
OII_3729,3729.875,0.0,0.0,0.0,10000000000.0,0.2699329061316351,2.3740529805226884e-05,1.8679616789307463,0.4404032741701592
OI_6300,6302.046,0.8017451386181165,0.8017451386181165,8.839993708738783,31.3462455909842,0.2699329061316351,2.3740529805226884e-05,1.8679616789307463,0.4404032741701592
SII_6717,6718.29,0.0,0.0,0.0,10000000000.0,0.2699329061316351,2.3740529805226884e-05,1.8679616789307463,0.4404032741701592
SII_6731,6732.67,0.0,0.0,0.0,10000000000.0,0.2699329061316351,2.3740529805226884e-05,1.8679616789307463,0.4404032741701592
NII_6548,6549.85,3.2375956822941134,3.2375956822941134,35.697535394164845,33.081561493745056,0.2699329061316351,2.3740529805226884e-05,1.8679616789307463,0.4404032741701592
NII_6584,6585.28,0.0,0.0,0.0,10000000000.0,0.2699329061316351,2.3740529805226884e-05,1.8679616789307463,0.4404032741701592
NII_5755,5756.24,3.563310509864891,3.563310509864891,39.28884750555648,32.30955126275691,0.2699329061316351,2.3740529805226884e-05,1.8679616789307463,0.4404032741701592
HeI_5876,5877.594,3.1887905491222455,3.1887905491222455,35.15941292929141,33.07882214496345,0.2699329061316351,2.3740529805226884e-05,1.8679616789307463,0.4404032741701592
HeII_4686,4687.02,0.0,0.0,0.0,10000000000.0,0.2699329061316351,2.3740529805226884e-05,1.8679616789307463,0.4404032741701592
NeIII_3869,3870.16,0.0,10000000000.0,0.0,10000000000.0,0.2699329061316351,2.3740529805226884e-05,1.8679616789307463,0.4404032741701592
