line,wl,amp,amp_err,flux,flux_err,z,zerr,FWHM,FWHMerr
HI_6563,6564.61,0.0,0.0,0.0,10000000000.0,0.2706704123215126,1.0431534750998093e-05,0.47574088033747075,0.22936268891071948
HI_4861,4862.683,1.3405868914426264,1.3405868914426264,3.7645502496347687,24.12817210319358,0.2706704123215126,1.0431534750998093e-05,0.47574088033747075,0.22936268891071948
HI_4341,4341.684,0.0,0.0,0.0,10000000000.0,0.2706704123215126,1.0431534750998093e-05,0.47574088033747075,0.22936268891071948
HI_4102,4102.892,0.0,0.0,0.0,10000000000.0,0.2706704123215126,1.0431534750998093e-05,0.47574088033747075,0.22936268891071948
OIII_4363,4364.436,0.0,0.0,0.0,10000000000.0,0.2706704123215126,1.0431534750998093e-05,0.47574088033747075,0.22936268891071948
OIII_5007,5008.24,15.833030985441383,15.833030985441383,44.46130357471819,51.242328235577034,0.2706704123215126,1.0431534750998093e-05,0.47574088033747075,0.22936268891071948
OIII_4959,4960.295,0.0,0.0,0.0,10000000000.0,0.2706704123215126,1.0431534750998093e-05,0.47574088033747075,0.22936268891071948
OII_3726,3727.092,2.3041179308181654,2.3041179308181654,6.47027640432563,12.934541566289328,0.2706704123215126,1.0431534750998093e-05,0.47574088033747075,0.22936268891071948
OII_3729,3729.875,0.0,0.0,0.0,10000000000.0,0.2706704123215126,1.0431534750998093e-05,0.47574088033747075,0.22936268891071948
OI_6300,6302.046,61.98377073304755,61.98377073304755,174.05885517446507,649.2772556338123,0.2706704123215126,1.0431534750998093e-05,0.47574088033747075,0.22936268891071948
SII_6717,6718.29,0.0,0.0,0.0,10000000000.0,0.2706704123215126,1.0431534750998093e-05,0.47574088033747075,0.22936268891071948
SII_6731,6732.67,0.0,0.0,0.0,10000000000.0,0.2706704123215126,1.0431534750998093e-05,0.47574088033747075,0.22936268891071948
NII_6548,6549.85,0.0,0.0,0.0,10000000000.0,0.2706704123215126,1.0431534750998093e-05,0.47574088033747075,0.22936268891071948
NII_6584,6585.28,18.054032673437973,18.054032673437973,50.69817826919571,134.97331796480398,0.2706704123215126,1.0431534750998093e-05,0.47574088033747075,0.22936268891071948
NII_5755,5756.24,232.88150047783938,232.88150047783938,653.9629145677723,1961.8458546556383,0.2706704123215126,1.0431534750998093e-05,0.47574088033747075,0.22936268891071948
HeI_5876,5877.594,2.955314671323663,2.955314671323663,8.298925384619075,10.40723858291611,0.2706704123215126,1.0431534750998093e-05,0.47574088033747075,0.22936268891071948
HeII_4686,4687.02,0.0,0.0,0.0,10000000000.0,0.2706704123215126,1.0431534750998093e-05,0.47574088033747075,0.22936268891071948
NeIII_3869,3870.16,0.0,10000000000.0,0.0,10000000000.0,0.2706704123215126,1.0431534750998093e-05,0.47574088033747075,0.22936268891071948
