line,wl,amp,amp_err,flux,flux_err,z,zerr,FWHM,FWHMerr
HI_6563,6564.61,259.075010557704,259.075010557704,7793.635902977509,93.8399764449174,0.2692359277999327,2.968542798542952e-06,5.096440170323127,0.0379645370309929
HI_4861,4862.683,96.96549249115014,96.96549249115014,2916.9688809511913,71.99259355368002,0.2692359277999327,2.968542798542952e-06,5.096440170323127,0.0379645370309929
HI_4341,4341.684,48.07367253991538,48.07367253991538,1446.1784619386062,68.83174501004089,0.2692359277999327,2.968542798542952e-06,5.096440170323127,0.0379645370309929
HI_4102,4102.892,21.79853206391124,21.79853206391124,655.7553418980383,67.98946311747558,0.2692359277999327,2.968542798542952e-06,5.096440170323127,0.0379645370309929
OIII_4363,4364.436,2.8366738188069576,2.8366738188069576,85.33437042692348,67.77346687168145,0.2692359277999327,2.968542798542952e-06,5.096440170323127,0.0379645370309929
OIII_5007,5008.24,269.22981405103064,269.22981405103064,8099.118245419196,95.61742000813243,0.2692359277999327,2.968542798542952e-06,5.096440170323127,0.0379645370309929
OIII_4959,4960.295,87.82063446135953,87.82063446135953,2641.86826929751,71.25208778043702,0.2692359277999327,2.968542798542952e-06,5.096440170323127,0.0379645370309929
OII_3726,3727.092,118.04514581697049,118.04514581697049,3551.0985201965054,89.3143851533096,0.2692359277999327,2.968542798542952e-06,5.096440170323127,0.0379645370309929
OII_3729,3729.875,170.11108029941238,170.11108029941238,5117.374385363569,92.17297361771321,0.2692359277999327,2.968542798542952e-06,5.096440170323127,0.0379645370309929
OI_6300,6302.046,10.948210889511188,10.948210889511188,329.3500568741998,67.82522630267755,0.2692359277999327,2.968542798542952e-06,5.096440170323127,0.0379645370309929
SII_6717,6718.29,36.83812862033733,36.83812862033733,1108.1846959918107,68.3953237208432,0.2692359277999327,2.968542798542952e-06,5.096440170323127,0.0379645370309929
SII_6731,6732.67,27.415533660058372,27.415533660058372,824.7290503718002,68.11693880660677,0.2692359277999327,2.968542798542952e-06,5.096440170323127,0.0379645370309929
NII_6548,6549.85,12.183380655750852,12.183380655750852,366.5071080915872,67.8384534667688,0.2692359277999327,2.968542798542952e-06,5.096440170323127,0.0379645370309929
NII_6584,6585.28,30.253447661412565,30.253447661412565,910.1007286471557,68.19230790417807,0.2692359277999327,2.968542798542952e-06,5.096440170323127,0.0379645370309929
NII_5755,5756.24,0.0,0.0,0.0,10000000000.0,0.2692359277999327,2.968542798542952e-06,5.096440170323127,0.0379645370309929
HeI_5876,5877.594,10.480455595800436,10.480455595800436,315.2787867697451,67.82058800165024,0.2692359277999327,2.968542798542952e-06,5.096440170323127,0.0379645370309929
HeII_4686,4687.02,0.0,0.0,0.0,10000000000.0,0.2692359277999327,2.968542798542952e-06,5.096440170323127,0.0379645370309929
NeIII_3869,3870.16,17.86222377683191,2.2537745386372947,537.3411670792116,67.91733247555433,0.2692359277999327,2.968542798542952e-06,5.096440170323127,0.0379645370309929
