line,wl,amp,amp_err,flux,flux_err,z,zerr,FWHM,FWHMerr
HI_6563,6564.61,23.891547754256976,23.891547754256976,935.8620501500023,76.88678974655569,0.2692176932436352,2.639261254638771e-05,6.636206524004631,0.2888842989071468
HI_4861,4862.683,13.005055703934886,13.005055703934886,509.4244298689639,66.72200333158735,0.2692176932436352,2.639261254638771e-05,6.636206524004631,0.2888842989071468
HI_4341,4341.684,2.530939392155915,2.530939392155915,99.14008722714075,62.132894745182305,0.2692176932436352,2.639261254638771e-05,6.636206524004631,0.2888842989071468
HI_4102,4102.892,4.256622752391422,4.256622752391422,166.73728034460999,62.47447448977105,0.2692176932436352,2.639261254638771e-05,6.636206524004631,0.2888842989071468
OIII_4363,4364.436,0.030387776767724972,0.030387776767724972,1.190327531638318,61.94532255559999,0.2692176932436352,2.639261254638771e-05,6.636206524004631,0.2888842989071468
OIII_5007,5008.24,27.58295197299867,27.58295197299867,1080.4590078531057,81.25255301489177,0.2692176932436352,2.639261254638771e-05,6.636206524004631,0.2888842989071468
OIII_4959,4960.295,13.85608856235956,13.85608856235956,542.7604599923543,67.342000218601,0.2692176932436352,2.639261254638771e-05,6.636206524004631,0.2888842989071468
OII_3726,3727.092,18.95997816038482,18.95997816038482,742.6862509908096,104.65577627540145,0.2692176932436352,2.639261254638771e-05,6.636206524004631,0.2888842989071468
OII_3729,3729.875,28.052252363809885,28.052252363809885,1098.8420958973923,106.9453505632705,0.2692176932436352,2.639261254638771e-05,6.636206524004631,0.2888842989071468
OI_6300,6302.046,1.9495458560777479,1.9495458560777479,76.36616934561194,62.05666430141215,0.2692176932436352,2.639261254638771e-05,6.636206524004631,0.2888842989071468
SII_6717,6718.29,3.5474773406333497,3.5474773406333497,138.95916041162548,62.3134574665844,0.2692176932436352,2.639261254638771e-05,6.636206524004631,0.2888842989071468
SII_6731,6732.67,4.694304387692114,4.694304387692114,183.88182186777385,62.58844063408853,0.2692176932436352,2.639261254638771e-05,6.636206524004631,0.2888842989071468
NII_6548,6549.85,1.3845222263731785,1.3845222263731785,54.23348133738962,62.001633038584245,0.2692176932436352,2.639261254638771e-05,6.636206524004631,0.2888842989071468
NII_6584,6585.28,5.260918633309075,5.260918633309075,206.07681630687637,62.75192116221092,0.2692176932436352,2.639261254638771e-05,6.636206524004631,0.2888842989071468
NII_5755,5756.24,0.0,0.0,0.0,10000000000.0,0.2692176932436352,2.639261254638771e-05,6.636206524004631,0.2888842989071468
HeI_5876,5877.594,2.500637304567249,2.500637304567249,97.95311624869082,62.12843442553496,0.2692176932436352,2.639261254638771e-05,6.636206524004631,0.2888842989071468
HeII_4686,4687.02,0.0,0.0,0.0,10000000000.0,0.2692176932436352,2.639261254638771e-05,6.636206524004631,0.2888842989071468
NeIII_3869,3870.16,3.068653258968425,1.582804908542568,120.20301738827175,62.220879751690305,0.2692176932436352,2.639261254638771e-05,6.636206524004631,0.2888842989071468
