line,wl,amp,amp_err,flux,flux_err,z,zerr,FWHM,FWHMerr
HI_6563,6564.61,595.6822842360821,595.6822842360821,16989.079081893025,127.7769854444875,0.26921185796607966,1.7240844357827598e-06,4.831783823504404,0.022239582086126353
HI_4861,4862.683,245.12388865674006,245.12388865674006,6991.023972772778,99.88903588767813,0.26921185796607966,1.7240844357827598e-06,4.831783823504404,0.022239582086126353
HI_4341,4341.684,92.29469328372033,92.29469328372033,2632.278791112666,94.16487944747041,0.26921185796607966,1.7240844357827598e-06,4.831783823504404,0.022239582086126353
HI_4102,4102.892,43.84429070959095,43.84429070959095,1250.4553884962243,93.40740250523764,0.26921185796607966,1.7240844357827598e-06,4.831783823504404,0.022239582086126353
OIII_4363,4364.436,7.762083734320072,7.762083734320072,221.37749920119492,93.19244933553192,0.26921185796607966,1.7240844357827598e-06,4.831783823504404,0.022239582086126353
OIII_5007,5008.24,664.4447702756904,664.4447702756904,18950.210618132372,134.8830761502976,0.26921185796607966,1.7240844357827598e-06,4.831783823504404,0.022239582086126353
OIII_4959,4960.295,193.78005545051474,193.78005545051474,5526.6788582848985,97.42895229567443,0.26921185796607966,1.7240844357827598e-06,4.831783823504404,0.022239582086126353
OII_3726,3727.092,277.04996144725715,277.04996144725715,7901.567377816203,118.25059959615567,0.26921185796607966,1.7240844357827598e-06,4.831783823504404,0.022239582086126353
OII_3729,3729.875,334.6663788384583,334.6663788384583,9544.808913410592,120.11630237755496,0.26921185796607966,1.7240844357827598e-06,4.831783823504404,0.022239582086126353
OI_6300,6302.046,25.336729745886487,25.336729745886487,722.6129040943929,93.259653403389,0.26921185796607966,1.7240844357827598e-06,4.831783823504404,0.022239582086126353
SII_6717,6718.29,80.44478138621957,80.44478138621957,2294.3149206606813,93.93046513228319,0.26921185796607966,1.7240844357827598e-06,4.831783823504404,0.022239582086126353
SII_6731,6732.67,50.09477867327655,50.09477867327655,1428.721617198419,93.47508132136187,0.26921185796607966,1.7240844357827598e-06,4.831783823504404,0.022239582086126353
NII_6548,6549.85,35.37032723875018,35.37032723875018,1008.7748158939842,93.32997149756947,0.26921185796607966,1.7240844357827598e-06,4.831783823504404,0.022239582086126353
NII_6584,6585.28,94.61624229394579,94.61624229394579,2698.490227596447,94.21449828815655,0.26921185796607966,1.7240844357827598e-06,4.831783823504404,0.022239582086126353
NII_5755,5756.24,0.0,0.0,0.0,10000000000.0,0.26921185796607966,1.7240844357827598e-06,4.831783823504404,0.022239582086126353
HeI_5876,5877.594,27.377612313370037,27.377612313370037,780.8196298161424,93.27207739201988,0.26921185796607966,1.7240844357827598e-06,4.831783823504404,0.022239582086126353
HeII_4686,4687.02,0.0,0.0,0.0,10000000000.0,0.26921185796607966,1.7240844357827598e-06,4.831783823504404,0.022239582086126353
NeIII_3869,3870.16,54.868911214625996,3.2697701258658225,1564.8816431700486,93.53280250363443,0.26921185796607966,1.7240844357827598e-06,4.831783823504404,0.022239582086126353
