line,wl,amp,amp_err,flux,flux_err,z,zerr,FWHM,FWHMerr
HI_6563,6564.61,18.670394913635505,18.670394913635505,491.5088411910413,76.57318274872594,0.27091579749311095,3.444380916929692e-05,4.459951868744852,0.49792163668992173
HI_4861,4862.683,0.0,0.0,0.0,10000000000.0,0.27091579749311095,3.444380916929692e-05,4.459951868744852,0.49792163668992173
HI_4341,4341.684,0.0,0.0,0.0,10000000000.0,0.27091579749311095,3.444380916929692e-05,4.459951868744852,0.49792163668992173
HI_4102,4102.892,4.774085610363272,4.774085610363272,125.68053846481627,48.440457046231046,0.27091579749311095,3.444380916929692e-05,4.459951868744852,0.49792163668992173
OIII_4363,4364.436,0.15026674921909944,0.15026674921909944,3.9558582515190532,45.8332724874611,0.27091579749311095,3.444380916929692e-05,4.459951868744852,0.49792163668992173
OIII_5007,5008.24,8.434207916969399,8.434207916969399,222.03535483903298,53.55768793958679,0.27091579749311095,3.444380916929692e-05,4.459951868744852,0.49792163668992173
OIII_4959,4960.295,1.6305942475191841,1.6305942475191841,42.92632763036041,46.14284165861331,0.27091579749311095,3.444380916929692e-05,4.459951868744852,0.49792163668992173
OII_3726,3727.092,1.661176793055688,1.661176793055688,43.731430660416905,50.72183804433786,0.27091579749311095,3.444380916929692e-05,4.459951868744852,0.49792163668992173
OII_3729,3729.875,0.0,0.0,0.0,10000000000.0,0.27091579749311095,3.444380916929692e-05,4.459951868744852,0.49792163668992173
OI_6300,6302.046,0.0,0.0,0.0,10000000000.0,0.27091579749311095,3.444380916929692e-05,4.459951868744852,0.49792163668992173
SII_6717,6718.29,2.646035970026901,2.646035970026901,69.65841265777979,46.64790030052844,0.27091579749311095,3.444380916929692e-05,4.459951868744852,0.49792163668992173
SII_6731,6732.67,0.08164741730536207,0.08164741730536207,2.149415031210268,45.83138053128315,0.27091579749311095,3.444380916929692e-05,4.459951868744852,0.49792163668992173
NII_6548,6549.85,0.0,0.0,0.0,10000000000.0,0.27091579749311095,3.444380916929692e-05,4.459951868744852,0.49792163668992173
NII_6584,6585.28,0.0,0.0,0.0,10000000000.0,0.27091579749311095,3.444380916929692e-05,4.459951868744852,0.49792163668992173
NII_5755,5756.24,0.0,0.0,0.0,10000000000.0,0.27091579749311095,3.444380916929692e-05,4.459951868744852,0.49792163668992173
HeI_5876,5877.594,0.0,0.0,0.0,10000000000.0,0.27091579749311095,3.444380916929692e-05,4.459951868744852,0.49792163668992173
HeII_4686,4687.02,0.0,0.0,0.0,10000000000.0,0.27091579749311095,3.444380916929692e-05,4.459951868744852,0.49792163668992173
NeIII_3869,3870.16,0.0,10000000000.0,0.0,10000000000.0,0.27091579749311095,3.444380916929692e-05,4.459951868744852,0.49792163668992173
