line,wl,amp,amp_err,flux,flux_err,z,zerr,FWHM,FWHMerr
HI_6563,6564.61,0.0,0.0,0.0,10000000000.0,0.27004832389395056,3.8135375117763505e-05,2.254650239219486,0.4088290746119374
HI_4861,4862.683,0.0,0.0,0.0,10000000000.0,0.27004832389395056,3.8135375117763505e-05,2.254650239219486,0.4088290746119374
HI_4341,4341.684,0.0,0.0,0.0,10000000000.0,0.27004832389395056,3.8135375117763505e-05,2.254650239219486,0.4088290746119374
HI_4102,4102.892,0.0,0.0,0.0,10000000000.0,0.27004832389395056,3.8135375117763505e-05,2.254650239219486,0.4088290746119374
OIII_4363,4364.436,1.4348369382075816,1.4348369382075816,19.09542754729522,34.047119668583875,0.27004832389395056,3.8135375117763505e-05,2.254650239219486,0.4088290746119374
OIII_5007,5008.24,1.196853223662174,1.196853223662174,15.9282378426484,33.91346175582678,0.27004832389395056,3.8135375117763505e-05,2.254650239219486,0.4088290746119374
OIII_4959,4960.295,13.754799613486739,13.754799613486739,183.05479351194504,49.70372964341576,0.27004832389395056,3.8135375117763505e-05,2.254650239219486,0.4088290746119374
OII_3726,3727.092,0.0,0.0,0.0,10000000000.0,0.27004832389395056,3.8135375117763505e-05,2.254650239219486,0.4088290746119374
OII_3729,3729.875,2.7132276327517957,2.7132276327517957,36.10880114729505,34.41169508801755,0.27004832389395056,3.8135375117763505e-05,2.254650239219486,0.4088290746119374
OI_6300,6302.046,0.2662330404779141,0.2662330404779141,3.5431438930565307,33.73996646318782,0.27004832389395056,3.8135375117763505e-05,2.254650239219486,0.4088290746119374
SII_6717,6718.29,0.0,0.0,0.0,10000000000.0,0.27004832389395056,3.8135375117763505e-05,2.254650239219486,0.4088290746119374
SII_6731,6732.67,2.9954928977936106,2.9954928977936106,39.865308785338776,34.651113428747706,0.27004832389395056,3.8135375117763505e-05,2.254650239219486,0.4088290746119374
NII_6548,6549.85,4.340707460049316,4.340707460049316,57.76800317875843,35.556570948057924,0.27004832389395056,3.8135375117763505e-05,2.254650239219486,0.4088290746119374
NII_6584,6585.28,0.0,0.0,0.0,10000000000.0,0.27004832389395056,3.8135375117763505e-05,2.254650239219486,0.4088290746119374
NII_5755,5756.24,1.9630024720290749,1.9630024720290749,26.12448180112969,34.17618740727793,0.27004832389395056,3.8135375117763505e-05,2.254650239219486,0.4088290746119374
HeI_5876,5877.594,0.0,0.0,0.0,10000000000.0,0.27004832389395056,3.8135375117763505e-05,2.254650239219486,0.4088290746119374
HeII_4686,4687.02,0.0,0.0,0.0,10000000000.0,0.27004832389395056,3.8135375117763505e-05,2.254650239219486,0.4088290746119374
NeIII_3869,3870.16,9.607491056304298,2.6988769259193304,127.860626174097,42.75061057509829,0.27004832389395056,3.8135375117763505e-05,2.254650239219486,0.4088290746119374
