line,wl,amp,amp_err,flux,flux_err,z,zerr,FWHM,FWHMerr
HI_6563,6564.61,10.645945836787291,10.645945836787291,310.7906057329624,75.18949788038573,0.26932463010475804,5.381489184114533e-05,4.945793419886051,0.6597376028517883
HI_4861,4862.683,1.7813761243760382,1.7813761243760382,52.004300343138,59.703694499446435,0.26932463010475804,5.381489184114533e-05,4.945793419886051,0.6597376028517883
HI_4341,4341.684,9.49470683580364,9.49470683580364,277.1821061271543,72.20573877798797,0.26932463010475804,5.381489184114533e-05,4.945793419886051,0.6597376028517883
HI_4102,4102.892,5.1448486525761155,5.1448486525761155,150.19526246444627,63.295184938836485,0.26932463010475804,5.381489184114533e-05,4.945793419886051,0.6597376028517883
OIII_4363,4364.436,1.7107199150585757,1.7107199150585757,49.94161033614131,59.66438927324394,0.26932463010475804,5.381489184114533e-05,4.945793419886051,0.6597376028517883
OIII_5007,5008.24,12.209580902391053,12.209580902391053,356.4383195795835,79.56786852896184,0.26932463010475804,5.381489184114533e-05,4.945793419886051,0.6597376028517883
OIII_4959,4960.295,0.0,0.0,0.0,10000000000.0,0.26932463010475804,5.381489184114533e-05,4.945793419886051,0.6597376028517883
OII_3726,3727.092,8.223347746471745,8.223347746471745,240.0669011904357,75.46614415287225,0.26932463010475804,5.381489184114533e-05,4.945793419886051,0.6597376028517883
OII_3729,3729.875,0.0,0.0,0.0,10000000000.0,0.26932463010475804,5.381489184114533e-05,4.945793419886051,0.6597376028517883
OI_6300,6302.046,1.2556566072905753,1.2556566072905753,36.6567972029249,59.449553351010046,0.26932463010475804,5.381489184114533e-05,4.945793419886051,0.6597376028517883
SII_6717,6718.29,0.697287474531322,0.697287474531322,20.356143070984803,59.27541572798769,0.26932463010475804,5.381489184114533e-05,4.945793419886051,0.6597376028517883
SII_6731,6732.67,0.0,0.0,0.0,10000000000.0,0.26932463010475804,5.381489184114533e-05,4.945793419886051,0.6597376028517883
NII_6548,6549.85,0.0,0.0,0.0,10000000000.0,0.26932463010475804,5.381489184114533e-05,4.945793419886051,0.6597376028517883
NII_6584,6585.28,0.0,0.0,0.0,10000000000.0,0.26932463010475804,5.381489184114533e-05,4.945793419886051,0.6597376028517883
NII_5755,5756.24,0.0,0.0,0.0,10000000000.0,0.26932463010475804,5.381489184114533e-05,4.945793419886051,0.6597376028517883
HeI_5876,5877.594,1.4487023520021012,1.4487023520021012,42.292445256453945,59.532771936213734,0.26932463010475804,5.381489184114533e-05,4.945793419886051,0.6597376028517883
HeII_4686,4687.02,0.0,0.0,0.0,10000000000.0,0.26932463010475804,5.381489184114533e-05,4.945793419886051,0.6597376028517883
NeIII_3869,3870.16,0.07493177522110273,2.027785404428567,2.187508011654559,59.19852684260476,0.26932463010475804,5.381489184114533e-05,4.945793419886051,0.6597376028517883
