line,wl,amp,amp_err,flux,flux_err,z,zerr,FWHM,FWHMerr
HI_6563,6564.61,20.893450577575436,20.893450577575436,670.2758378581705,81.67065877850985,0.2692634058569143,3.2422965305503346e-05,5.434952287774266,0.4127540425968861
HI_4861,4862.683,7.686350669934768,7.686350669934768,246.58325900901013,62.20711045609505,0.2692634058569143,3.2422965305503346e-05,5.434952287774266,0.4127540425968861
HI_4341,4341.684,5.299090562738684,5.299090562738684,169.9983616223801,60.33031415259101,0.2692634058569143,3.2422965305503346e-05,5.434952287774266,0.4127540425968861
HI_4102,4102.892,2.080783063114154,2.080783063114154,66.75290928377503,58.851820395170435,0.2692634058569143,3.2422965305503346e-05,5.434952287774266,0.4127540425968861
OIII_4363,4364.436,0.0,0.0,0.0,10000000000.0,0.2692634058569143,3.2422965305503346e-05,5.434952287774266,0.4127540425968861
OIII_5007,5008.24,20.624594881986013,20.624594881986013,661.6507677217155,81.16187822174984,0.2692634058569143,3.2422965305503346e-05,5.434952287774266,0.4127540425968861
OIII_4959,4960.295,4.927530418173205,4.927530418173205,158.07846422254,60.0963839705605,0.2692634058569143,3.2422965305503346e-05,5.434952287774266,0.4127540425968861
OII_3726,3727.092,9.761316613687654,9.761316613687654,313.14955122159733,80.00361447963022,0.2692634058569143,3.2422965305503346e-05,5.434952287774266,0.4127540425968861
OII_3729,3729.875,13.60341164663896,13.60341164663896,436.4065239164827,82.13009794806003,0.2692634058569143,3.2422965305503346e-05,5.434952287774266,0.4127540425968861
OI_6300,6302.046,0.0,0.0,0.0,10000000000.0,0.2692634058569143,3.2422965305503346e-05,5.434952287774266,0.4127540425968861
SII_6717,6718.29,3.094737154063523,3.094737154063523,99.28123318783332,59.18163610662892,0.2692634058569143,3.2422965305503346e-05,5.434952287774266,0.4127540425968861
SII_6731,6732.67,1.7993435713484587,1.7993435713484587,57.72414256813758,58.782949857085164,0.2692634058569143,3.2422965305503346e-05,5.434952287774266,0.4127540425968861
NII_6548,6549.85,0.0,0.0,0.0,10000000000.0,0.2692634058569143,3.2422965305503346e-05,5.434952287774266,0.4127540425968861
NII_6584,6585.28,3.3597565853548303,3.3597565853548303,107.783233405458,59.288752335798954,0.2692634058569143,3.2422965305503346e-05,5.434952287774266,0.4127540425968861
NII_5755,5756.24,0.702387490039996,0.702387490039996,22.53305942164238,58.60948960989741,0.2692634058569143,3.2422965305503346e-05,5.434952287774266,0.4127540425968861
HeI_5876,5877.594,0.5915043276729648,0.5915043276729648,18.97585357457688,58.600414003533835,0.2692634058569143,3.2422965305503346e-05,5.434952287774266,0.4127540425968861
HeII_4686,4687.02,0.0,0.0,0.0,10000000000.0,0.2692634058569143,3.2422965305503346e-05,5.434952287774266,0.4127540425968861
NeIII_3869,3870.16,2.1384928268593058,1.8277719810813158,68.60427701756595,58.867161687612715,0.2692634058569143,3.2422965305503346e-05,5.434952287774266,0.4127540425968861
