line,wl,amp,amp_err,flux,flux_err,z,zerr,FWHM,FWHMerr
HI_6563,6564.61,18.800311022752908,18.800311022752908,336.0742868211787,59.490670480799125,0.26996135432025464,2.262447836519585e-05,3.028465240895375,0.2711084712352336
HI_4861,4862.683,7.582988743817737,7.582988743817737,135.55347733169606,50.904241734182655,0.26996135432025464,2.262447836519585e-05,3.028465240895375,0.2711084712352336
HI_4341,4341.684,4.258068711042938,4.258068711042938,76.11721974000552,49.647455241856264,0.26996135432025464,2.262447836519585e-05,3.028465240895375,0.2711084712352336
HI_4102,4102.892,0.0,0.0,0.0,10000000000.0,0.26996135432025464,2.262447836519585e-05,3.028465240895375,0.2711084712352336
OIII_4363,4364.436,0.0,0.0,0.0,10000000000.0,0.26996135432025464,2.262447836519585e-05,3.028465240895375,0.2711084712352336
OIII_5007,5008.24,32.3489145714268,32.3489145714268,578.2690712336724,75.8833623090768,0.26996135432025464,2.262447836519585e-05,3.028465240895375,0.2711084712352336
OIII_4959,4960.295,9.097598799183288,9.097598799183288,162.628640798573,51.692088503822916,0.26996135432025464,2.262447836519585e-05,3.028465240895375,0.2711084712352336
OII_3726,3727.092,13.70447473141735,13.70447473141735,244.98113706980257,56.25730089546363,0.26996135432025464,2.262447836519585e-05,3.028465240895375,0.2711084712352336
OII_3729,3729.875,9.764737091281518,9.764737091281518,174.55440231691523,53.9047422870774,0.26996135432025464,2.262447836519585e-05,3.028465240895375,0.2711084712352336
OI_6300,6302.046,0.0,0.0,0.0,10000000000.0,0.26996135432025464,2.262447836519585e-05,3.028465240895375,0.2711084712352336
SII_6717,6718.29,0.0,0.0,0.0,10000000000.0,0.26996135432025464,2.262447836519585e-05,3.028465240895375,0.2711084712352336
SII_6731,6732.67,0.0,0.0,0.0,10000000000.0,0.26996135432025464,2.262447836519585e-05,3.028465240895375,0.2711084712352336
NII_6548,6549.85,2.1807549060787323,2.1807549060787323,38.98316623087864,49.21661775952488,0.26996135432025464,2.262447836519585e-05,3.028465240895375,0.2711084712352336
NII_6584,6585.28,0.65841209114717,0.65841209114717,11.769771984034175,49.07579978851047,0.26996135432025464,2.262447836519585e-05,3.028465240895375,0.2711084712352336
NII_5755,5756.24,0.0,0.0,0.0,10000000000.0,0.26996135432025464,2.262447836519585e-05,3.028465240895375,0.2711084712352336
HeI_5876,5877.594,0.0,0.0,0.0,10000000000.0,0.26996135432025464,2.262447836519585e-05,3.028465240895375,0.2711084712352336
HeII_4686,4687.02,0.0,0.0,0.0,10000000000.0,0.26996135432025464,2.262447836519585e-05,3.028465240895375,0.2711084712352336
NeIII_3869,3870.16,5.61673835646684,2.7558956276414603,100.40479304444759,50.077616290979186,0.26996135432025464,2.262447836519585e-05,3.028465240895375,0.2711084712352336
