line,wl,amp,amp_err,flux,flux_err,z,zerr,FWHM,FWHMerr
HI_6563,6564.61,3.936627428675706,3.936627428675706,209.06592464682166,83.59041244041096,0.2700588327007647,0.00011599680326315311,8.997280933848968,1.374513724013551
HI_4861,4862.683,3.9845875890616753,3.9845875890616753,211.61298693782328,83.80004905977474,0.2700588327007647,0.00011599680326315311,8.997280933848968,1.374513724013551
HI_4341,4341.684,0.0,0.0,0.0,10000000000.0,0.2700588327007647,0.00011599680326315311,8.997280933848968,1.374513724013551
HI_4102,4102.892,2.069588168725886,2.069588168725886,109.91143357408217,77.89297452965802,0.2700588327007647,0.00011599680326315311,8.997280933848968,1.374513724013551
OIII_4363,4364.436,2.328251513967416,2.328251513967416,123.64849465617506,78.4926094924568,0.2700588327007647,0.00011599680326315311,8.997280933848968,1.374513724013551
OIII_5007,5008.24,7.688836021369525,7.688836021369525,408.337756465353,102.87948972638272,0.2700588327007647,0.00011599680326315311,8.997280933848968,1.374513724013551
OIII_4959,4960.295,0.0,0.0,0.0,10000000000.0,0.2700588327007647,0.00011599680326315311,8.997280933848968,1.374513724013551
OII_3726,3727.092,5.540505642352969,5.540505642352969,294.2444912850496,136.23179721067208,0.2700588327007647,0.00011599680326315311,8.997280933848968,1.374513724013551
OII_3729,3729.875,0.0,0.0,0.0,10000000000.0,0.2700588327007647,0.00011599680326315311,8.997280933848968,1.374513724013551
OI_6300,6302.046,1.5611665815793003,1.5611665815793003,82.91024254113671,76.91129027685524,0.2700588327007647,0.00011599680326315311,8.997280933848968,1.374513724013551
SII_6717,6718.29,0.0,0.0,0.0,10000000000.0,0.2700588327007647,0.00011599680326315311,8.997280933848968,1.374513724013551
SII_6731,6732.67,0.871344533199931,0.871344533199931,46.27525815433309,76.00775879426818,0.2700588327007647,0.00011599680326315311,8.997280933848968,1.374513724013551
NII_6548,6549.85,0.0,0.0,0.0,10000000000.0,0.2700588327007647,0.00011599680326315311,8.997280933848968,1.374513724013551
NII_6584,6585.28,4.120246626763787,4.120246626763787,218.8175504043312,84.33889244259812,0.2700588327007647,0.00011599680326315311,8.997280933848968,1.374513724013551
NII_5755,5756.24,0.0,0.0,0.0,10000000000.0,0.2700588327007647,0.00011599680326315311,8.997280933848968,1.374513724013551
HeI_5876,5877.594,0.0,0.0,0.0,10000000000.0,0.2700588327007647,0.00011599680326315311,8.997280933848968,1.374513724013551
HeII_4686,4687.02,0.0,0.0,0.0,10000000000.0,0.2700588327007647,0.00011599680326315311,8.997280933848968,1.374513724013551
NeIII_3869,3870.16,4.110595071481612,1.4577949870154467,218.30497679509162,84.29809597650221,0.2700588327007647,0.00011599680326315311,8.997280933848968,1.374513724013551
