line,wl,amp,amp_err,flux,flux_err,z,zerr,FWHM,FWHMerr
HI_6563,6564.61,6.57474944523608,6.57474944523608,64.57951900676737,32.953069932266196,0.2701223284824548,1.8605560793132816e-05,1.664056012811359,0.24435017785444363
HI_4861,4862.683,4.122303696258427,4.122303696258427,40.49072776409497,29.137693348537113,0.2701223284824548,1.8605560793132816e-05,1.664056012811359,0.24435017785444363
HI_4341,4341.684,0.8804348053316744,0.8804348053316744,8.647942665911703,29.764902585090066,0.2701223284824548,1.8605560793132816e-05,1.664056012811359,0.24435017785444363
HI_4102,4102.892,2.536735742002179,2.536735742002179,24.916717424795117,28.62859239893332,0.2701223284824548,1.8605560793132816e-05,1.664056012811359,0.24435017785444363
OIII_4363,4364.436,2.2238558364613255,2.2238558364613255,21.843500114384653,29.0373396663965,0.2701223284824548,1.8605560793132816e-05,1.664056012811359,0.24435017785444363
OIII_5007,5008.24,0.0,0.0,0.0,10000000000.0,0.2701223284824548,1.8605560793132816e-05,1.664056012811359,0.24435017785444363
OIII_4959,4960.295,34.4759719465153,34.4759719465153,338.63521403237576,66.09770587380007,0.2701223284824548,1.8605560793132816e-05,1.664056012811359,0.24435017785444363
OII_3726,3727.092,8.32719860735915,8.32719860735915,81.79269570899481,32.215025003474835,0.2701223284824548,1.8605560793132816e-05,1.664056012811359,0.24435017785444363
OII_3729,3729.875,0.0,0.0,0.0,10000000000.0,0.2701223284824548,1.8605560793132816e-05,1.664056012811359,0.24435017785444363
OI_6300,6302.046,2.371246988427629,2.371246988427629,23.29122824138333,30.584875790404986,0.2701223284824548,1.8605560793132816e-05,1.664056012811359,0.24435017785444363
SII_6717,6718.29,0.0,0.0,0.0,10000000000.0,0.2701223284824548,1.8605560793132816e-05,1.664056012811359,0.24435017785444363
SII_6731,6732.67,0.0,0.0,0.0,10000000000.0,0.2701223284824548,1.8605560793132816e-05,1.664056012811359,0.24435017785444363
NII_6548,6549.85,0.0,0.0,0.0,10000000000.0,0.2701223284824548,1.8605560793132816e-05,1.664056012811359,0.24435017785444363
NII_6584,6585.28,0.0,0.0,0.0,10000000000.0,0.2701223284824548,1.8605560793132816e-05,1.664056012811359,0.24435017785444363
NII_5755,5756.24,0.0,0.0,0.0,10000000000.0,0.2701223284824548,1.8605560793132816e-05,1.664056012811359,0.24435017785444363
HeI_5876,5877.594,0.46971913947515986,0.46971913947515986,4.613747846704338,30.183808064289412,0.2701223284824548,1.8605560793132816e-05,1.664056012811359,0.24435017785444363
HeII_4686,4687.02,0.0,0.0,0.0,10000000000.0,0.2701223284824548,1.8605560793132816e-05,1.664056012811359,0.24435017785444363
NeIII_3869,3870.16,9.9816487402054,3.2721285755141474,98.04329121682967,35.217107302425234,0.2701223284824548,1.8605560793132816e-05,1.664056012811359,0.24435017785444363
