line,wl,amp,amp_err,flux,flux_err,z,zerr,FWHM,FWHMerr
HI_6563,6564.61,106.88192927017076,106.88192927017076,2275.240691093125,65.3497716698622,0.26954797773229633,4.949844202767968e-06,3.606412532343859,0.062252786487983006
HI_4861,4862.683,37.668841241585824,37.668841241585824,801.8725051504304,50.81306495747947,0.26954797773229633,4.949844202767968e-06,3.606412532343859,0.062252786487983006
HI_4341,4341.684,15.478424733023076,15.478424733023076,329.49575318364833,48.81515692901553,0.26954797773229633,4.949844202767968e-06,3.606412532343859,0.062252786487983006
HI_4102,4102.892,10.510033266205937,10.510033266205937,223.73150929534978,48.59141317329005,0.26954797773229633,4.949844202767968e-06,3.606412532343859,0.062252786487983006
OIII_4363,4364.436,1.6421516745048166,1.6421516745048166,34.95717504626685,48.403887664436645,0.26954797773229633,4.949844202767968e-06,3.606412532343859,0.062252786487983006
OIII_5007,5008.24,121.37828491929304,121.37828491929304,2583.830725635528,69.49142240706614,0.26954797773229633,4.949844202767968e-06,3.606412532343859,0.062252786487983006
OIII_4959,4960.295,39.71068712673059,39.71068712673059,845.3381393745216,51.074774410106826,0.26954797773229633,4.949844202767968e-06,3.606412532343859,0.062252786487983006
OII_3726,3727.092,57.53500409512321,57.53500409512321,1224.7718896291285,57.754317966861294,0.26954797773229633,4.949844202767968e-06,3.606412532343859,0.062252786487983006
OII_3729,3729.875,67.84161042493656,67.84161042493656,1444.1729639622233,59.17437101226345,0.26954797773229633,4.949844202767968e-06,3.606412532343859,0.062252786487983006
OI_6300,6302.046,1.2146417559645215,1.2146417559645215,25.856591166927664,48.401762330040185,0.26954797773229633,4.949844202767968e-06,3.606412532343859,0.062252786487983006
SII_6717,6718.29,9.044037168048703,9.044037168048703,192.52423227212358,48.541622244127076,0.26954797773229633,4.949844202767968e-06,3.606412532343859,0.062252786487983006
SII_6731,6732.67,9.828728594737868,9.828728594737868,209.22828950748803,48.56732722347643,0.26954797773229633,4.949844202767968e-06,3.606412532343859,0.062252786487983006
NII_6548,6549.85,1.0726597496551449,1.0726597496551449,22.834160337282345,48.40122481333222,0.26954797773229633,4.949844202767968e-06,3.606412532343859,0.062252786487983006
NII_6584,6585.28,8.669609517534582,8.669609517534582,184.5536330123862,48.53008954990099,0.26954797773229633,4.949844202767968e-06,3.606412532343859,0.062252786487983006
NII_5755,5756.24,0.0,0.0,0.0,10000000000.0,0.26954797773229633,4.949844202767968e-06,3.606412532343859,0.062252786487983006
HeI_5876,5877.594,3.0108389946647094,3.0108389946647094,64.09299908570146,48.415002210854325,0.26954797773229633,4.949844202767968e-06,3.606412532343859,0.062252786487983006
HeII_4686,4687.02,0.0,0.0,0.0,10000000000.0,0.26954797773229633,4.949844202767968e-06,3.606412532343859,0.062252786487983006
NeIII_3869,3870.16,13.792167306318788,2.276718489348952,293.5996803947907,48.7297274217394,0.26954797773229633,4.949844202767968e-06,3.606412532343859,0.062252786487983006
