line,wl,amp,amp_err,flux,flux_err,z,zerr,FWHM,FWHMerr
HI_6563,6564.61,1305.278351792227,1305.278351792227,36778.588418142965,162.69168643800793,0.2692042008358407,1.0255222428593176e-06,4.773580638206144,0.013783218998284353
HI_4861,4862.683,406.55368548210913,406.55368548210913,11455.388536625142,117.21572467132675,0.2692042008358407,1.0255222428593176e-06,4.773580638206144,0.013783218998284353
HI_4341,4341.684,163.7565079310832,163.7565079310832,4614.137051855714,112.22232620934743,0.2692042008358407,1.0255222428593176e-06,4.773580638206144,0.013783218998284353
HI_4102,4102.892,84.06978735935854,84.06978735935854,2368.8189599139405,111.49196262340091,0.2692042008358407,1.0255222428593176e-06,4.773580638206144,0.013783218998284353
OIII_4363,4364.436,11.81282678697903,11.81282678697903,332.84785107833665,111.23466100758861,0.2692042008358407,1.0255222428593176e-06,4.773580638206144,0.013783218998284353
OIII_5007,5008.24,1191.2172898963322,1191.2172898963322,33564.71082318749,155.28220152265476,0.2692042008358407,1.0255222428593176e-06,4.773580638206144,0.013783218998284353
OIII_4959,4960.295,388.27033199223456,388.27033199223456,10940.221842881834,116.70171774724224,0.2692042008358407,1.0255222428593176e-06,4.773580638206144,0.013783218998284353
OII_3726,3727.092,401.74024188739327,401.74024188739327,11319.76102039389,134.37111829695465,0.2692042008358407,1.0255222428593176e-06,4.773580638206144,0.013783218998284353
OII_3729,3729.875,498.4247037713826,498.4247037713826,14044.021347839283,136.00015758102782,0.2692042008358407,1.0255222428593176e-06,4.773580638206144,0.013783218998284353
OI_6300,6302.046,29.485133846442295,29.485133846442295,830.7972017640378,111.26179061073792,0.2692042008358407,1.0255222428593176e-06,4.773580638206144,0.013783218998284353
SII_6717,6718.29,133.72839650701258,133.72839650701258,3768.0404705988253,111.89262109602184,0.2692042008358407,1.0255222428593176e-06,4.773580638206144,0.013783218998284353
SII_6731,6732.67,101.35211374031519,101.35211374031519,2855.7798966371106,111.61087648512104,0.2692042008358407,1.0255222428593176e-06,4.773580638206144,0.013783218998284353
NII_6548,6549.85,70.41781861851655,70.41781861851655,1984.1499437402124,111.41372978211776,0.2692042008358407,1.0255222428593176e-06,4.773580638206144,0.013783218998284353
NII_6584,6585.28,217.51431365310964,217.51431365310964,6128.860871643404,112.97544620897071,0.2692042008358407,1.0255222428593176e-06,4.773580638206144,0.013783218998284353
NII_5755,5756.24,1.4419940122179469,1.4419940122179469,40.63080047560037,111.22952905926118,0.2692042008358407,1.0255222428593176e-06,4.773580638206144,0.013783218998284353
HeI_5876,5877.594,52.92584000053148,52.92584000053148,1491.281674434667,111.33359487225198,0.2692042008358407,1.0255222428593176e-06,4.773580638206144,0.013783218998284353
HeII_4686,4687.02,0.0,0.0,0.0,10000000000.0,0.2692042008358407,1.0255222428593176e-06,4.773580638206144,0.013783218998284353
NeIII_3869,3870.16,95.90265571461805,3.949978805299823,2702.2315185812977,111.57098207952687,0.2692042008358407,1.0255222428593176e-06,4.773580638206144,0.013783218998284353
