line,wl,amp,amp_err,flux,flux_err,z,zerr,FWHM,FWHMerr
HI_6563,6564.61,426.216074015741,426.216074015741,1012.1624526780896,10053.123717765908,0.269557068520103,1.850781855102304e-05,0.40232103517577833,0.3802274278141494
HI_4861,4862.683,0.0,0.0,0.0,10000000000.0,0.269557068520103,1.850781855102304e-05,0.40232103517577833,0.3802274278141494
HI_4341,4341.684,0.0,0.0,0.0,10000000000.0,0.269557068520103,1.850781855102304e-05,0.40232103517577833,0.3802274278141494
HI_4102,4102.892,22.217692916762303,22.217692916762303,52.761770206367736,132.10546086155293,0.269557068520103,1.850781855102304e-05,0.40232103517577833,0.3802274278141494
OIII_4363,4364.436,1.9776018948316505,1.9776018948316505,4.696337154613544,15.262351926042232,0.269557068520103,1.850781855102304e-05,0.40232103517577833,0.3802274278141494
OIII_5007,5008.24,33.68142622092705,33.68142622092705,79.98542770165582,344.5373894735683,0.269557068520103,1.850781855102304e-05,0.40232103517577833,0.3802274278141494
OIII_4959,4960.295,0.0,0.0,0.0,10000000000.0,0.269557068520103,1.850781855102304e-05,0.40232103517577833,0.3802274278141494
OII_3726,3727.092,1446.851810364079,1446.851810364079,3435.9311305226734,39125.806796337136,0.269557068520103,1.850781855102304e-05,0.40232103517577833,0.3802274278141494
OII_3729,3729.875,172.2388060468511,172.2388060468511,409.02646099707647,2682.1137651967797,0.269557068520103,1.850781855102304e-05,0.40232103517577833,0.3802274278141494
OI_6300,6302.046,0.0,0.0,0.0,10000000000.0,0.269557068520103,1.850781855102304e-05,0.40232103517577833,0.3802274278141494
SII_6717,6718.29,1089.1392403906157,1089.1392403906157,2586.448311240846,31311.478185946427,0.269557068520103,1.850781855102304e-05,0.40232103517577833,0.3802274278141494
SII_6731,6732.67,6.055652869599157,6.055652869599157,14.380744497295112,23.754026496463513,0.269557068520103,1.850781855102304e-05,0.40232103517577833,0.3802274278141494
NII_6548,6549.85,237.62647262541395,237.62647262541395,564.306716749728,6208.208467053841,0.269557068520103,1.850781855102304e-05,0.40232103517577833,0.3802274278141494
NII_6584,6585.28,0.0,0.0,0.0,10000000000.0,0.269557068520103,1.850781855102304e-05,0.40232103517577833,0.3802274278141494
NII_5755,5756.24,0.0,0.0,0.0,10000000000.0,0.269557068520103,1.850781855102304e-05,0.40232103517577833,0.3802274278141494
HeI_5876,5877.594,0.0,0.0,0.0,10000000000.0,0.269557068520103,1.850781855102304e-05,0.40232103517577833,0.3802274278141494
HeII_4686,4687.02,0.0,0.0,0.0,10000000000.0,0.269557068520103,1.850781855102304e-05,0.40232103517577833,0.3802274278141494
NeIII_3869,3870.16,17.650176992740285,26.121435904595245,41.914999279249635,73.60166978288574,0.269557068520103,1.850781855102304e-05,0.40232103517577833,0.3802274278141494
