line,wl,amp,amp_err,flux,flux_err,z,zerr,FWHM,FWHMerr
HI_6563,6564.61,941.1904123745433,941.1904123745433,2249.269857903507,26929.202889371907,0.26861545186515456,4.944109766051415e-06,0.40487075793185334,0.37338864469531097
HI_4861,4862.683,0.0,0.0,0.0,10000000000.0,0.26861545186515456,4.944109766051415e-06,0.40487075793185334,0.37338864469531097
HI_4341,4341.684,871.1728898493961,871.1728898493961,2081.9410146957193,24589.794561737337,0.26861545186515456,4.944109766051415e-06,0.40487075793185334,0.37338864469531097
HI_4102,4102.892,0.7697175711572299,0.7697175711572299,1.8394816916321177,12.178860882101414,0.26861545186515456,4.944109766051415e-06,0.40487075793185334,0.37338864469531097
OIII_4363,4364.436,1083.9054956020218,1083.9054956020218,2590.332336602042,22722.71125501992,0.26861545186515456,4.944109766051415e-06,0.40487075793185334,0.37338864469531097
OIII_5007,5008.24,3.0037235069503367,3.0037235069503367,7.1783399584514775,10.371213796197482,0.26861545186515456,4.944109766051415e-06,0.40487075793185334,0.37338864469531097
OIII_4959,4960.295,31.183989153841594,31.183989153841594,74.52392834725707,368.68919155008035,0.26861545186515456,4.944109766051415e-06,0.40487075793185334,0.37338864469531097
OII_3726,3727.092,0.0,0.0,0.0,10000000000.0,0.26861545186515456,4.944109766051415e-06,0.40487075793185334,0.37338864469531097
OII_3729,3729.875,0.0,0.0,0.0,10000000000.0,0.26861545186515456,4.944109766051415e-06,0.40487075793185334,0.37338864469531097
OI_6300,6302.046,9.853936543185,9.853936543185,23.54907376538357,23.230726073249777,0.26861545186515456,4.944109766051415e-06,0.40487075793185334,0.37338864469531097
SII_6717,6718.29,0.0,0.0,0.0,10000000000.0,0.26861545186515456,4.944109766051415e-06,0.40487075793185334,0.37338864469531097
SII_6731,6732.67,4.192074228756951,4.192074228756951,10.018276940420876,13.186222691425476,0.26861545186515456,4.944109766051415e-06,0.40487075793185334,0.37338864469531097
NII_6548,6549.85,0.0,0.0,0.0,10000000000.0,0.26861545186515456,4.944109766051415e-06,0.40487075793185334,0.37338864469531097
NII_6584,6585.28,8154.039327447697,8154.039327447697,19486.63590092894,237972.53939831164,0.26861545186515456,4.944109766051415e-06,0.40487075793185334,0.37338864469531097
NII_5755,5756.24,0.2866096991209588,0.2866096991209588,0.6849438208673813,9.995595788043367,0.26861545186515456,4.944109766051415e-06,0.40487075793185334,0.37338864469531097
HeI_5876,5877.594,0.0,0.0,0.0,10000000000.0,0.26861545186515456,4.944109766051415e-06,0.40487075793185334,0.37338864469531097
HeII_4686,4687.02,0.0,0.0,0.0,10000000000.0,0.26861545186515456,4.944109766051415e-06,0.40487075793185334,0.37338864469531097
NeIII_3869,3870.16,3.1287854510219404,3.6646223838895007,7.477214721169663,11.146770185463433,0.26861545186515456,4.944109766051415e-06,0.40487075793185334,0.37338864469531097
