line,wl,amp,amp_err,flux,flux_err,z,zerr,FWHM,FWHMerr
HI_6563,6564.61,15.234727917056148,15.234727917056148,605.2004386894388,92.23266110205053,0.26916772726559735,5.101234365191607e-05,6.730028038335698,0.6815663703117654
HI_4861,4862.683,3.469801350631087,3.469801350631087,137.83805729908408,63.67355404330418,0.26916772726559735,5.101234365191607e-05,6.730028038335698,0.6815663703117654
HI_4341,4341.684,0.6420525650681839,0.6420525650681839,25.505574904683233,61.798516425030336,0.26916772726559735,5.101234365191607e-05,6.730028038335698,0.6815663703117654
HI_4102,4102.892,0.12810228493265186,0.12810228493265186,5.0888706027735395,61.73369629485213,0.26916772726559735,5.101234365191607e-05,6.730028038335698,0.6815663703117654
OIII_4363,4364.436,0.0,0.0,0.0,10000000000.0,0.26916772726559735,5.101234365191607e-05,6.730028038335698,0.6815663703117654
OIII_5007,5008.24,11.927799554401417,11.927799554401417,473.8325201621535,81.78765171332194,0.26916772726559735,5.101234365191607e-05,6.730028038335698,0.6815663703117654
OIII_4959,4960.295,3.170414637614158,3.170414637614158,125.94490298467173,63.3568855900853,0.26916772726559735,5.101234365191607e-05,6.730028038335698,0.6815663703117654
OII_3726,3727.092,2.4515841202467072,2.4515841202467072,97.38931952938145,89.0561745188298,0.26916772726559735,5.101234365191607e-05,6.730028038335698,0.6815663703117654
OII_3729,3729.875,7.788700788046867,7.788700788046867,309.40658470634435,92.03274449920903,0.26916772726559735,5.101234365191607e-05,6.730028038335698,0.6815663703117654
OI_6300,6302.046,0.0,0.0,0.0,10000000000.0,0.26916772726559735,5.101234365191607e-05,6.730028038335698,0.6815663703117654
SII_6717,6718.29,0.0,0.0,0.0,10000000000.0,0.26916772726559735,5.101234365191607e-05,6.730028038335698,0.6815663703117654
SII_6731,6732.67,2.0575657997279677,2.0575657997279677,81.73691918932369,62.42078191112587,0.26916772726559735,5.101234365191607e-05,6.730028038335698,0.6815663703117654
NII_6548,6549.85,1.472811827066721,1.472811827066721,58.5075341483362,62.08617937927619,0.26916772726559735,5.101234365191607e-05,6.730028038335698,0.6815663703117654
NII_6584,6585.28,2.414847190831779,2.414847190831779,95.92994290519336,62.679451928176746,0.26916772726559735,5.101234365191607e-05,6.730028038335698,0.6815663703117654
NII_5755,5756.24,2.0371920076438528,2.0371920076438528,80.9275691323877,62.407441818133,0.26916772726559735,5.101234365191607e-05,6.730028038335698,0.6815663703117654
HeI_5876,5877.594,0.9482032393865438,0.9482032393865438,37.66742796903002,61.878152366028,0.26916772726559735,5.101234365191607e-05,6.730028038335698,0.6815663703117654
HeII_4686,4687.02,0.0,0.0,0.0,10000000000.0,0.26916772726559735,5.101234365191607e-05,6.730028038335698,0.6815663703117654
NeIII_3869,3870.16,0.9587158245855107,1.5547149174661046,38.08504101790187,61.88145508163074,0.26916772726559735,5.101234365191607e-05,6.730028038335698,0.6815663703117654
