line,wl,amp,amp_err,flux,flux_err,z,zerr,FWHM,FWHMerr
HI_6563,6564.61,9.52150935249631,9.52150935249631,306.6828314164048,74.9307637866126,0.2692909663119773,5.976664134606528e-05,5.456774507786467,0.7408526910503306
HI_4861,4862.683,1.367226459769995,1.367226459769995,44.0376484805697,59.09143241354349,0.2692909663119773,5.976664134606528e-05,5.456774507786467,0.7408526910503306
HI_4341,4341.684,0.0,0.0,0.0,10000000000.0,0.2692909663119773,5.976664134606528e-05,5.456774507786467,0.7408526910503306
HI_4102,4102.892,3.9727162646543093,3.9727162646543093,127.95911103513869,61.84282699599686,0.2692909663119773,5.976664134606528e-05,5.456774507786467,0.7408526910503306
OIII_4363,4364.436,0.0,0.0,0.0,10000000000.0,0.2692909663119773,5.976664134606528e-05,5.456774507786467,0.7408526910503306
OIII_5007,5008.24,11.221181699078556,11.221181699078556,361.4283878646948,80.36094907410065,0.2692909663119773,5.976664134606528e-05,5.456774507786467,0.7408526910503306
OIII_4959,4960.295,7.8829551436332395,7.8829551436332395,253.90585818666722,70.23238790810377,0.2692909663119773,5.976664134606528e-05,5.456774507786467,0.7408526910503306
OII_3726,3727.092,6.3659715617058055,6.3659715617058055,205.0446112042513,78.09175833098276,0.2692909663119773,5.976664134606528e-05,5.456774507786467,0.7408526910503306
OII_3729,3729.875,2.9392647839831625,2.9392647839831625,94.67217988901649,75.44610365602716,0.2692909663119773,5.976664134606528e-05,5.456774507786467,0.7408526910503306
OI_6300,6302.046,0.0,0.0,0.0,10000000000.0,0.2692909663119773,5.976664134606528e-05,5.456774507786467,0.7408526910503306
SII_6717,6718.29,0.16342188911653466,0.16342188911653466,5.263733491637718,58.71753903603002,0.2692909663119773,5.976664134606528e-05,5.456774507786467,0.7408526910503306
SII_6731,6732.67,0.0,0.0,0.0,10000000000.0,0.2692909663119773,5.976664134606528e-05,5.456774507786467,0.7408526910503306
NII_6548,6549.85,0.0,0.0,0.0,10000000000.0,0.2692909663119773,5.976664134606528e-05,5.456774507786467,0.7408526910503306
NII_6584,6585.28,2.4389866942015033,2.4389866942015033,78.5584845294037,59.91115525956277,0.2692909663119773,5.976664134606528e-05,5.456774507786467,0.7408526910503306
NII_5755,5756.24,1.3309127800649776,1.3309127800649776,42.86800386869276,59.071792115482104,0.2692909663119773,5.976664134606528e-05,5.456774507786467,0.7408526910503306
HeI_5876,5877.594,2.4836046866813604,2.4836046866813604,79.9956067081737,59.95507072434568,0.2692909663119773,5.976664134606528e-05,5.456774507786467,0.7408526910503306
HeII_4686,4687.02,0.0,0.0,0.0,10000000000.0,0.2692909663119773,5.976664134606528e-05,5.456774507786467,0.7408526910503306
NeIII_3869,3870.16,0.0,10000000000.0,0.0,10000000000.0,0.2692909663119773,5.976664134606528e-05,5.456774507786467,0.7408526910503306
