line,wl,amp,amp_err,flux,flux_err,z,zerr,FWHM,FWHMerr
HI_6563,6564.61,25.531865918838548,25.531865918838548,764.6888717769956,70.72385692722943,0.26918544311252357,2.2436258680528942e-05,5.074047831425616,0.2803037313543054
HI_4861,4862.683,8.077511195973557,8.077511195973557,241.92446188030328,54.72074297080017,0.26918544311252357,2.2436258680528942e-05,5.074047831425616,0.2803037313543054
HI_4341,4341.684,6.2610626305659025,6.2610626305659025,187.52115236356158,53.900076761038264,0.26918544311252357,2.2436258680528942e-05,5.074047831425616,0.2803037313543054
HI_4102,4102.892,6.642544087524584,6.642544087524584,198.94666375598743,54.05612316791989,0.26918544311252357,2.2436258680528942e-05,5.074047831425616,0.2803037313543054
OIII_4363,4364.436,2.094936431735846,2.094936431735846,62.744124597904964,52.78341825817696,0.26918544311252357,2.2436258680528942e-05,5.074047831425616,0.2803037313543054
OIII_5007,5008.24,27.769025923705158,27.769025923705158,831.6926452397026,73.55238579673421,0.26918544311252357,2.2436258680528942e-05,5.074047831425616,0.2803037313543054
OIII_4959,4960.295,6.5164259092082375,6.5164259092082375,195.1693774505577,54.00360596604875,0.26918544311252357,2.2436258680528942e-05,5.074047831425616,0.2803037313543054
OII_3726,3727.092,19.85971030674466,19.85971030674466,594.8057034514376,72.67145670579534,0.26918544311252357,2.2436258680528942e-05,5.074047831425616,0.2803037313543054
OII_3729,3729.875,10.640174839455767,10.640174839455767,318.67719027499635,68.9625063847086,0.26918544311252357,2.2436258680528942e-05,5.074047831425616,0.2803037313543054
OI_6300,6302.046,1.7842627639129205,1.7842627639129205,53.43933280189897,52.74434096291138,0.26918544311252357,2.2436258680528942e-05,5.074047831425616,0.2803037313543054
SII_6717,6718.29,4.9522310618574465,4.9522310618574465,148.3211605257808,53.43215693284377,0.26918544311252357,2.2436258680528942e-05,5.074047831425616,0.2803037313543054
SII_6731,6732.67,0.59838738370604,0.59838738370604,17.92192449961665,52.65260711511569,0.26918544311252357,2.2436258680528942e-05,5.074047831425616,0.2803037313543054
NII_6548,6549.85,1.117729113193036,1.117729113193036,33.476402282421425,52.68153352278335,0.26918544311252357,2.2436258680528942e-05,5.074047831425616,0.2803037313543054
NII_6584,6585.28,3.4900910033275068,3.4900910033275068,104.52952244921393,53.03538306736898,0.26918544311252357,2.2436258680528942e-05,5.074047831425616,0.2803037313543054
NII_5755,5756.24,5.305036074681993,5.305036074681993,158.8878017603727,53.54792276246266,0.26918544311252357,2.2436258680528942e-05,5.074047831425616,0.2803037313543054
HeI_5876,5877.594,2.605233924465324,2.605233924465324,78.02772412903103,52.861119186762956,0.26918544311252357,2.2436258680528942e-05,5.074047831425616,0.2803037313543054
HeII_4686,4687.02,0.0,0.0,0.0,10000000000.0,0.26918544311252357,2.2436258680528942e-05,5.074047831425616,0.2803037313543054
NeIII_3869,3870.16,9.305692145886724,1.7763100693693286,278.7089377158172,55.384273245474795,0.26918544311252357,2.2436258680528942e-05,5.074047831425616,0.2803037313543054
