line,wl,amp,amp_err,flux,flux_err,z,zerr,FWHM,FWHMerr
HI_6563,6564.61,0.0,0.0,0.0,10000000000.0,0.26995576496802365,1.5919987795132607e-05,0.7688513356103133,0.2473283070511541
HI_4861,4862.683,0.0,0.0,0.0,10000000000.0,0.26995576496802365,1.5919987795132607e-05,0.7688513356103133,0.2473283070511541
HI_4341,4341.684,0.5672973527136946,0.5672973527136946,2.57454678489378,16.994134462494518,0.26995576496802365,1.5919987795132607e-05,0.7688513356103133,0.2473283070511541
HI_4102,4102.892,0.0,0.0,0.0,10000000000.0,0.26995576496802365,1.5919987795132607e-05,0.7688513356103133,0.2473283070511541
OIII_4363,4364.436,0.0,0.0,0.0,10000000000.0,0.26995576496802365,1.5919987795132607e-05,0.7688513356103133,0.2473283070511541
OIII_5007,5008.24,4.337505581585901,4.337505581585901,19.68475790714056,34.30536432081411,0.26995576496802365,1.5919987795132607e-05,0.7688513356103133,0.2473283070511541
OIII_4959,4960.295,80.85651451338549,80.85651451338549,366.94844155779657,387.1329463008438,0.26995576496802365,1.5919987795132607e-05,0.7688513356103133,0.2473283070511541
OII_3726,3727.092,0.0,0.0,0.0,10000000000.0,0.26995576496802365,1.5919987795132607e-05,0.7688513356103133,0.2473283070511541
OII_3729,3729.875,0.0,0.0,0.0,10000000000.0,0.26995576496802365,1.5919987795132607e-05,0.7688513356103133,0.2473283070511541
OI_6300,6302.046,0.0,0.0,0.0,10000000000.0,0.26995576496802365,1.5919987795132607e-05,0.7688513356103133,0.2473283070511541
SII_6717,6718.29,6.32120342430926,6.32120342430926,28.687308119571448,40.69256770043654,0.26995576496802365,1.5919987795132607e-05,0.7688513356103133,0.2473283070511541
SII_6731,6732.67,7.68981363914645,7.68981363914645,34.89842652427895,30.927894711877634,0.26995576496802365,1.5919987795132607e-05,0.7688513356103133,0.2473283070511541
NII_6548,6549.85,0.0,0.0,0.0,10000000000.0,0.26995576496802365,1.5919987795132607e-05,0.7688513356103133,0.2473283070511541
NII_6584,6585.28,0.0,0.0,0.0,10000000000.0,0.26995576496802365,1.5919987795132607e-05,0.7688513356103133,0.2473283070511541
NII_5755,5756.24,2.799600369211703,2.799600369211703,12.705333622769494,26.077452663970945,0.26995576496802365,1.5919987795132607e-05,0.7688513356103133,0.2473283070511541
HeI_5876,5877.594,5.522041454589157,5.522041454589157,25.060497823506754,64.9660081596807,0.26995576496802365,1.5919987795132607e-05,0.7688513356103133,0.2473283070511541
HeII_4686,4687.02,0.0,0.0,0.0,10000000000.0,0.26995576496802365,1.5919987795132607e-05,0.7688513356103133,0.2473283070511541
NeIII_3869,3870.16,0.5569086774470406,3.4477749025429305,2.5274002040413786,15.668031224359913,0.26995576496802365,1.5919987795132607e-05,0.7688513356103133,0.2473283070511541
