line,wl,amp,amp_err,flux,flux_err,z,zerr,FWHM,FWHMerr
HI_6563,6564.61,4.142834122136605,4.142834122136605,57.26973417002689,38.29791587676134,0.2701055569806698,2.735310924736217e-05,2.341962649095581,0.3051874522253257
HI_4861,4862.683,2.8034533585747567,2.8034533585747567,38.754394665660065,37.67837690957349,0.2701055569806698,2.735310924736217e-05,2.341962649095581,0.3051874522253257
HI_4341,4341.684,0.0,0.0,0.0,10000000000.0,0.2701055569806698,2.735310924736217e-05,2.341962649095581,0.3051874522253257
HI_4102,4102.892,0.0,0.0,0.0,10000000000.0,0.2701055569806698,2.735310924736217e-05,2.341962649095581,0.3051874522253257
OIII_4363,4364.436,0.0,0.0,0.0,10000000000.0,0.2701055569806698,2.735310924736217e-05,2.341962649095581,0.3051874522253257
OIII_5007,5008.24,3.262064749857359,3.262064749857359,45.094149454721055,37.83079700641277,0.2701055569806698,2.735310924736217e-05,2.341962649095581,0.3051874522253257
OIII_4959,4960.295,26.38034716443849,26.38034716443849,364.6767948896888,64.8513012721208,0.2701055569806698,2.735310924736217e-05,2.341962649095581,0.3051874522253257
OII_3726,3727.092,4.116375655233696,4.116375655233696,56.90397746304712,38.39828218184718,0.2701055569806698,2.735310924736217e-05,2.341962649095581,0.3051874522253257
OII_3729,3729.875,5.687487199371844,5.687487199371844,78.62271826501961,39.10674781746749,0.2701055569806698,2.735310924736217e-05,2.341962649095581,0.3051874522253257
OI_6300,6302.046,0.5633086582291753,0.5633086582291753,7.787069470167804,37.418145144172705,0.2701055569806698,2.735310924736217e-05,2.341962649095581,0.3051874522253257
SII_6717,6718.29,0.8255640031291023,0.8255640031291023,11.412436415668763,37.44120955381955,0.2701055569806698,2.735310924736217e-05,2.341962649095581,0.3051874522253257
SII_6731,6732.67,0.0,0.0,0.0,10000000000.0,0.2701055569806698,2.735310924736217e-05,2.341962649095581,0.3051874522253257
NII_6548,6549.85,1.9802509031352429,1.9802509031352429,27.37460382652789,37.583691407972786,0.2701055569806698,2.735310924736217e-05,2.341962649095581,0.3051874522253257
NII_6584,6585.28,0.0,0.0,0.0,10000000000.0,0.2701055569806698,2.735310924736217e-05,2.341962649095581,0.3051874522253257
NII_5755,5756.24,0.0,0.0,0.0,10000000000.0,0.2701055569806698,2.735310924736217e-05,2.341962649095581,0.3051874522253257
HeI_5876,5877.594,0.03828913551512869,0.03828913551512869,0.5293015717995116,37.339583577084525,0.2701055569806698,2.735310924736217e-05,2.341962649095581,0.3051874522253257
HeII_4686,4687.02,0.0,0.0,0.0,10000000000.0,0.2701055569806698,2.735310924736217e-05,2.341962649095581,0.3051874522253257
NeIII_3869,3870.16,0.0,10000000000.0,0.0,10000000000.0,0.2701055569806698,2.735310924736217e-05,2.341962649095581,0.3051874522253257
