line,wl,amp,amp_err,flux,flux_err,z,zerr,FWHM,FWHMerr
HI_6563,6564.61,5.933860293750286,5.933860293750286,173.36473249495907,62.630083406687866,0.2697447316295795,6.41360316314479e-05,4.94966468319709,0.7716968008564635
HI_4861,4862.683,3.807247966771456,3.807247966771456,111.23324322220499,58.18074087144523,0.2697447316295795,6.41360316314479e-05,4.94966468319709,0.7716968008564635
HI_4341,4341.684,0.0,0.0,0.0,10000000000.0,0.2697447316295795,6.41360316314479e-05,4.94966468319709,0.7716968008564635
HI_4102,4102.892,0.0,0.0,0.0,10000000000.0,0.2697447316295795,6.41360316314479e-05,4.94966468319709,0.7716968008564635
OIII_4363,4364.436,0.0,0.0,0.0,10000000000.0,0.2697447316295795,6.41360316314479e-05,4.94966468319709,0.7716968008564635
OIII_5007,5008.24,7.972601432989222,7.972601432989222,232.92896129941641,68.2514345426015,0.2697447316295795,6.41360316314479e-05,4.94966468319709,0.7716968008564635
OIII_4959,4960.295,4.072122961463947,4.072122961463947,118.97187883650007,58.64548152692796,0.2697447316295795,6.41360316314479e-05,4.94966468319709,0.7716968008564635
OII_3726,3727.092,10.478448974047865,10.478448974047865,306.14025498058584,79.23702757022626,0.2697447316295795,6.41360316314479e-05,4.94966468319709,0.7716968008564635
OII_3729,3729.875,0.0,0.0,0.0,10000000000.0,0.2697447316295795,6.41360316314479e-05,4.94966468319709,0.7716968008564635
OI_6300,6302.046,0.7656438260999039,0.7656438260999039,22.3691881047533,54.992130624935804,0.2697447316295795,6.41360316314479e-05,4.94966468319709,0.7716968008564635
SII_6717,6718.29,0.483095427767239,0.483095427767239,14.114203142365005,54.908803754971494,0.2697447316295795,6.41360316314479e-05,4.94966468319709,0.7716968008564635
SII_6731,6732.67,4.524779842639305,4.524779842639305,132.19678391214202,59.49852205392582,0.2697447316295795,6.41360316314479e-05,4.94966468319709,0.7716968008564635
NII_6548,6549.85,2.9596838530518426,2.9596838530518426,86.47065722029205,56.88726313096359,0.2697447316295795,6.41360316314479e-05,4.94966468319709,0.7716968008564635
NII_6584,6585.28,0.0,0.0,0.0,10000000000.0,0.2697447316295795,6.41360316314479e-05,4.94966468319709,0.7716968008564635
NII_5755,5756.24,1.4679134358184456,1.4679134358184456,42.886823674371215,55.36097719614579,0.2697447316295795,6.41360316314479e-05,4.94966468319709,0.7716968008564635
HeI_5876,5877.594,0.0,0.0,0.0,10000000000.0,0.2697447316295795,6.41360316314479e-05,4.94966468319709,0.7716968008564635
HeII_4686,4687.02,0.0,0.0,0.0,10000000000.0,0.2697447316295795,6.41360316314479e-05,4.94966468319709,0.7716968008564635
NeIII_3869,3870.16,0.7034985319944553,1.8783119472699794,20.553539984463217,54.97058178393373,0.2697447316295795,6.41360316314479e-05,4.94966468319709,0.7716968008564635
