line,wl,amp,amp_err,flux,flux_err,z,zerr,FWHM,FWHMerr
HI_6563,6564.61,98.6138130440595,98.6138130440595,2551.9493392536065,69.69715055177885,0.26928880156426993,5.678513257336818e-06,4.384162456325946,0.07145834874836152
HI_4861,4862.683,43.08297076425174,43.08297076425174,1114.9103293043975,55.74835591997298,0.26928880156426993,5.678513257336818e-06,4.384162456325946,0.07145834874836152
HI_4341,4341.684,17.976721813564154,17.976721813564154,465.20545081827646,52.60204775040029,0.26928880156426993,5.678513257336818e-06,4.384162456325946,0.07145834874836152
HI_4102,4102.892,13.580885070395311,13.580885070395311,351.44904767438425,52.30799860738993,0.26928880156426993,5.678513257336818e-06,4.384162456325946,0.07145834874836152
OIII_4363,4364.436,2.987836370879222,2.987836370879222,77.3198684555119,51.93355891408314,0.26928880156426993,5.678513257336818e-06,4.384162456325946,0.07145834874836152
OIII_5007,5008.24,112.34292994821931,112.34292994821931,2907.234362016619,74.17362760901628,0.26928880156426993,5.678513257336818e-06,4.384162456325946,0.07145834874836152
OIII_4959,4960.295,33.909343307934705,33.909343307934705,877.5132365132749,54.32139487759794,0.26928880156426993,5.678513257336818e-06,4.384162456325946,0.07145834874836152
OII_3726,3727.092,51.8999393137417,51.8999393137417,1343.0777266449484,66.25349859402218,0.26928880156426993,5.678513257336818e-06,4.384162456325946,0.07145834874836152
OII_3729,3729.875,79.84968793286407,79.84968793286407,2066.3672975390987,69.99330858274763,0.26928880156426993,5.678513257336818e-06,4.384162456325946,0.07145834874836152
OI_6300,6302.046,2.3870334735966026,2.3870334735966026,61.7721626178215,51.926611305563135,0.26928880156426993,5.678513257336818e-06,4.384162456325946,0.07145834874836152
SII_6717,6718.29,11.201366293992805,11.201366293992805,289.8713519973208,52.18248246348329,0.26928880156426993,5.678513257336818e-06,4.384162456325946,0.07145834874836152
SII_6731,6732.67,11.05582878148607,11.05582878148607,286.10510113029227,52.17558839234115,0.26928880156426993,5.678513257336818e-06,4.384162456325946,0.07145834874836152
NII_6548,6549.85,1.7959041312478803,1.7959041312478803,46.47479110307999,51.921382768691025,0.26928880156426993,5.678513257336818e-06,4.384162456325946,0.07145834874836152
NII_6584,6585.28,13.875765402859543,13.875765402859543,359.0800239682911,52.32521265207646,0.26928880156426993,5.678513257336818e-06,4.384162456325946,0.07145834874836152
NII_5755,5756.24,0.0,0.0,0.0,10000000000.0,0.26928880156426993,5.678513257336818e-06,4.384162456325946,0.07145834874836152
HeI_5876,5877.594,5.910765259219147,5.910765259219147,152.9600471995554,51.989228481195475,0.26928880156426993,5.678513257336818e-06,4.384162456325946,0.07145834874836152
HeII_4686,4687.02,0.0,0.0,0.0,10000000000.0,0.26928880156426993,5.678513257336818e-06,4.384162456325946,0.07145834874836152
NeIII_3869,3870.16,6.16607986499298,2.006734795642546,159.56713315834725,51.99579895927486,0.26928880156426993,5.678513257336818e-06,4.384162456325946,0.07145834874836152
