line,wl,amp,amp_err,flux,flux_err,z,zerr,FWHM,FWHMerr
HI_6563,6564.61,0.0,0.0,0.0,10000000000.0,0.27016709915923004,1.825373885258811e-05,2.281187669190108,0.23347264546218777
HI_4861,4862.683,1.8300774407633753,1.8300774407633753,24.642124140472493,35.150095889736804,0.27016709915923004,1.825373885258811e-05,2.281187669190108,0.23347264546218777
HI_4341,4341.684,2.7070560918750743,2.7070560918750743,36.45070464525388,35.205204383507635,0.27016709915923004,1.825373885258811e-05,2.281187669190108,0.23347264546218777
HI_4102,4102.892,0.7448981190924542,0.7448981190924542,10.03010665768547,35.02646896695578,0.27016709915923004,1.825373885258811e-05,2.281187669190108,0.23347264546218777
OIII_4363,4364.436,1.3390255317406172,1.3390255317406172,18.030074927676704,34.99077499840559,0.27016709915923004,1.825373885258811e-05,2.281187669190108,0.23347264546218777
OIII_5007,5008.24,6.086774654129954,6.086774654129954,81.95885775171705,36.20508412108612,0.27016709915923004,1.825373885258811e-05,2.281187669190108,0.23347264546218777
OIII_4959,4960.295,35.999370767252685,35.999370767252685,484.73411215620644,66.23448811773727,0.27016709915923004,1.825373885258811e-05,2.281187669190108,0.23347264546218777
OII_3726,3727.092,8.170533295379983,8.170533295379983,110.01681747119576,37.626427694149996,0.27016709915923004,1.825373885258811e-05,2.281187669190108,0.23347264546218777
OII_3729,3729.875,10.095425947313174,10.095425947313174,135.93563523785554,38.529671072404234,0.27016709915923004,1.825373885258811e-05,2.281187669190108,0.23347264546218777
OI_6300,6302.046,0.0,0.0,0.0,10000000000.0,0.27016709915923004,1.825373885258811e-05,2.281187669190108,0.23347264546218777
SII_6717,6718.29,2.596095432478478,2.596095432478478,34.95661139944071,35.211537966720456,0.27016709915923004,1.825373885258811e-05,2.281187669190108,0.23347264546218777
SII_6731,6732.67,0.0,0.0,0.0,10000000000.0,0.27016709915923004,1.825373885258811e-05,2.281187669190108,0.23347264546218777
NII_6548,6549.85,0.0,0.0,0.0,10000000000.0,0.27016709915923004,1.825373885258811e-05,2.281187669190108,0.23347264546218777
NII_6584,6585.28,0.0,0.0,0.0,10000000000.0,0.27016709915923004,1.825373885258811e-05,2.281187669190108,0.23347264546218777
NII_5755,5756.24,2.8718025018404205,2.8718025018404205,38.66902688432253,35.29918796221732,0.27016709915923004,1.825373885258811e-05,2.281187669190108,0.23347264546218777
HeI_5876,5877.594,0.0,0.0,0.0,10000000000.0,0.27016709915923004,1.825373885258811e-05,2.281187669190108,0.23347264546218777
HeII_4686,4687.02,0.0,0.0,0.0,10000000000.0,0.27016709915923004,1.825373885258811e-05,2.281187669190108,0.23347264546218777
NeIII_3869,3870.16,3.022700472428255,2.6063361288307445,40.70087889284722,35.34086117803095,0.27016709915923004,1.825373885258811e-05,2.281187669190108,0.23347264546218777
