line,wl,amp,amp_err,flux,flux_err,z,zerr,FWHM,FWHMerr
HI_6563,6564.61,0.0,0.0,0.0,10000000000.0,0.26725941848827395,0.00015453106240676976,9.999999098249685,20.72350941217208
HI_4861,4862.683,0.2999141248245678,0.2999141248245678,17.702905004919455,78.38370050009237,0.26725941848827395,0.00015453106240676976,9.999999098249685,20.72350941217208
HI_4341,4341.684,0.24254336010665156,0.24254336010665156,14.316504986397687,75.35083518299867,0.26725941848827395,0.00015453106240676976,9.999999098249685,20.72350941217208
HI_4102,4102.892,0.0,0.0,0.0,10000000000.0,0.26725941848827395,0.00015453106240676976,9.999999098249685,20.72350941217208
OIII_4363,4364.436,0.0,0.0,0.0,10000000000.0,0.26725941848827395,0.00015453106240676976,9.999999098249685,20.72350941217208
OIII_5007,5008.24,0.0,0.0,0.0,10000000000.0,0.26725941848827395,0.00015453106240676976,9.999999098249685,20.72350941217208
OIII_4959,4960.295,0.0,0.0,0.0,10000000000.0,0.26725941848827395,0.00015453106240676976,9.999999098249685,20.72350941217208
OII_3726,3727.092,11.845393615765715,11.845393615765715,699.1930708446653,1455.1947316513272,0.26725941848827395,0.00015453106240676976,9.999999098249685,20.72350941217208
OII_3729,3729.875,0.0,0.0,0.0,10000000000.0,0.26725941848827395,0.00015453106240676976,9.999999098249685,20.72350941217208
OI_6300,6302.046,0.7677258283240462,0.7677258283240462,45.31622982609977,116.73387033835247,0.26725941848827395,0.00015453106240676976,9.999999098249685,20.72350941217208
SII_6717,6718.29,0.0,0.0,0.0,10000000000.0,0.26725941848827395,0.00015453106240676976,9.999999098249685,20.72350941217208
SII_6731,6732.67,1.4151768495856913,1.4151768495856913,83.53304916209287,186.54182747679533,0.26725941848827395,0.00015453106240676976,9.999999098249685,20.72350941217208
NII_6548,6549.85,2.293967133487058,2.293967133487058,135.40503393190693,289.19274151156355,0.26725941848827395,0.00015453106240676976,9.999999098249685,20.72350941217208
NII_6584,6585.28,0.0,0.0,0.0,10000000000.0,0.26725941848827395,0.00015453106240676976,9.999999098249685,20.72350941217208
NII_5755,5756.24,0.0,0.0,0.0,10000000000.0,0.26725941848827395,0.00015453106240676976,9.999999098249685,20.72350941217208
HeI_5876,5877.594,0.17937912000581946,0.17937912000581946,10.588135931198869,72.65310961402099,0.26725941848827395,0.00015453106240676976,9.999999098249685,20.72350941217208
HeII_4686,4687.02,0.0,0.0,0.0,10000000000.0,0.26725941848827395,0.00015453106240676976,9.999999098249685,20.72350941217208
NeIII_3869,3870.16,0.0,10000000000.0,0.0,10000000000.0,0.26725941848827395,0.00015453106240676976,9.999999098249685,20.72350941217208
