line,wl,amp,amp_err,flux,flux_err,z,zerr,FWHM,FWHMerr
HI_6563,6564.61,23.066129339608665,23.066129339608665,622.4833549175861,71.36316100857603,0.2692480506759274,2.5011437096165253e-05,4.571990947669662,0.3167808110702528
HI_4861,4862.683,10.511884955387586,10.511884955387586,283.6832013380351,57.01147402928626,0.2692480506759274,2.5011437096165253e-05,4.571990947669662,0.3167808110702528
HI_4341,4341.684,5.965726040313257,5.965726040313257,160.9964595887593,54.06381659277706,0.2692480506759274,2.5011437096165253e-05,4.571990947669662,0.3167808110702528
HI_4102,4102.892,4.781595188201663,4.781595188201663,129.04043720497302,53.546906228094564,0.2692480506759274,2.5011437096165253e-05,4.571990947669662,0.3167808110702528
OIII_4363,4364.436,3.25421828698461,3.25421828698461,87.8212675864024,53.04373367560139,0.2692480506759274,2.5011437096165253e-05,4.571990947669662,0.3167808110702528
OIII_5007,5008.24,23.58412578855871,23.58412578855871,636.4624739379639,72.09981677081585,0.2692480506759274,2.5011437096165253e-05,4.571990947669662,0.3167808110702528
OIII_4959,4960.295,3.1999178794638965,3.1999178794638965,86.35586785031217,53.029199412114146,0.2692480506759274,2.5011437096165253e-05,4.571990947669662,0.3167808110702528
OII_3726,3727.092,7.159898926604683,7.159898926604683,193.22348535739724,65.66866128247632,0.2692480506759274,2.5011437096165253e-05,4.571990947669662,0.3167808110702528
OII_3729,3729.875,20.47456101283774,20.47456101283774,552.5449563768151,72.68200170053892,0.2692480506759274,2.5011437096165253e-05,4.571990947669662,0.3167808110702528
OI_6300,6302.046,0.0,0.0,0.0,10000000000.0,0.2692480506759274,2.5011437096165253e-05,4.571990947669662,0.3167808110702528
SII_6717,6718.29,1.3364360450657387,1.3364360450657387,36.066267587287584,52.67976063949354,0.2692480506759274,2.5011437096165253e-05,4.571990947669662,0.3167808110702528
SII_6731,6732.67,0.9286218228235157,0.9286218228235157,25.060625439581155,52.64144139539275,0.2692480506759274,2.5011437096165253e-05,4.571990947669662,0.3167808110702528
NII_6548,6549.85,5.135910430619333,5.135910430619333,138.6023076666918,53.69019929234503,0.2692480506759274,2.5011437096165253e-05,4.571990947669662,0.3167808110702528
NII_6584,6585.28,5.604637466246459,5.604637466246459,151.25179789463039,53.89479803259189,0.2692480506759274,2.5011437096165253e-05,4.571990947669662,0.3167808110702528
NII_5755,5756.24,1.1690776475556959,1.1690776475556959,31.54978303880331,52.66235631170281,0.2692480506759274,2.5011437096165253e-05,4.571990947669662,0.3167808110702528
HeI_5876,5877.594,0.0,0.0,0.0,10000000000.0,0.2692480506759274,2.5011437096165253e-05,4.571990947669662,0.3167808110702528
HeII_4686,4687.02,0.0,0.0,0.0,10000000000.0,0.2692480506759274,2.5011437096165253e-05,4.571990947669662,0.3167808110702528
NeIII_3869,3870.16,2.785546145765693,1.9516894558014746,75.17325878843778,52.92696129811453,0.2692480506759274,2.5011437096165253e-05,4.571990947669662,0.3167808110702528
