line,wl,amp,amp_err,flux,flux_err,z,zerr,FWHM,FWHMerr
HI_6563,6564.61,0.0,0.0,0.0,10000000000.0,0.2684168883250491,1.8661530959188928e-05,1.2842614307362998,0.39048433007572164
HI_4861,4862.683,0.0,0.0,0.0,10000000000.0,0.2684168883250491,1.8661530959188928e-05,1.2842614307362998,0.39048433007572164
HI_4341,4341.684,0.0,0.0,0.0,10000000000.0,0.2684168883250491,1.8661530959188928e-05,1.2842614307362998,0.39048433007572164
HI_4102,4102.892,0.0,0.0,0.0,10000000000.0,0.2684168883250491,1.8661530959188928e-05,1.2842614307362998,0.39048433007572164
OIII_4363,4364.436,0.0,0.0,0.0,10000000000.0,0.2684168883250491,1.8661530959188928e-05,1.2842614307362998,0.39048433007572164
OIII_5007,5008.24,0.0,0.0,0.0,10000000000.0,0.2684168883250491,1.8661530959188928e-05,1.2842614307362998,0.39048433007572164
OIII_4959,4960.295,2.0073618732857312,2.0073618732857312,15.216920415077023,35.57322531783482,0.2684168883250491,1.8661530959188928e-05,1.2842614307362998,0.39048433007572164
OII_3726,3727.092,10.93888495847807,10.93888495847807,82.92283721140015,37.211228728000364,0.2684168883250491,1.8661530959188928e-05,1.2842614307362998,0.39048433007572164
OII_3729,3729.875,0.0,0.0,0.0,10000000000.0,0.2684168883250491,1.8661530959188928e-05,1.2842614307362998,0.39048433007572164
OI_6300,6302.046,11.409130575554968,11.409130575554968,86.48756075518511,36.68222855559394,0.2684168883250491,1.8661530959188928e-05,1.2842614307362998,0.39048433007572164
SII_6717,6718.29,0.2566738121557819,0.2566738121557819,1.9457303758668167,33.68196756912014,0.2684168883250491,1.8661530959188928e-05,1.2842614307362998,0.39048433007572164
SII_6731,6732.67,2.8046958325516016,2.8046958325516016,21.261155669245365,26.211200587276416,0.2684168883250491,1.8661530959188928e-05,1.2842614307362998,0.39048433007572164
NII_6548,6549.85,3.1528859159782314,3.1528859159782314,23.900630324679287,36.782968408074304,0.2684168883250491,1.8661530959188928e-05,1.2842614307362998,0.39048433007572164
NII_6584,6585.28,0.0,0.0,0.0,10000000000.0,0.2684168883250491,1.8661530959188928e-05,1.2842614307362998,0.39048433007572164
NII_5755,5756.24,2.4887844134068473,2.4887844134068473,18.866371257269286,28.1369322072469,0.2684168883250491,1.8661530959188928e-05,1.2842614307362998,0.39048433007572164
HeI_5876,5877.594,0.0,0.0,0.0,10000000000.0,0.2684168883250491,1.8661530959188928e-05,1.2842614307362998,0.39048433007572164
HeII_4686,4687.02,0.0,0.0,0.0,10000000000.0,0.2684168883250491,1.8661530959188928e-05,1.2842614307362998,0.39048433007572164
NeIII_3869,3870.16,1.4754595456345214,4.1117757647944835,11.184804683390723,31.354522815801474,0.2684168883250491,1.8661530959188928e-05,1.2842614307362998,0.39048433007572164
