line,wl,amp,amp_err,flux,flux_err,z,zerr,FWHM,FWHMerr
HI_6563,6564.61,0.0,0.0,0.0,10000000000.0,0.27017246006826356,1.3187366760357664e-05,0.5733306058194332,0.7339120841905067
HI_4861,4862.683,0.0,0.0,0.0,10000000000.0,0.27017246006826356,1.3187366760357664e-05,0.5733306058194332,0.7339120841905067
HI_4341,4341.684,1.1201666818982403,1.1201666818982403,3.7908398314772334,15.125229829698632,0.27017246006826356,1.3187366760357664e-05,0.5733306058194332,0.7339120841905067
HI_4102,4102.892,0.0,0.0,0.0,10000000000.0,0.27017246006826356,1.3187366760357664e-05,0.5733306058194332,0.7339120841905067
OIII_4363,4364.436,0.0,0.0,0.0,10000000000.0,0.27017246006826356,1.3187366760357664e-05,0.5733306058194332,0.7339120841905067
OIII_5007,5008.24,2.6983141860014257,2.6983141860014257,9.131566810039702,27.44938182413236,0.27017246006826356,1.3187366760357664e-05,0.5733306058194332,0.7339120841905067
OIII_4959,4960.295,638.1265949226552,638.1265949226552,2159.531927389974,17953.79347494384,0.27017246006826356,1.3187366760357664e-05,0.5733306058194332,0.7339120841905067
OII_3726,3727.092,0.0,0.0,0.0,10000000000.0,0.27017246006826356,1.3187366760357664e-05,0.5733306058194332,0.7339120841905067
OII_3729,3729.875,3.855496772032211,3.855496772032211,13.047674930648698,33.698171284705765,0.27017246006826356,1.3187366760357664e-05,0.5733306058194332,0.7339120841905067
OI_6300,6302.046,0.399043868957051,0.399043868957051,1.3504341964409456,14.464909754508211,0.27017246006826356,1.3187366760357664e-05,0.5733306058194332,0.7339120841905067
SII_6717,6718.29,0.0,0.0,0.0,10000000000.0,0.27017246006826356,1.3187366760357664e-05,0.5733306058194332,0.7339120841905067
SII_6731,6732.67,0.0,0.0,0.0,10000000000.0,0.27017246006826356,1.3187366760357664e-05,0.5733306058194332,0.7339120841905067
NII_6548,6549.85,0.0,0.0,0.0,10000000000.0,0.27017246006826356,1.3187366760357664e-05,0.5733306058194332,0.7339120841905067
NII_6584,6585.28,0.0,0.0,0.0,10000000000.0,0.27017246006826356,1.3187366760357664e-05,0.5733306058194332,0.7339120841905067
NII_5755,5756.24,3.686847926925225,3.686847926925225,12.476937762782928,49.855417374438375,0.27017246006826356,1.3187366760357664e-05,0.5733306058194332,0.7339120841905067
HeI_5876,5877.594,0.0,0.0,0.0,10000000000.0,0.27017246006826356,1.3187366760357664e-05,0.5733306058194332,0.7339120841905067
HeII_4686,4687.02,0.0,0.0,0.0,10000000000.0,0.27017246006826356,1.3187366760357664e-05,0.5733306058194332,0.7339120841905067
NeIII_3869,3870.16,0.0,10000000000.0,0.0,10000000000.0,0.27017246006826356,1.3187366760357664e-05,0.5733306058194332,0.7339120841905067
