line,wl,amp,amp_err,flux,flux_err,z,zerr,FWHM,FWHMerr
HI_6563,6564.61,12.785515169646487,12.785515169646487,440.4778851003341,69.81857181956988,0.2692414630700321,4.347899394000865e-05,5.836576992030031,0.4603133162321385
HI_4861,4862.683,7.083097715983968,7.083097715983968,244.02207189136598,61.879898224895385,0.2692414630700321,4.347899394000865e-05,5.836576992030031,0.4603133162321385
HI_4341,4341.684,1.2008918236483623,1.2008918236483623,41.372309499949516,58.13292642335046,0.2692414630700321,4.347899394000865e-05,5.836576992030031,0.4603133162321385
HI_4102,4102.892,2.858475721361401,2.858475721361401,98.4782641645198,58.66451231295965,0.2692414630700321,4.347899394000865e-05,5.836576992030031,0.4603133162321385
OIII_4363,4364.436,2.955762821041617,2.955762821041617,101.82993324832972,58.70897898319519,0.2692414630700321,4.347899394000865e-05,5.836576992030031,0.4603133162321385
OIII_5007,5008.24,17.582765635513283,17.582765635513283,605.7495000070352,78.8605333420686,0.2692414630700321,4.347899394000865e-05,5.836576992030031,0.4603133162321385
OIII_4959,4960.295,0.0,0.0,0.0,10000000000.0,0.2692414630700321,4.347899394000865e-05,5.836576992030031,0.4603133162321385
OII_3726,3727.092,7.545336100899021,7.545336100899021,259.94679479052206,95.22042249125764,0.2692414630700321,4.347899394000865e-05,5.836576992030031,0.4603133162321385
OII_3729,3729.875,22.86835621362684,22.86835621362684,787.8450767954428,102.26226117372647,0.2692414630700321,4.347899394000865e-05,5.836576992030031,0.4603133162321385
OI_6300,6302.046,0.0,0.0,0.0,10000000000.0,0.2692414630700321,4.347899394000865e-05,5.836576992030031,0.4603133162321385
SII_6717,6718.29,2.054062428377051,2.054062428377051,70.76516372711765,58.352886511806865,0.2692414630700321,4.347899394000865e-05,5.836576992030031,0.4603133162321385
SII_6731,6732.67,0.9666596978203188,0.9666596978203188,33.302703384097974,58.092611169584934,0.2692414630700321,4.347899394000865e-05,5.836576992030031,0.4603133162321385
NII_6548,6549.85,2.839600556406367,2.839600556406367,97.82798980091407,58.65617079323676,0.2692414630700321,4.347899394000865e-05,5.836576992030031,0.4603133162321385
NII_6584,6585.28,0.0,0.0,0.0,10000000000.0,0.2692414630700321,4.347899394000865e-05,5.836576992030031,0.4603133162321385
NII_5755,5756.24,0.0,0.0,0.0,10000000000.0,0.2692414630700321,4.347899394000865e-05,5.836576992030031,0.4603133162321385
HeI_5876,5877.594,1.2238291167637954,1.2238291167637954,42.16252954406619,58.137334340910854,0.2692414630700321,4.347899394000865e-05,5.836576992030031,0.4603133162321385
HeII_4686,4687.02,0.0,0.0,0.0,10000000000.0,0.2692414630700321,4.347899394000865e-05,5.836576992030031,0.4603133162321385
NeIII_3869,3870.16,4.181914410743502,1.6921205224534936,144.07247505270757,59.392816398759415,0.2692414630700321,4.347899394000865e-05,5.836576992030031,0.4603133162321385
