line,wl,amp,amp_err,flux,flux_err,z,zerr,FWHM,FWHMerr
HI_6563,6564.61,0.0,0.0,0.0,10000000000.0,0.2700978486534184,5.072745775499112e-05,3.01526339128549,0.6453060653715692
HI_4861,4862.683,0.0,0.0,0.0,10000000000.0,0.2700978486534184,5.072745775499112e-05,3.01526339128549,0.6453060653715692
HI_4341,4341.684,0.0,0.0,0.0,10000000000.0,0.2700978486534184,5.072745775499112e-05,3.01526339128549,0.6453060653715692
HI_4102,4102.892,0.2040432228767486,0.2040432228767486,3.6315755854221554,46.70683920864584,0.2700978486534184,5.072745775499112e-05,3.01526339128549,0.6453060653715692
OIII_4363,4364.436,0.0,0.0,0.0,10000000000.0,0.2700978486534184,5.072745775499112e-05,3.01526339128549,0.6453060653715692
OIII_5007,5008.24,0.0442901569077776,0.0442901569077776,0.7882793176520159,46.69947651823476,0.2700978486534184,5.072745775499112e-05,3.01526339128549,0.6453060653715692
OIII_4959,4960.295,13.176862739053036,13.176862739053036,234.522726807296,73.00296817722398,0.2700978486534184,5.072745775499112e-05,3.01526339128549,0.6453060653715692
OII_3726,3727.092,3.0714935418330924,3.0714935418330924,54.666657387786046,48.78325463436247,0.2700978486534184,5.072745775499112e-05,3.01526339128549,0.6453060653715692
OII_3729,3729.875,0.0,0.0,0.0,10000000000.0,0.2700978486534184,5.072745775499112e-05,3.01526339128549,0.6453060653715692
OI_6300,6302.046,0.0,0.0,0.0,10000000000.0,0.2700978486534184,5.072745775499112e-05,3.01526339128549,0.6453060653715692
SII_6717,6718.29,0.8686439824820127,0.8686439824820127,15.460186497402256,46.84806423703474,0.2700978486534184,5.072745775499112e-05,3.01526339128549,0.6453060653715692
SII_6731,6732.67,7.555044880171067,7.555044880171067,134.46521843154247,56.708649713815724,0.2700978486534184,5.072745775499112e-05,3.01526339128549,0.6453060653715692
NII_6548,6549.85,2.9704737327342627,2.9704737327342627,52.868699743346575,48.385395030388096,0.2700978486534184,5.072745775499112e-05,3.01526339128549,0.6453060653715692
NII_6584,6585.28,2.4305217642735215,2.4305217642735215,43.25859675478949,47.83435757170268,0.2700978486534184,5.072745775499112e-05,3.01526339128549,0.6453060653715692
NII_5755,5756.24,0.0,0.0,0.0,10000000000.0,0.2700978486534184,5.072745775499112e-05,3.01526339128549,0.6453060653715692
HeI_5876,5877.594,3.233939908317211,3.233939908317211,57.55788920694141,48.68864278566198,0.2700978486534184,5.072745775499112e-05,3.01526339128549,0.6453060653715692
HeII_4686,4687.02,0.0,0.0,0.0,10000000000.0,0.2700978486534184,5.072745775499112e-05,3.01526339128549,0.6453060653715692
NeIII_3869,3870.16,0.1979445154355517,2.6240649146299666,3.523030362827522,46.709376977495786,0.2700978486534184,5.072745775499112e-05,3.01526339128549,0.6453060653715692
