line,wl,amp,amp_err,flux,flux_err,z,zerr,FWHM,FWHMerr
HI_6563,6564.61,23.35513013398463,23.35513013398463,707.9721239380789,75.83475001089366,0.26920711238639117,2.6615538646446686e-05,5.13554108743551,0.3428132770653243
HI_4861,4862.683,7.318050256687798,7.318050256687798,221.83458424724842,56.86166289339263,0.26920711238639117,2.6615538646446686e-05,5.13554108743551,0.3428132770653243
HI_4341,4341.684,1.99043205627504,1.99043205627504,60.33665418909223,54.58414002355077,0.26920711238639117,2.6615538646446686e-05,5.13554108743551,0.3428132770653243
HI_4102,4102.892,0.0,0.0,0.0,10000000000.0,0.26920711238639117,2.6615538646446686e-05,5.13554108743551,0.3428132770653243
OIII_4363,4364.436,1.843825061817597,1.843825061817597,55.8925057448418,54.55777777496872,0.26920711238639117,2.6615538646446686e-05,5.13554108743551,0.3428132770653243
OIII_5007,5008.24,23.860362133984836,23.860362133984836,723.2873960033432,76.63558374562253,0.26920711238639117,2.6615538646446686e-05,5.13554108743551,0.3428132770653243
OIII_4959,4960.295,9.15160884865611,9.15160884865611,277.4158789466862,58.204875213208105,0.26920711238639117,2.6615538646446686e-05,5.13554108743551,0.3428132770653243
OII_3726,3727.092,14.594042120822678,14.594042120822678,442.39423791888925,73.14427534329499,0.26920711238639117,2.6615538646446686e-05,5.13554108743551,0.3428132770653243
OII_3729,3729.875,9.10769467268858,9.10769467268858,276.0846933676565,70.57870919472799,0.26920711238639117,2.6615538646446686e-05,5.13554108743551,0.3428132770653243
OI_6300,6302.046,0.0,0.0,0.0,10000000000.0,0.26920711238639117,2.6615538646446686e-05,5.13554108743551,0.3428132770653243
SII_6717,6718.29,1.6858614658688111,1.6858614658688111,51.104100718315046,54.531617012779506,0.26920711238639117,2.6615538646446686e-05,5.13554108743551,0.3428132770653243
SII_6731,6732.67,2.5873052485486596,2.5873052485486596,78.42987735811086,54.71208597559816,0.26920711238639117,2.6615538646446686e-05,5.13554108743551,0.3428132770653243
NII_6548,6549.85,0.0,0.0,0.0,10000000000.0,0.26920711238639117,2.6615538646446686e-05,5.13554108743551,0.3428132770653243
NII_6584,6585.28,2.5021102895858576,2.5021102895858576,75.84733315049175,54.69180400802548,0.26920711238639117,2.6615538646446686e-05,5.13554108743551,0.3428132770653243
NII_5755,5756.24,0.8717297510122535,0.8717297510122535,26.425044938033224,54.433812897639264,0.26920711238639117,2.6615538646446686e-05,5.13554108743551,0.3428132770653243
HeI_5876,5877.594,0.5778214553598673,0.5778214553598673,17.515701289664513,54.413781747376774,0.26920711238639117,2.6615538646446686e-05,5.13554108743551,0.3428132770653243
HeII_4686,4687.02,0.0,0.0,0.0,10000000000.0,0.26920711238639117,2.6615538646446686e-05,5.13554108743551,0.3428132770653243
NeIII_3869,3870.16,4.421239998020383,1.800582539602195,134.02257464983123,55.31001975290299,0.26920711238639117,2.6615538646446686e-05,5.13554108743551,0.3428132770653243
