line,wl,amp,amp_err,flux,flux_err,z,zerr,FWHM,FWHMerr
HI_6563,6564.61,0.0,0.0,0.0,10000000000.0,0.27017482718595764,4.049280385485293e-05,0.367941339444795,2.7898176306246505
HI_4861,4862.683,0.0,0.0,0.0,10000000000.0,0.27017482718595764,4.049280385485293e-05,0.367941339444795,2.7898176306246505
HI_4341,4341.684,0.0,0.0,0.0,10000000000.0,0.27017482718595764,4.049280385485293e-05,0.367941339444795,2.7898176306246505
HI_4102,4102.892,28.86087313951043,28.86087313951043,62.68097005988162,2060.0967704464256,0.27017482718595764,4.049280385485293e-05,0.367941339444795,2.7898176306246505
OIII_4363,4364.436,3.1035960455964187,3.1035960455964187,6.7404894464428535,51.59378538917423,0.27017482718595764,4.049280385485293e-05,0.367941339444795,2.7898176306246505
OIII_5007,5008.24,0.0,0.0,0.0,10000000000.0,0.27017482718595764,4.049280385485293e-05,0.367941339444795,2.7898176306246505
OIII_4959,4960.295,49997.5502682289,49997.5502682289,108586.28345308066,8486250.260480095,0.27017482718595764,4.049280385485293e-05,0.367941339444795,2.7898176306246505
OII_3726,3727.092,0.0,0.0,0.0,10000000000.0,0.27017482718595764,4.049280385485293e-05,0.367941339444795,2.7898176306246505
OII_3729,3729.875,0.0,0.0,0.0,10000000000.0,0.27017482718595764,4.049280385485293e-05,0.367941339444795,2.7898176306246505
OI_6300,6302.046,0.0,0.0,0.0,10000000000.0,0.27017482718595764,4.049280385485293e-05,0.367941339444795,2.7898176306246505
SII_6717,6718.29,4.5705902415863875,4.5705902415863875,9.92655449833432,108.64713422168505,0.27017482718595764,4.049280385485293e-05,0.367941339444795,2.7898176306246505
SII_6731,6732.67,1464.822687061368,1464.822687061368,3181.3488991444437,364358.0471876914,0.27017482718595764,4.049280385485293e-05,0.367941339444795,2.7898176306246505
NII_6548,6549.85,0.0,0.0,0.0,10000000000.0,0.27017482718595764,4.049280385485293e-05,0.367941339444795,2.7898176306246505
NII_6584,6585.28,0.0,0.0,0.0,10000000000.0,0.27017482718595764,4.049280385485293e-05,0.367941339444795,2.7898176306246505
NII_5755,5756.24,0.0,0.0,0.0,10000000000.0,0.27017482718595764,4.049280385485293e-05,0.367941339444795,2.7898176306246505
HeI_5876,5877.594,1244.5685038804158,1244.5685038804158,2702.993798978436,204438.11124318122,0.27017482718595764,4.049280385485293e-05,0.367941339444795,2.7898176306246505
HeII_4686,4687.02,0.0,0.0,0.0,10000000000.0,0.27017482718595764,4.049280385485293e-05,0.367941339444795,2.7898176306246505
NeIII_3869,3870.16,0.0,10000000000.0,0.0,10000000000.0,0.27017482718595764,4.049280385485293e-05,0.367941339444795,2.7898176306246505
