line,wl,amp,amp_err,flux,flux_err,z,zerr,FWHM,FWHMerr
HI_6563,6564.61,0.0,0.0,0.0,10000000000.0,0.27001705760873523,2.807053447672596e-05,2.514413150181023,0.3010284632110082
HI_4861,4862.683,2.2575259971094965,2.2575259971094965,33.50557364037629,38.92875244277564,0.27001705760873523,2.807053447672596e-05,2.514413150181023,0.3010284632110082
HI_4341,4341.684,5.6906788827886885,5.6906788827886885,84.45947493634229,40.30026529578365,0.27001705760873523,2.807053447672596e-05,2.514413150181023,0.3010284632110082
HI_4102,4102.892,3.3797012907560884,3.3797012907560884,50.16058757458043,39.240739798531294,0.27001705760873523,2.807053447672596e-05,2.514413150181023,0.3010284632110082
OIII_4363,4364.436,0.0,0.0,0.0,10000000000.0,0.27001705760873523,2.807053447672596e-05,2.514413150181023,0.3010284632110082
OIII_5007,5008.24,0.02141145262351074,0.02141145262351074,0.31778283109165495,38.683395101988935,0.27001705760873523,2.807053447672596e-05,2.514413150181023,0.3010284632110082
OIII_4959,4960.295,22.820851755290505,22.820851755290505,338.70074143199776,59.47351740787171,0.27001705760873523,2.807053447672596e-05,2.514413150181023,0.3010284632110082
OII_3726,3727.092,16.796444976305224,16.796444976305224,249.2881697799677,50.84046222318446,0.27001705760873523,2.807053447672596e-05,2.514413150181023,0.3010284632110082
OII_3729,3729.875,0.0,0.0,0.0,10000000000.0,0.27001705760873523,2.807053447672596e-05,2.514413150181023,0.3010284632110082
OI_6300,6302.046,1.7720145676923948,1.7720145676923948,26.29974789466726,38.793495152468246,0.27001705760873523,2.807053447672596e-05,2.514413150181023,0.3010284632110082
SII_6717,6718.29,0.1366335833440644,0.1366335833440644,2.0278776830674943,38.6300106067759,0.27001705760873523,2.807053447672596e-05,2.514413150181023,0.3010284632110082
SII_6731,6732.67,2.5136005806307367,2.5136005806307367,37.30616146376579,39.001769707479106,0.27001705760873523,2.807053447672596e-05,2.514413150181023,0.3010284632110082
NII_6548,6549.85,0.0,0.0,0.0,10000000000.0,0.27001705760873523,2.807053447672596e-05,2.514413150181023,0.3010284632110082
NII_6584,6585.28,3.236583571410165,3.236583571410165,48.036474146461636,39.16637367380409,0.27001705760873523,2.807053447672596e-05,2.514413150181023,0.3010284632110082
NII_5755,5756.24,0.0,0.0,0.0,10000000000.0,0.27001705760873523,2.807053447672596e-05,2.514413150181023,0.3010284632110082
HeI_5876,5877.594,5.051244076298985,5.051244076298985,74.96916119267232,39.916107858310205,0.27001705760873523,2.807053447672596e-05,2.514413150181023,0.3010284632110082
HeII_4686,4687.02,0.0,0.0,0.0,10000000000.0,0.27001705760873523,2.807053447672596e-05,2.514413150181023,0.3010284632110082
NeIII_3869,3870.16,1.5698465873359737,2.6066305211013483,23.299226898571874,38.78731698484678,0.27001705760873523,2.807053447672596e-05,2.514413150181023,0.3010284632110082
