line,wl,amp,amp_err,flux,flux_err,z,zerr,FWHM,FWHMerr
HI_6563,6564.61,0.0,0.0,0.0,10000000000.0,0.27014538242461256,1.5074367057280555e-05,1.0611860757069653,0.25205810699897063
HI_4861,4862.683,2.6099441329483852,2.6099441329483852,16.34821769273748,23.06105550881544,0.27014538242461256,1.5074367057280555e-05,1.0611860757069653,0.25205810699897063
HI_4341,4341.684,1.0281856643869105,1.0281856643869105,6.440368917383854,23.35929530222637,0.27014538242461256,1.5074367057280555e-05,1.0611860757069653,0.25205810699897063
HI_4102,4102.892,0.0,0.0,0.0,10000000000.0,0.27014538242461256,1.5074367057280555e-05,1.0611860757069653,0.25205810699897063
OIII_4363,4364.436,0.8935978570667658,0.8935978570667658,5.5973352504630425,20.485672121219213,0.27014538242461256,1.5074367057280555e-05,1.0611860757069653,0.25205810699897063
OIII_5007,5008.24,0.0,0.0,0.0,10000000000.0,0.27014538242461256,1.5074367057280555e-05,1.0611860757069653,0.25205810699897063
OIII_4959,4960.295,50.30411963494248,50.30411963494248,315.09590119253835,151.60509090183015,0.27014538242461256,1.5074367057280555e-05,1.0611860757069653,0.25205810699897063
OII_3726,3727.092,8.369316287672518,8.369316287672518,52.42388252030439,32.89252194057582,0.27014538242461256,1.5074367057280555e-05,1.0611860757069653,0.25205810699897063
OII_3729,3729.875,0.678728433237211,0.678728433237211,4.251432067351459,21.01286776149071,0.27014538242461256,1.5074367057280555e-05,1.0611860757069653,0.25205810699897063
OI_6300,6302.046,0.0,0.0,0.0,10000000000.0,0.27014538242461256,1.5074367057280555e-05,1.0611860757069653,0.25205810699897063
SII_6717,6718.29,0.7118587967572694,0.7118587967572694,4.458954668401768,27.446147032756638,0.27014538242461256,1.5074367057280555e-05,1.0611860757069653,0.25205810699897063
SII_6731,6732.67,0.0,0.0,0.0,10000000000.0,0.27014538242461256,1.5074367057280555e-05,1.0611860757069653,0.25205810699897063
NII_6548,6549.85,1.5966495839797972,1.5966495839797972,10.00112402729222,36.13632819197419,0.27014538242461256,1.5074367057280555e-05,1.0611860757069653,0.25205810699897063
NII_6584,6585.28,2.6104798347686256,2.6104798347686256,16.351573231986436,36.545175660798975,0.27014538242461256,1.5074367057280555e-05,1.0611860757069653,0.25205810699897063
NII_5755,5756.24,2.4004248263393038,2.4004248263393038,15.035826675613587,21.824570850213057,0.27014538242461256,1.5074367057280555e-05,1.0611860757069653,0.25205810699897063
HeI_5876,5877.594,0.4563577251907418,0.4563577251907418,2.8585421975115732,35.89059284513647,0.27014538242461256,1.5074367057280555e-05,1.0611860757069653,0.25205810699897063
HeII_4686,4687.02,0.0,0.0,0.0,10000000000.0,0.27014538242461256,1.5074367057280555e-05,1.0611860757069653,0.25205810699897063
NeIII_3869,3870.16,0.0,10000000000.0,0.0,10000000000.0,0.27014538242461256,1.5074367057280555e-05,1.0611860757069653,0.25205810699897063
