line,wl,amp,amp_err,flux,flux_err,z,zerr,FWHM,FWHMerr
HI_6563,6564.61,0.0,0.0,0.0,10000000000.0,0.26998921231863593,2.9375794648468076e-05,1.5794984712504383,0.3407100736877423
HI_4861,4862.683,0.0,0.0,0.0,10000000000.0,0.26998921231863593,2.9375794648468076e-05,1.5794984712504383,0.3407100736877423
HI_4341,4341.684,0.0,0.0,0.0,10000000000.0,0.26998921231863593,2.9375794648468076e-05,1.5794984712504383,0.3407100736877423
HI_4102,4102.892,0.0,0.0,0.0,10000000000.0,0.26998921231863593,2.9375794648468076e-05,1.5794984712504383,0.3407100736877423
OIII_4363,4364.436,7.276947177556963,7.276947177556963,67.84472563967064,35.482489561281284,0.26998921231863593,2.9375794648468076e-05,1.5794984712504383,0.3407100736877423
OIII_5007,5008.24,1.8456235359951734,1.8456235359951734,17.207191337033883,31.85208915466859,0.26998921231863593,2.9375794648468076e-05,1.5794984712504383,0.3407100736877423
OIII_4959,4960.295,25.233805996815818,25.233805996815818,235.26083162711592,67.08619730415406,0.26998921231863593,2.9375794648468076e-05,1.5794984712504383,0.3407100736877423
OII_3726,3727.092,0.0,0.0,0.0,10000000000.0,0.26998921231863593,2.9375794648468076e-05,1.5794984712504383,0.3407100736877423
OII_3729,3729.875,2.3112304142364337,2.3112304142364337,21.548156049220648,31.206706571448528,0.26998921231863593,2.9375794648468076e-05,1.5794984712504383,0.3407100736877423
OI_6300,6302.046,1.8638145314686199,1.8638145314686199,17.37679035526158,28.348603210052953,0.26998921231863593,2.9375794648468076e-05,1.5794984712504383,0.3407100736877423
SII_6717,6718.29,0.0,0.0,0.0,10000000000.0,0.26998921231863593,2.9375794648468076e-05,1.5794984712504383,0.3407100736877423
SII_6731,6732.67,0.0,0.0,0.0,10000000000.0,0.26998921231863593,2.9375794648468076e-05,1.5794984712504383,0.3407100736877423
NII_6548,6549.85,1.318160822631171,1.318160822631171,12.289529823191343,30.072800802860474,0.26998921231863593,2.9375794648468076e-05,1.5794984712504383,0.3407100736877423
NII_6584,6585.28,0.0,0.0,0.0,10000000000.0,0.26998921231863593,2.9375794648468076e-05,1.5794984712504383,0.3407100736877423
NII_5755,5756.24,0.05137003262291273,0.05137003262291273,0.47893514744083954,31.31419375856909,0.26998921231863593,2.9375794648468076e-05,1.5794984712504383,0.3407100736877423
HeI_5876,5877.594,1.6216277439503983,1.6216277439503983,15.11882478923376,30.231942683500705,0.26998921231863593,2.9375794648468076e-05,1.5794984712504383,0.3407100736877423
HeII_4686,4687.02,0.0,0.0,0.0,10000000000.0,0.26998921231863593,2.9375794648468076e-05,1.5794984712504383,0.3407100736877423
NeIII_3869,3870.16,4.11481857858189,3.118892568969234,38.36344152420125,30.232784437777255,0.26998921231863593,2.9375794648468076e-05,1.5794984712504383,0.3407100736877423
