line,wl,amp,amp_err,flux,flux_err,z,zerr,FWHM,FWHMerr
HI_6563,6564.61,28.371139995235126,28.371139995235126,921.2503495325346,74.46393814886525,0.26920653639852865,2.1094677327512513e-05,5.501146626322468,0.25916428905617656
HI_4861,4862.683,13.539619177779628,13.539619177779628,439.65025381996526,61.04657586006301,0.26920653639852865,2.1094677327512513e-05,5.501146626322468,0.25916428905617656
HI_4341,4341.684,6.932607159619465,6.932607159619465,225.11139030873667,57.71477791550058,0.26920653639852865,2.1094677327512513e-05,5.501146626322468,0.25916428905617656
HI_4102,4102.892,1.9864261360424962,1.9864261360424962,64.5020176297835,56.58577528681058,0.26920653639852865,2.1094677327512513e-05,5.501146626322468,0.25916428905617656
OIII_4363,4364.436,1.3171427840386514,1.3171427840386514,42.76945693347727,56.52860877615187,0.26920653639852865,2.1094677327512513e-05,5.501146626322468,0.25916428905617656
OIII_5007,5008.24,33.23169986527296,33.23169986527296,1079.0794843486965,80.13070077627937,0.26920653639852865,2.1094677327512513e-05,5.501146626322468,0.25916428905617656
OIII_4959,4960.295,11.15785511112449,11.15785511112449,362.3110640912978,59.62006102600785,0.26920653639852865,2.1094677327512513e-05,5.501146626322468,0.25916428905617656
OII_3726,3727.092,20.07374588060145,20.07374588060145,651.8224298367008,79.77709981937768,0.26920653639852865,2.1094677327512513e-05,5.501146626322468,0.25916428905617656
OII_3729,3729.875,16.876464189109925,16.876464189109925,548.0022493175102,78.68308743576345,0.26920653639852865,2.1094677327512513e-05,5.501146626322468,0.25916428905617656
OI_6300,6302.046,0.9839819093854203,0.9839819093854203,31.951260263325796,56.508785104170904,0.26920653639852865,2.1094677327512513e-05,5.501146626322468,0.25916428905617656
SII_6717,6718.29,4.6322287789699885,4.6322287789699885,150.41490692504692,57.036597609086854,0.26920653639852865,2.1094677327512513e-05,5.501146626322468,0.25916428905617656
SII_6731,6732.67,0.6349190116391128,0.6349190116391128,20.616702800649538,56.494127167589994,0.26920653639852865,2.1094677327512513e-05,5.501146626322468,0.25916428905617656
NII_6548,6549.85,0.31640444565528014,0.31640444565528014,10.274092130331367,56.48622568462851,0.26920653639852865,2.1094677327512513e-05,5.501146626322468,0.25916428905617656
NII_6584,6585.28,4.5095810198254185,4.5095810198254185,146.432363713872,57.007804118121015,0.26920653639852865,2.1094677327512513e-05,5.501146626322468,0.25916428905617656
NII_5755,5756.24,0.68608629503467,0.68608629503467,22.278175611424995,56.49585756268372,0.26920653639852865,2.1094677327512513e-05,5.501146626322468,0.25916428905617656
HeI_5876,5877.594,1.1033464082672708,1.1033464082672708,35.8271914502696,56.515238183629684,0.26920653639852865,2.1094677327512513e-05,5.501146626322468,0.25916428905617656
HeII_4686,4687.02,0.0,0.0,0.0,10000000000.0,0.26920653639852865,2.1094677327512513e-05,5.501146626322468,0.25916428905617656
NeIII_3869,3870.16,7.684378144163816,1.7488835640127836,249.52243908563523,57.99258477546205,0.26920653639852865,2.1094677327512513e-05,5.501146626322468,0.25916428905617656
