line,wl,amp,amp_err,flux,flux_err,z,zerr,FWHM,FWHMerr
HI_6563,6564.61,0.29479726700219544,0.29479726700219544,3.672225930455036,33.38255911776329,0.2701857671822911,1.720110744735404e-05,2.110368431663614,0.24477943444328593
HI_4861,4862.683,0.0,0.0,0.0,10000000000.0,0.2701857671822911,1.720110744735404e-05,2.110368431663614,0.24477943444328593
HI_4341,4341.684,0.0,0.0,0.0,10000000000.0,0.2701857671822911,1.720110744735404e-05,2.110368431663614,0.24477943444328593
HI_4102,4102.892,3.2145457816625367,3.2145457816625367,40.042903023141356,33.834936934140735,0.2701857671822911,1.720110744735404e-05,2.110368431663614,0.24477943444328593
OIII_4363,4364.436,0.0,0.0,0.0,10000000000.0,0.2701857671822911,1.720110744735404e-05,2.110368431663614,0.24477943444328593
OIII_5007,5008.24,3.9165189083698806,3.9165189083698806,48.78723075925333,33.982231300278904,0.2701857671822911,1.720110744735404e-05,2.110368431663614,0.24477943444328593
OIII_4959,4960.295,34.860929553196,34.860929553196,434.25507558745204,66.86475872289601,0.2701857671822911,1.720110744735404e-05,2.110368431663614,0.24477943444328593
OII_3726,3727.092,11.181068163281793,11.181068163281793,139.28015295705876,38.367296516146865,0.2701857671822911,1.720110744735404e-05,2.110368431663614,0.24477943444328593
OII_3729,3729.875,1.8557269978518889,1.8557269978518889,23.116390700143203,33.59671458633408,0.2701857671822911,1.720110744735404e-05,2.110368431663614,0.24477943444328593
OI_6300,6302.046,1.2770826907930086,1.2770826907930086,15.908343452961697,33.24865736935055,0.2701857671822911,1.720110744735404e-05,2.110368431663614,0.24477943444328593
SII_6717,6718.29,1.6118280906680411,1.6118280906680411,20.078194652811796,33.30320070347966,0.2701857671822911,1.720110744735404e-05,2.110368431663614,0.24477943444328593
SII_6731,6732.67,0.0,0.0,0.0,10000000000.0,0.2701857671822911,1.720110744735404e-05,2.110368431663614,0.24477943444328593
NII_6548,6549.85,0.0,0.0,0.0,10000000000.0,0.2701857671822911,1.720110744735404e-05,2.110368431663614,0.24477943444328593
NII_6584,6585.28,0.0,0.0,0.0,10000000000.0,0.2701857671822911,1.720110744735404e-05,2.110368431663614,0.24477943444328593
NII_5755,5756.24,0.0,0.0,0.0,10000000000.0,0.2701857671822911,1.720110744735404e-05,2.110368431663614,0.24477943444328593
HeI_5876,5877.594,2.2215292087381613,2.2215292087381613,27.673109891927123,33.71345095147228,0.2701857671822911,1.720110744735404e-05,2.110368431663614,0.24477943444328593
HeII_4686,4687.02,0.0,0.0,0.0,10000000000.0,0.2701857671822911,1.720110744735404e-05,2.110368431663614,0.24477943444328593
NeIII_3869,3870.16,7.201016634733833,2.7059461355793974,89.7015100601686,35.27660922181584,0.2701857671822911,1.720110744735404e-05,2.110368431663614,0.24477943444328593
