line,wl,amp,amp_err,flux,flux_err,z,zerr,FWHM,FWHMerr
HI_6563,6564.61,0.0,0.0,0.0,10000000000.0,0.2701782910033626,1.9529877348665197e-05,0.385454382268558,4.7420619518833895
HI_4861,4862.683,0.0,0.0,0.0,10000000000.0,0.2701782910033626,1.9529877348665197e-05,0.385454382268558,4.7420619518833895
HI_4341,4341.684,0.0,0.0,0.0,10000000000.0,0.2701782910033626,1.9529877348665197e-05,0.385454382268558,4.7420619518833895
HI_4102,4102.892,0.0,0.0,0.0,10000000000.0,0.2701782910033626,1.9529877348665197e-05,0.385454382268558,4.7420619518833895
OIII_4363,4364.436,0.4867705683235499,0.4867705683235499,1.1075031173094083,15.455102087902205,0.2701782910033626,1.9529877348665197e-05,0.385454382268558,4.7420619518833895
OIII_5007,5008.24,0.0,0.0,0.0,10000000000.0,0.2701782910033626,1.9529877348665197e-05,0.385454382268558,4.7420619518833895
OIII_4959,4960.295,49564.15023876079,49564.15023876079,112768.63160661173,17004450.726776082,0.2701782910033626,1.9529877348665197e-05,0.385454382268558,4.7420619518833895
OII_3726,3727.092,781.351133396736,781.351133396736,1777.7344651925189,195386.99803648397,0.2701782910033626,1.9529877348665197e-05,0.385454382268558,4.7420619518833895
OII_3729,3729.875,0.0,0.0,0.0,10000000000.0,0.2701782910033626,1.9529877348665197e-05,0.385454382268558,4.7420619518833895
OI_6300,6302.046,1.29436647756188,1.29436647756188,2.944949843162543,41.095520969703415,0.2701782910033626,1.9529877348665197e-05,0.385454382268558,4.7420619518833895
SII_6717,6718.29,0.0,0.0,0.0,10000000000.0,0.2701782910033626,1.9529877348665197e-05,0.385454382268558,4.7420619518833895
SII_6731,6732.67,157.1667947540102,157.1667947540102,357.5867697323415,62131.264678497486,0.2701782910033626,1.9529877348665197e-05,0.385454382268558,4.7420619518833895
NII_6548,6549.85,35.37422355697436,35.37422355697436,80.48363112148665,4830.096535933506,0.2701782910033626,1.9529877348665197e-05,0.385454382268558,4.7420619518833895
NII_6584,6585.28,0.0,0.0,0.0,10000000000.0,0.2701782910033626,1.9529877348665197e-05,0.385454382268558,4.7420619518833895
NII_5755,5756.24,27.677722591412703,27.677722591412703,62.972509113656706,3952.350958402743,0.2701782910033626,1.9529877348665197e-05,0.385454382268558,4.7420619518833895
HeI_5876,5877.594,0.0,0.0,0.0,10000000000.0,0.2701782910033626,1.9529877348665197e-05,0.385454382268558,4.7420619518833895
HeII_4686,4687.02,0.0,0.0,0.0,10000000000.0,0.2701782910033626,1.9529877348665197e-05,0.385454382268558,4.7420619518833895
NeIII_3869,3870.16,0.0,10000000000.0,0.0,10000000000.0,0.2701782910033626,1.9529877348665197e-05,0.385454382268558,4.7420619518833895
