line,wl,amp,amp_err,flux,flux_err,z,zerr,FWHM,FWHMerr
HI_6563,6564.61,7.271007479974855,7.271007479974855,118.96115016164082,50.46272836536542,0.2692932615484001,5.00700827496379e-05,2.771806474279206,0.5304278168752035
HI_4861,4862.683,0.7537262250659751,0.7537262250659751,12.331735167070715,43.66729422714607,0.2692932615484001,5.00700827496379e-05,2.771806474279206,0.5304278168752035
HI_4341,4341.684,0.0,0.0,0.0,10000000000.0,0.2692932615484001,5.00700827496379e-05,2.771806474279206,0.5304278168752035
HI_4102,4102.892,3.037598490046662,3.037598490046662,49.69823110489553,44.87656576139552,0.2692932615484001,5.00700827496379e-05,2.771806474279206,0.5304278168752035
OIII_4363,4364.436,0.0,0.0,0.0,10000000000.0,0.2692932615484001,5.00700827496379e-05,2.771806474279206,0.5304278168752035
OIII_5007,5008.24,8.068274448027069,8.068274448027069,132.00525660309142,51.955487616359754,0.2692932615484001,5.00700827496379e-05,2.771806474279206,0.5304278168752035
OIII_4959,4960.295,0.0,0.0,0.0,10000000000.0,0.2692932615484001,5.00700827496379e-05,2.771806474279206,0.5304278168752035
OII_3726,3727.092,6.195073956072974,6.195073956072974,101.35777265813182,51.131979668152226,0.2692932615484001,5.00700827496379e-05,2.771806474279206,0.5304278168752035
OII_3729,3729.875,10.592628489863614,10.592628489863614,173.30628140042813,58.73342164826413,0.2692932615484001,5.00700827496379e-05,2.771806474279206,0.5304278168752035
OI_6300,6302.046,0.13897109254594397,0.13897109254594397,2.2737098062430405,43.60183141051022,0.2692932615484001,5.00700827496379e-05,2.771806474279206,0.5304278168752035
SII_6717,6718.29,2.070938160772698,2.070938160772698,33.88267529605198,44.18518641130588,0.2692932615484001,5.00700827496379e-05,2.771806474279206,0.5304278168752035
SII_6731,6732.67,0.0,0.0,0.0,10000000000.0,0.2692932615484001,5.00700827496379e-05,2.771806474279206,0.5304278168752035
NII_6548,6549.85,0.9866657787896429,0.9866657787896429,16.142865509794923,43.72268947941808,0.2692932615484001,5.00700827496379e-05,2.771806474279206,0.5304278168752035
NII_6584,6585.28,0.0,0.0,0.0,10000000000.0,0.2692932615484001,5.00700827496379e-05,2.771806474279206,0.5304278168752035
NII_5755,5756.24,0.0,0.0,0.0,10000000000.0,0.2692932615484001,5.00700827496379e-05,2.771806474279206,0.5304278168752035
HeI_5876,5877.594,0.0,0.0,0.0,10000000000.0,0.2692932615484001,5.00700827496379e-05,2.771806474279206,0.5304278168752035
HeII_4686,4687.02,0.0,0.0,0.0,10000000000.0,0.2692932615484001,5.00700827496379e-05,2.771806474279206,0.5304278168752035
NeIII_3869,3870.16,4.191607779203309,2.69374730971083,68.57900831677195,45.98492135809307,0.2692932615484001,5.00700827496379e-05,2.771806474279206,0.5304278168752035
