line,wl,amp,amp_err,flux,flux_err,z,zerr,FWHM,FWHMerr
HI_6563,6564.61,208.4839509681069,208.4839509681069,5882.305864915378,84.08412361383962,0.26923697164372656,3.2477436008762497e-06,4.77999360990106,0.041052172678630976
HI_4861,4862.683,87.62418967456733,87.62418967456733,2472.287590664539,66.65954606030431,0.26923697164372656,3.2477436008762497e-06,4.77999360990106,0.041052172678630976
HI_4341,4341.684,44.097544673689754,44.097544673689754,1244.1976682516654,63.424688348391,0.26923697164372656,3.2477436008762497e-06,4.77999360990106,0.041052172678630976
HI_4102,4102.892,17.048675453971896,17.048675453971896,481.0227508940437,62.4603648743472,0.26923697164372656,3.2477436008762497e-06,4.77999360990106,0.041052172678630976
OIII_4363,4364.436,0.260971496296861,0.260971496296861,7.363224632468728,62.28937523811737,0.26923697164372656,3.2477436008762497e-06,4.77999360990106,0.041052172678630976
OIII_5007,5008.24,235.75769170660033,235.75769170660033,6651.825457954766,89.21539181649132,0.26923697164372656,3.2477436008762497e-06,4.77999360990106,0.041052172678630976
OIII_4959,4960.295,76.28612856073437,76.28612856073437,2152.38793854757,65.62844345824062,0.26923697164372656,3.2477436008762497e-06,4.77999360990106,0.041052172678630976
OII_3726,3727.092,97.25187641511548,97.25187641511548,2743.929594360823,80.2869610003128,0.26923697164372656,3.2477436008762497e-06,4.77999360990106,0.041052172678630976
OII_3729,3729.875,156.2878841454617,156.2878841454617,4409.611067207281,84.14683495805261,0.26923697164372656,3.2477436008762497e-06,4.77999360990106,0.041052172678630976
OI_6300,6302.046,6.392012960421198,6.392012960421198,180.3485359477507,62.313354468893024,0.26923697164372656,3.2477436008762497e-06,4.77999360990106,0.041052172678630976
SII_6717,6718.29,22.940423425504378,22.940423425504378,647.2564752964104,62.598605756919035,0.26923697164372656,3.2477436008762497e-06,4.77999360990106,0.041052172678630976
SII_6731,6732.67,15.194297591980103,15.194297591980103,428.70209156889393,62.42517697553739,0.26923697164372656,3.2477436008762497e-06,4.77999360990106,0.041052172678630976
NII_6548,6549.85,2.2041259126019668,2.2041259126019668,62.18868513621894,62.292195043467494,0.26923697164372656,3.2477436008762497e-06,4.77999360990106,0.041052172678630976
NII_6584,6585.28,33.34987754234453,33.34987754234453,940.9557874867445,62.94119091222699,0.26923697164372656,3.2477436008762497e-06,4.77999360990106,0.041052172678630976
NII_5755,5756.24,0.0,0.0,0.0,10000000000.0,0.26923697164372656,3.2477436008762497e-06,4.77999360990106,0.041052172678630976
HeI_5876,5877.594,8.819732432977844,8.819732432977844,248.8458395794044,62.33512793954827,0.26923697164372656,3.2477436008762497e-06,4.77999360990106,0.041052172678630976
HeII_4686,4687.02,2.1600499167107046e-12,2.1600499167107046e-12,6.094509545975113e-11,62.28932935025467,0.26923697164372656,3.2477436008762497e-06,4.77999360990106,0.041052172678630976
NeIII_3869,3870.16,23.34640582711836,2.209969262953018,658.711134760494,62.609662713625575,0.26923697164372656,3.2477436008762497e-06,4.77999360990106,0.041052172678630976
