line,wl,amp,amp_err,flux,flux_err,z,zerr,FWHM,FWHMerr
HI_6563,6564.61,17.33813461098771,17.33813461098771,498.7533539826449,64.4151988962609,0.26918984128290074,2.88102488058051e-05,4.873441986519368,0.34431868803353627
HI_4861,4862.683,9.204217108350576,9.204217108350576,264.7709373916768,55.08660252229079,0.26918984128290074,2.88102488058051e-05,4.873441986519368,0.34431868803353627
HI_4341,4341.684,1.9589040477729895,1.9589040477729895,56.35035059295229,51.155620579117226,0.26918984128290074,2.88102488058051e-05,4.873441986519368,0.34431868803353627
HI_4102,4102.892,1.8096677122340452,1.8096677122340452,52.05737879661164,51.127245192863526,0.26918984128290074,2.88102488058051e-05,4.873441986519368,0.34431868803353627
OIII_4363,4364.436,0.0,0.0,0.0,10000000000.0,0.26918984128290074,2.88102488058051e-05,4.873441986519368,0.34431868803353627
OIII_5007,5008.24,22.178976786647013,22.178976786647013,638.0062970115132,71.674140013783,0.26918984128290074,2.88102488058051e-05,4.873441986519368,0.34431868803353627
OIII_4959,4960.295,6.56326373185675,6.56326373185675,188.80057588558108,53.09909515332582,0.26918984128290074,2.88102488058051e-05,4.873441986519368,0.34431868803353627
OII_3726,3727.092,2.567968347806186,2.567968347806186,73.87085491757199,65.99128705785822,0.26918984128290074,2.88102488058051e-05,4.873441986519368,0.34431868803353627
OII_3729,3729.875,22.308296643844983,22.308296643844983,641.7263461379729,75.81335345806983,0.26918984128290074,2.88102488058051e-05,4.873441986519368,0.34431868803353627
OI_6300,6302.046,3.7630348674991865,3.7630348674991865,108.24845367906272,51.67397928809098,0.26918984128290074,2.88102488058051e-05,4.873441986519368,0.34431868803353627
SII_6717,6718.29,0.0,0.0,0.0,10000000000.0,0.26918984128290074,2.88102488058051e-05,4.873441986519368,0.34431868803353627
SII_6731,6732.67,1.97765347944312,1.97765347944312,56.88970169043539,51.15935040219428,0.26918984128290074,2.88102488058051e-05,4.873441986519368,0.34431868803353627
NII_6548,6549.85,0.4049064374949012,0.4049064374949012,11.647645394433908,50.9698953063058,0.26918984128290074,2.88102488058051e-05,4.873441986519368,0.34431868803353627
NII_6584,6585.28,1.0765040058960267,1.0765040058960267,30.96699821306843,51.020275336688165,0.26918984128290074,2.88102488058051e-05,4.873441986519368,0.34431868803353627
NII_5755,5756.24,0.0,0.0,0.0,10000000000.0,0.26918984128290074,2.88102488058051e-05,4.873441986519368,0.34431868803353627
HeI_5876,5877.594,1.6674859589685411,1.6674859589685411,47.96734097493255,51.10226254819644,0.26918984128290074,2.88102488058051e-05,4.873441986519368,0.34431868803353627
HeII_4686,4687.02,0.0,0.0,0.0,10000000000.0,0.26918984128290074,2.88102488058051e-05,4.873441986519368,0.34431868803353627
NeIII_3869,3870.16,2.6859803550453307,1.7741152950204488,77.26561944912932,51.325800556544316,0.26918984128290074,2.88102488058051e-05,4.873441986519368,0.34431868803353627
