line,wl,amp,amp_err,flux,flux_err,z,zerr,FWHM,FWHMerr
HI_6563,6564.61,92.32967165600735,92.32967165600735,2833.6269912534735,89.50752381572175,0.2692075751378936,7.970005193335633e-06,5.199406004090169,0.09958561051587278
HI_4861,4862.683,36.64264408641293,36.64264408641293,1124.574402267989,70.06689904528743,0.2692075751378936,7.970005193335633e-06,5.199406004090169,0.09958561051587278
HI_4341,4341.684,15.475613478965897,15.475613478965897,474.95150013728704,66.57970737194512,0.2692075751378936,7.970005193335633e-06,5.199406004090169,0.09958561051587278
HI_4102,4102.892,7.19344847436912,7.19344847436912,220.7692217633617,65.96790282497106,0.2692075751378936,7.970005193335633e-06,5.199406004090169,0.09958561051587278
OIII_4363,4364.436,0.0,0.0,0.0,10000000000.0,0.2692075751378936,7.970005193335633e-06,5.199406004090169,0.09958561051587278
OIII_5007,5008.24,99.73929240267444,99.73929240267444,3061.030608813522,92.87819656022168,0.2692075751378936,7.970005193335633e-06,5.199406004090169,0.09958561051587278
OIII_4959,4960.295,27.807449687457847,27.807449687457847,853.4194758741648,68.28917243789444,0.2692075751378936,7.970005193335633e-06,5.199406004090169,0.09958561051587278
OII_3726,3727.092,52.39257363704519,52.39257363704519,1607.9447498989014,91.16003630894345,0.2692075751378936,7.970005193335633e-06,5.199406004090169,0.09958561051587278
OII_3729,3729.875,71.6112569747304,71.6112569747304,2197.772254592241,94.03471268648315,0.2692075751378936,7.970005193335633e-06,5.199406004090169,0.09958561051587278
OI_6300,6302.046,3.863738607361597,3.863738607361597,118.57936683408083,65.84724444372488,0.2692075751378936,7.970005193335633e-06,5.199406004090169,0.09958561051587278
SII_6717,6718.29,11.510422790269331,11.510422790269331,353.25853665725833,66.23170984993794,0.2692075751378936,7.970005193335633e-06,5.199406004090169,0.09958561051587278
SII_6731,6732.67,5.450626176710671,5.450626176710671,167.28145109303185,65.89572972859366,0.2692075751378936,7.970005193335633e-06,5.199406004090169,0.09958561051587278
NII_6548,6549.85,4.591338046016517,4.591338046016517,140.90962504050987,65.86743087697799,0.2692075751378936,7.970005193335633e-06,5.199406004090169,0.09958561051587278
NII_6584,6585.28,14.441693397465656,14.441693397465656,443.2201639677681,66.47931013439913,0.2692075751378936,7.970005193335633e-06,5.199406004090169,0.09958561051587278
NII_5755,5756.24,2.3484087051516553,2.3484087051516553,72.07341014062169,65.8164119286962,0.2692075751378936,7.970005193335633e-06,5.199406004090169,0.09958561051587278
HeI_5876,5877.594,4.175786556407957,4.175786556407957,128.15621764621648,65.8554924449369,0.2692075751378936,7.970005193335633e-06,5.199406004090169,0.09958561051587278
HeII_4686,4687.02,0.0,0.0,0.0,10000000000.0,0.2692075751378936,7.970005193335633e-06,5.199406004090169,0.09958561051587278
NeIII_3869,3870.16,6.9394944087908925,2.14497198461906,212.975290713308,65.95613511563661,0.2692075751378936,7.970005193335633e-06,5.199406004090169,0.09958561051587278
