line,wl,amp,amp_err,flux,flux_err,z,zerr,FWHM,FWHMerr
HI_6563,6564.61,3.526424529783867,3.526424529783867,11.552815620372645,67.67615027941861,0.27017993964194265,9.877190693154596e-06,0.5550161112418339,1.1176351981754142
HI_4861,4862.683,0.28302837941453163,0.28302837941453163,0.9272209443567363,48.3075904820498,0.27017993964194265,9.877190693154596e-06,0.5550161112418339,1.1176351981754142
HI_4341,4341.684,0.0,0.0,0.0,10000000000.0,0.27017993964194265,9.877190693154596e-06,0.5550161112418339,1.1176351981754142
HI_4102,4102.892,0.0,0.0,0.0,10000000000.0,0.27017993964194265,9.877190693154596e-06,0.5550161112418339,1.1176351981754142
OIII_4363,4364.436,0.0,0.0,0.0,10000000000.0,0.27017993964194265,9.877190693154596e-06,0.5550161112418339,1.1176351981754142
OIII_5007,5008.24,0.0,0.0,0.0,10000000000.0,0.27017993964194265,9.877190693154596e-06,0.5550161112418339,1.1176351981754142
OIII_4959,4960.295,781.1087367881016,781.1087367881016,2558.967344787669,37085.15545598995,0.27017993964194265,9.877190693154596e-06,0.5550161112418339,1.1176351981754142
OII_3726,3727.092,30.47071262645204,30.47071262645204,99.82420489127452,906.1808360295413,0.27017993964194265,9.877190693154596e-06,0.5550161112418339,1.1176351981754142
OII_3729,3729.875,0.0,0.0,0.0,10000000000.0,0.27017993964194265,9.877190693154596e-06,0.5550161112418339,1.1176351981754142
OI_6300,6302.046,0.0,0.0,0.0,10000000000.0,0.27017993964194265,9.877190693154596e-06,0.5550161112418339,1.1176351981754142
SII_6717,6718.29,4.135257048772019,4.135257048772019,13.54739391806508,32.80971907293706,0.27017993964194265,9.877190693154596e-06,0.5550161112418339,1.1176351981754142
SII_6731,6732.67,57.801365043515716,57.801365043515716,189.36135094163407,2752.9478942734113,0.27017993964194265,9.877190693154596e-06,0.5550161112418339,1.1176351981754142
NII_6548,6549.85,0.0,0.0,0.0,10000000000.0,0.27017993964194265,9.877190693154596e-06,0.5550161112418339,1.1176351981754142
NII_6584,6585.28,7.6514187222259125,7.6514187222259125,25.066587696847986,129.96385580704265,0.27017993964194265,9.877190693154596e-06,0.5550161112418339,1.1176351981754142
NII_5755,5756.24,0.0,0.0,0.0,10000000000.0,0.27017993964194265,9.877190693154596e-06,0.5550161112418339,1.1176351981754142
HeI_5876,5877.594,22.79671176641523,22.79671176641523,74.68363651733002,686.8638773090761,0.27017993964194265,9.877190693154596e-06,0.5550161112418339,1.1176351981754142
HeII_4686,4687.02,0.0,0.0,0.0,10000000000.0,0.27017993964194265,9.877190693154596e-06,0.5550161112418339,1.1176351981754142
NeIII_3869,3870.16,0.0,10000000000.0,0.0,10000000000.0,0.27017993964194265,9.877190693154596e-06,0.5550161112418339,1.1176351981754142
