line,wl,amp,amp_err,flux,flux_err,z,zerr,FWHM,FWHMerr
HI_6563,6564.61,0.0,0.0,0.0,10000000000.0,0.26943616302826645,1.4558066506183388e-05,1.0068381244380746,0.6205592647522659
HI_4861,4862.683,2.5549878264914696,2.5549878264914696,15.184347891485576,40.84929451226828,0.26943616302826645,1.4558066506183388e-05,1.0068381244380746,0.6205592647522659
HI_4341,4341.684,10.14494418380309,10.14494418380309,60.29162261728045,63.50787922856713,0.26943616302826645,1.4558066506183388e-05,1.0068381244380746,0.6205592647522659
HI_4102,4102.892,6.649636876072577,6.649636876072577,39.51893571915399,32.86838408704278,0.26943616302826645,1.4558066506183388e-05,1.0068381244380746,0.6205592647522659
OIII_4363,4364.436,0.0,0.0,0.0,10000000000.0,0.26943616302826645,1.4558066506183388e-05,1.0068381244380746,0.6205592647522659
OIII_5007,5008.24,0.0,0.0,0.0,10000000000.0,0.26943616302826645,1.4558066506183388e-05,1.0068381244380746,0.6205592647522659
OIII_4959,4960.295,0.0,0.0,0.0,10000000000.0,0.26943616302826645,1.4558066506183388e-05,1.0068381244380746,0.6205592647522659
OII_3726,3727.092,0.0,0.0,0.0,10000000000.0,0.26943616302826645,1.4558066506183388e-05,1.0068381244380746,0.6205592647522659
OII_3729,3729.875,8.224043196958064,8.224043196958064,48.875666522723996,35.354268879724394,0.26943616302826645,1.4558066506183388e-05,1.0068381244380746,0.6205592647522659
OI_6300,6302.046,1.2401042948931718,1.2401042948931718,7.369966635512737,21.505079863829977,0.26943616302826645,1.4558066506183388e-05,1.0068381244380746,0.6205592647522659
SII_6717,6718.29,0.2389485827112594,0.2389485827112594,1.4200765931036001,19.526225442447526,0.26943616302826645,1.4558066506183388e-05,1.0068381244380746,0.6205592647522659
SII_6731,6732.67,18.014161931098897,18.014161931098897,107.05855382136181,159.8924736334876,0.26943616302826645,1.4558066506183388e-05,1.0068381244380746,0.6205592647522659
NII_6548,6549.85,0.0,0.0,0.0,10000000000.0,0.26943616302826645,1.4558066506183388e-05,1.0068381244380746,0.6205592647522659
NII_6584,6585.28,0.0,0.0,0.0,10000000000.0,0.26943616302826645,1.4558066506183388e-05,1.0068381244380746,0.6205592647522659
NII_5755,5756.24,0.6246169786767268,0.6246169786767268,3.712112208448408,19.811035868817275,0.26943616302826645,1.4558066506183388e-05,1.0068381244380746,0.6205592647522659
HeI_5876,5877.594,0.0,0.0,0.0,10000000000.0,0.26943616302826645,1.4558066506183388e-05,1.0068381244380746,0.6205592647522659
HeII_4686,4687.02,0.0,0.0,0.0,10000000000.0,0.26943616302826645,1.4558066506183388e-05,1.0068381244380746,0.6205592647522659
NeIII_3869,3870.16,16.059730995768632,21.71294333292594,95.44332851804259,141.81658820857461,0.26943616302826645,1.4558066506183388e-05,1.0068381244380746,0.6205592647522659
