line,wl,amp,amp_err,flux,flux_err,z,zerr,FWHM,FWHMerr
HI_6563,6564.61,146.91299909566737,146.91299909566737,4470.992229223685,87.47920580260083,0.26929647802874224,4.77362466941577e-06,5.155799645228121,0.060136446832109725
HI_4861,4862.683,61.976735546043756,61.976735546043756,1886.1333219300188,69.70108701749263,0.26929647802874224,4.77362466941577e-06,5.155799645228121,0.060136446832109725
HI_4341,4341.684,39.43560516001867,39.43560516001867,1200.1407997284339,67.06871411088868,0.26929647802874224,4.77362466941577e-06,5.155799645228121,0.060136446832109725
HI_4102,4102.892,25.60314271945822,25.60314271945822,779.1785127731325,66.00394944102406,0.26929647802874224,4.77362466941577e-06,5.155799645228121,0.060136446832109725
OIII_4363,4364.436,3.546408670321739,3.546408670321739,107.9275877850322,65.2323169256102,0.26929647802874224,4.77362466941577e-06,5.155799645228121,0.060136446832109725
OIII_5007,5008.24,165.75885121796432,165.75885121796432,5044.526626523817,92.63178880683971,0.26929647802874224,4.77362466941577e-06,5.155799645228121,0.060136446832109725
OIII_4959,4960.295,56.465495542455756,56.465495542455756,1718.4101702613023,68.95964519783823,0.26929647802874224,4.77362466941577e-06,5.155799645228121,0.060136446832109725
OII_3726,3727.092,80.26289199970029,80.26289199970029,2442.634543128477,87.21879940709529,0.26929647802874224,4.77362466941577e-06,5.155799645228121,0.060136446832109725
OII_3729,3729.875,97.01735392144951,97.01735392144951,2952.5218200751915,88.65181783385574,0.26929647802874224,4.77362466941577e-06,5.155799645228121,0.060136446832109725
OI_6300,6302.046,8.556686708047096,8.556686708047096,260.4050017021836,65.30548880769855,0.26929647802874224,4.77362466941577e-06,5.155799645228121,0.060136446832109725
SII_6717,6718.29,21.96036705932886,21.96036705932886,668.318195650086,65.79686220990298,0.26929647802874224,4.77362466941577e-06,5.155799645228121,0.060136446832109725
SII_6731,6732.67,18.698170115418066,18.698170115418066,569.0400019149982,65.63793791528339,0.26929647802874224,4.77362466941577e-06,5.155799645228121,0.060136446832109725
NII_6548,6549.85,12.728425238550813,12.728425238550813,387.36320599348255,65.4124764649471,0.26929647802874224,4.77362466941577e-06,5.155799645228121,0.060136446832109725
NII_6584,6585.28,24.370208590381935,24.370208590381935,741.6567213443487,65.93035931875175,0.26929647802874224,4.77362466941577e-06,5.155799645228121,0.060136446832109725
NII_5755,5756.24,0.0,0.0,0.0,10000000000.0,0.26929647802874224,4.77362466941577e-06,5.155799645228121,0.060136446832109725
HeI_5876,5877.594,9.736371954744072,9.736371954744072,296.3062739066767,65.3314971361001,0.26929647802874224,4.77362466941577e-06,5.155799645228121,0.060136446832109725
HeII_4686,4687.02,0.0,0.0,0.0,10000000000.0,0.26929647802874224,4.77362466941577e-06,5.155799645228121,0.060136446832109725
NeIII_3869,3870.16,13.907930786470843,2.1445141583341583,423.25900943864,65.45029246283758,0.26929647802874224,4.77362466941577e-06,5.155799645228121,0.060136446832109725
