line,wl,amp,amp_err,flux,flux_err,z,zerr,FWHM,FWHMerr
HI_6563,6564.61,75.56814886535312,75.56814886535312,2275.3664926049955,73.88686639319752,0.26923268810215595,7.797618611500998e-06,5.1011126734711265,0.09752866261102584
HI_4861,4862.683,35.60726739826373,35.60726739826373,1072.1393119685354,60.15697721378185,0.26923268810215595,7.797618611500998e-06,5.1011126734711265,0.09752866261102584
HI_4341,4341.684,14.671054299994466,14.671054299994466,441.7472952113163,56.41630357408004,0.26923268810215595,7.797618611500998e-06,5.1011126734711265,0.09752866261102584
HI_4102,4102.892,7.853358758629156,7.853358758629156,236.4656226478447,55.849655968177146,0.26923268810215595,7.797618611500998e-06,5.1011126734711265,0.09752866261102584
OIII_4363,4364.436,0.0,0.0,0.0,10000000000.0,0.26923268810215595,7.797618611500998e-06,5.1011126734711265,0.09752866261102584
OIII_5007,5008.24,87.07904733926785,87.07904733926785,2621.9610973503286,78.96104884394371,0.26923268810215595,7.797618611500998e-06,5.1011126734711265,0.09752866261102584
OIII_4959,4960.295,28.235294792043078,28.235294792043078,850.168287079675,58.51404664445891,0.26923268810215595,7.797618611500998e-06,5.1011126734711265,0.09752866261102584
OII_3726,3727.092,44.177553564242544,44.177553564242544,1330.1917092669034,76.314374935475,0.26923268810215595,7.797618611500998e-06,5.1011126734711265,0.09752866261102584
OII_3729,3729.875,62.542937046475345,62.542937046475345,1883.1757220653556,79.05307481427911,0.26923268810215595,7.797618611500998e-06,5.1011126734711265,0.09752866261102584
OI_6300,6302.046,2.079503607478273,2.079503607478273,62.61411587755138,55.636553705987055,0.26923268810215595,7.797618611500998e-06,5.1011126734711265,0.09752866261102584
SII_6717,6718.29,10.56685419751841,10.56685419751841,318.1693125249944,56.034720188737055,0.26923268810215595,7.797618611500998e-06,5.1011126734711265,0.09752866261102584
SII_6731,6732.67,4.765395958425074,4.765395958425074,143.4866732955933,55.70495469370791,0.26923268810215595,7.797618611500998e-06,5.1011126734711265,0.09752866261102584
NII_6548,6549.85,2.976003606154336,2.976003606154336,89.60784389969149,55.653424317197626,0.26923268810215595,7.797618611500998e-06,5.1011126734711265,0.09752866261102584
NII_6584,6585.28,9.866716544891005,9.866716544891005,297.0880795065962,55.981813080806134,0.26923268810215595,7.797618611500998e-06,5.1011126734711265,0.09752866261102584
NII_5755,5756.24,0.0,0.0,0.0,10000000000.0,0.26923268810215595,7.797618611500998e-06,5.1011126734711265,0.09752866261102584
HeI_5876,5877.594,1.9301757043143652,1.9301757043143652,58.11783388081319,55.63432337702456,0.26923268810215595,7.797618611500998e-06,5.1011126734711265,0.09752866261102584
HeII_4686,4687.02,2.1600499167107046e-12,2.1600499167107046e-12,6.50393754066293e-11,55.620452723589075,0.26923268810215595,7.797618611500998e-06,5.1011126734711265,0.09752866261102584
NeIII_3869,3870.16,9.985882750706423,1.849699034748118,300.67618899233213,55.99056579007883,0.26923268810215595,7.797618611500998e-06,5.1011126734711265,0.09752866261102584
