line,wl,amp,amp_err,flux,flux_err,z,zerr,FWHM,FWHMerr
HI_6563,6564.61,134.17359579798062,134.17359579798062,3072.361812483944,67.07520871931509,0.26935786172936943,4.103496944017274e-06,3.879338186216894,0.0532712679636686
HI_4861,4862.683,47.03353962093456,47.03353962093456,1076.9932055401077,50.47310080315127,0.26935786172936943,4.103496944017274e-06,3.879338186216894,0.0532712679636686
HI_4341,4341.684,20.183233997217826,20.183233997217826,462.16393782011914,48.21284978601726,0.26935786172936943,4.103496944017274e-06,3.879338186216894,0.0532712679636686
HI_4102,4102.892,11.806036419948668,11.806036419948668,270.33944523674205,47.86816153194753,0.26935786172936943,4.103496944017274e-06,3.879338186216894,0.0532712679636686
OIII_4363,4364.436,0.2715201805832521,0.2715201805832521,6.21738002310648,47.68795608390416,0.26935786172936943,4.103496944017274e-06,3.879338186216894,0.0532712679636686
OIII_5007,5008.24,133.21252708496104,133.21252708496104,3050.354868453762,66.83794847332673,0.26935786172936943,4.103496944017274e-06,3.879338186216894,0.0532712679636686
OIII_4959,4960.295,40.01605469683045,40.01605469683045,916.303968792204,49.719576731975245,0.26935786172936943,4.103496944017274e-06,3.879338186216894,0.0532712679636686
OII_3726,3727.092,64.53102192975848,64.53102192975848,1477.657703949959,57.411495825419216,0.26935786172936943,4.103496944017274e-06,3.879338186216894,0.0532712679636686
OII_3729,3729.875,75.72473793168615,75.72473793168615,1733.9759860946388,58.60854963122412,0.26935786172936943,4.103496944017274e-06,3.879338186216894,0.0532712679636686
OI_6300,6302.046,8.830864468615232,8.830864468615232,202.21274240459087,47.78881402647994,0.26935786172936943,4.103496944017274e-06,3.879338186216894,0.0532712679636686
SII_6717,6718.29,18.80858000634396,18.80858000634396,430.68654912958596,48.14409609942182,0.26935786172936943,4.103496944017274e-06,3.879338186216894,0.0532712679636686
SII_6731,6732.67,16.85449980341093,16.85449980341093,385.9412223138559,48.054563819204624,0.26935786172936943,4.103496944017274e-06,3.879338186216894,0.0532712679636686
NII_6548,6549.85,3.177121907228866,3.177121907228866,72.75103542781429,47.70094823367367,0.26935786172936943,4.103496944017274e-06,3.879338186216894,0.0532712679636686
NII_6584,6585.28,10.587921386850553,10.587921386850553,242.44654955450832,47.8329073214822,0.26935786172936943,4.103496944017274e-06,3.879338186216894,0.0532712679636686
NII_5755,5756.24,0.0,0.0,0.0,10000000000.0,0.26935786172936943,4.103496944017274e-06,3.879338186216894,0.0532712679636686
HeI_5876,5877.594,5.246926759950043,5.246926759950043,120.1462725530774,47.72352467360815,0.26935786172936943,4.103496944017274e-06,3.879338186216894,0.0532712679636686
HeII_4686,4687.02,0.0,0.0,0.0,10000000000.0,0.26935786172936943,4.103496944017274e-06,3.879338186216894,0.0532712679636686
NeIII_3869,3870.16,9.836332169125058,2.083678791076065,225.23635258929258,47.81307251667119,0.26935786172936943,4.103496944017274e-06,3.879338186216894,0.0532712679636686
