line,wl,amp,amp_err,flux,flux_err,z,zerr,FWHM,FWHMerr
HI_6563,6564.61,334.80675104894794,334.80675104894794,863.8900772490915,20546.720964706117,0.2703269334217843,5.225261044569377e-06,0.43713604729963773,0.9089637522913872
HI_4861,4862.683,6.098437753807161,6.098437753807161,15.735584320595196,37.875508700314555,0.2703269334217843,5.225261044569377e-06,0.43713604729963773,0.9089637522913872
HI_4341,4341.684,0.0,0.0,0.0,10000000000.0,0.2703269334217843,5.225261044569377e-06,0.43713604729963773,0.9089637522913872
HI_4102,4102.892,0.0,0.0,0.0,10000000000.0,0.2703269334217843,5.225261044569377e-06,0.43713604729963773,0.9089637522913872
OIII_4363,4364.436,0.0,0.0,0.0,10000000000.0,0.2703269334217843,5.225261044569377e-06,0.43713604729963773,0.9089637522913872
OIII_5007,5008.24,0.0,0.0,0.0,10000000000.0,0.2703269334217843,5.225261044569377e-06,0.43713604729963773,0.9089637522913872
OIII_4959,4960.295,57.25939568441231,57.25939568441231,147.74440361810824,332.2421879630282,0.2703269334217843,5.225261044569377e-06,0.43713604729963773,0.9089637522913872
OII_3726,3727.092,0.0,0.0,0.0,10000000000.0,0.2703269334217843,5.225261044569377e-06,0.43713604729963773,0.9089637522913872
OII_3729,3729.875,27.213884056163124,27.213884056163124,70.21902732209095,761.374491909685,0.2703269334217843,5.225261044569377e-06,0.43713604729963773,0.9089637522913872
OI_6300,6302.046,0.0,0.0,0.0,10000000000.0,0.2703269334217843,5.225261044569377e-06,0.43713604729963773,0.9089637522913872
SII_6717,6718.29,0.0,0.0,0.0,10000000000.0,0.2703269334217843,5.225261044569377e-06,0.43713604729963773,0.9089637522913872
SII_6731,6732.67,14.724120072510004,14.724120072510004,37.99212885347682,320.53807622731324,0.2703269334217843,5.225261044569377e-06,0.43713604729963773,0.9089637522913872
NII_6548,6549.85,0.0,0.0,0.0,10000000000.0,0.2703269334217843,5.225261044569377e-06,0.43713604729963773,0.9089637522913872
NII_6584,6585.28,247.9291687358441,247.9291687358441,639.72290899295,15224.576505864,0.2703269334217843,5.225261044569377e-06,0.43713604729963773,0.9089637522913872
NII_5755,5756.24,0.0,0.0,0.0,10000000000.0,0.2703269334217843,5.225261044569377e-06,0.43713604729963773,0.9089637522913872
HeI_5876,5877.594,14.085181243065676,14.085181243065676,36.34349747732692,346.966307068458,0.2703269334217843,5.225261044569377e-06,0.43713604729963773,0.9089637522913872
HeII_4686,4687.02,0.0,0.0,0.0,10000000000.0,0.2703269334217843,5.225261044569377e-06,0.43713604729963773,0.9089637522913872
NeIII_3869,3870.16,29.205100963593623,149.03258348594883,75.35689423364659,415.2430621094348,0.2703269334217843,5.225261044569377e-06,0.43713604729963773,0.9089637522913872
