line,wl,amp,amp_err,flux,flux_err,z,zerr,FWHM,FWHMerr
HI_6563,6564.61,158.53049627454448,158.53049627454448,2867.8564423929597,54.352598441769764,0.26987881033377165,2.7138168022739825e-06,3.064763244158658,0.03484994756988835
HI_4861,4862.683,50.23428826795816,50.23428826795816,908.7508752183326,41.93657742539771,0.26987881033377165,2.7138168022739825e-06,3.064763244158658,0.03484994756988835
HI_4341,4341.684,14.411590951993048,14.411590951993048,260.70929523382716,40.45005972450205,0.26987881033377165,2.7138168022739825e-06,3.064763244158658,0.03484994756988835
HI_4102,4102.892,8.36651454363664,8.36651454363664,151.35234669794878,40.36072937439358,0.26987881033377165,2.7138168022739825e-06,3.064763244158658,0.03484994756988835
OIII_4363,4364.436,4.059752106615065,4.059752106615065,73.44193393119343,40.32460629897056,0.26987881033377165,2.7138168022739825e-06,3.064763244158658,0.03484994756988835
OIII_5007,5008.24,199.74652540034754,199.74652540034754,3613.464747646654,61.11267553673919,0.26987881033377165,2.7138168022739825e-06,3.064763244158658,0.03484994756988835
OIII_4959,4960.295,49.90337156114083,49.90337156114083,902.7645089869544,41.91712959101731,0.26987881033377165,2.7138168022739825e-06,3.064763244158658,0.03484994756988835
OII_3726,3727.092,50.7418319088531,50.7418319088531,917.9324669911568,42.96921135295116,0.26987881033377165,2.7138168022739825e-06,3.064763244158658,0.03484994756988835
OII_3729,3729.875,55.47716669743477,55.47716669743477,1003.5958610980107,43.23682382804899,0.26987881033377165,2.7138168022739825e-06,3.064763244158658,0.03484994756988835
OI_6300,6302.046,2.37134783197007,2.37134783197007,42.89827709422203,40.31911374238624,0.26987881033377165,2.7138168022739825e-06,3.064763244158658,0.03484994756988835
SII_6717,6718.29,17.80378766732008,17.80378766732008,322.0749846912502,40.52220915264815,0.26987881033377165,2.7138168022739825e-06,3.064763244158658,0.03484994756988835
SII_6731,6732.67,14.41702536990124,14.41702536990124,260.80760521692133,40.45014129137023,0.26987881033377165,2.7138168022739825e-06,3.064763244158658,0.03484994756988835
NII_6548,6549.85,0.00338628900999538,0.00338628900999538,0.061258817586122095,40.314153804278,0.26987881033377165,2.7138168022739825e-06,3.064763244158658,0.03484994756988835
NII_6584,6585.28,7.776074139206457,7.776074139206457,140.67113167947224,40.35376548023733,0.26987881033377165,2.7138168022739825e-06,3.064763244158658,0.03484994756988835
NII_5755,5756.24,0.0,0.0,0.0,10000000000.0,0.26987881033377165,2.7138168022739825e-06,3.064763244158658,0.03484994756988835
HeI_5876,5877.594,5.374071735930897,5.374071735930897,97.21830570113521,40.3333463098117,0.26987881033377165,2.7138168022739825e-06,3.064763244158658,0.03484994756988835
HeII_4686,4687.02,0.0,0.0,0.0,10000000000.0,0.26987881033377165,2.7138168022739825e-06,3.064763244158658,0.03484994756988835
NeIII_3869,3870.16,14.853997173529137,2.2301024860064853,268.7125347517919,40.45866213137721,0.26987881033377165,2.7138168022739825e-06,3.064763244158658,0.03484994756988835
