line,wl,amp,amp_err,flux,flux_err,z,zerr,FWHM,FWHMerr
HI_6563,6564.61,106.7594354472194,106.7594354472194,3302.9997422723113,90.31683280347605,0.26961467058164673,7.009962073158065e-06,5.2414882078495815,0.08974885403083996
HI_4861,4862.683,34.63568043317673,34.63568043317673,1071.583444263975,67.67258517897943,0.26961467058164673,7.009962073158065e-06,5.2414882078495815,0.08974885403083996
HI_4341,4341.684,14.715223473641686,14.715223473641686,455.2701045796311,65.07459042347847,0.26961467058164673,7.009962073158065e-06,5.2414882078495815,0.08974885403083996
HI_4102,4102.892,8.839597571583681,8.839597571583681,273.48578960186234,64.7004853064907,0.26961467058164673,7.009962073158065e-06,5.2414882078495815,0.08974885403083996
OIII_4363,4364.436,3.3725766909215054,3.3725766909215054,104.34318891106005,64.51922472817918,0.26961467058164673,7.009962073158065e-06,5.2414882078495815,0.08974885403083996
OIII_5007,5008.24,105.45511404401282,105.45511404401282,3262.6457141661813,89.77741405655765,0.26961467058164673,7.009962073158065e-06,5.2414882078495815,0.08974885403083996
OIII_4959,4960.295,37.801854500925174,37.801854500925174,1169.5408012503058,68.26449439884283,0.26961467058164673,7.009962073158065e-06,5.2414882078495815,0.08974885403083996
OII_3726,3727.092,60.31273002321291,60.31273002321291,1865.9983624669899,88.12228672604944,0.26961467058164673,7.009962073158065e-06,5.2414882078495815,0.08974885403083996
OII_3729,3729.875,61.19708806547942,61.19708806547942,1893.3592638566085,88.23490068280952,0.26961467058164673,7.009962073158065e-06,5.2414882078495815,0.08974885403083996
OI_6300,6302.046,4.267207855104175,4.267207855104175,132.02192749136134,64.53777987627572,0.26961467058164673,7.009962073158065e-06,5.2414882078495815,0.08974885403083996
SII_6717,6718.29,14.976752633939327,14.976752633939327,463.3614807230247,65.09549044104891,0.26961467058164673,7.009962073158065e-06,5.2414882078495815,0.08974885403083996
SII_6731,6732.67,13.480084225436599,13.480084225436599,417.05648344720424,64.98066525970863,0.26961467058164673,7.009962073158065e-06,5.2414882078495815,0.08974885403083996
NII_6548,6549.85,1.0470502909378183,1.0470502909378183,32.39439049697446,64.4912683319648,0.26961467058164673,7.009962073158065e-06,5.2414882078495815,0.08974885403083996
NII_6584,6585.28,9.423609197643145,9.423609197643145,291.55435883209316,64.72937344100345,0.26961467058164673,7.009962073158065e-06,5.2414882078495815,0.08974885403083996
NII_5755,5756.24,1.6642189648320027,1.6642189648320027,51.488796178979484,64.49579774981495,0.26961467058164673,7.009962073158065e-06,5.2414882078495815,0.08974885403083996
HeI_5876,5877.594,4.216629815849728,4.216629815849728,130.4571079517838,64.53662947172957,0.26961467058164673,7.009962073158065e-06,5.2414882078495815,0.08974885403083996
HeII_4686,4687.02,0.0,0.0,0.0,10000000000.0,0.26961467058164673,7.009962073158065e-06,5.2414882078495815,0.08974885403083996
NeIII_3869,3870.16,14.273313825091009,2.087966770714137,441.5979879263714,65.0400375501865,0.26961467058164673,7.009962073158065e-06,5.2414882078495815,0.08974885403083996
