line,wl,amp,amp_err,flux,flux_err,z,zerr,FWHM,FWHMerr
HI_6563,6564.61,0.0,0.0,0.0,10000000000.0,0.27011842446413775,2.3497802346847367e-05,2.005100718718827,0.28400315167297346
HI_4861,4862.683,1.5409703272779325,1.5409703272779325,18.238038448825584,33.07062227634128,0.27011842446413775,2.3497802346847367e-05,2.005100718718827,0.28400315167297346
HI_4341,4341.684,2.542046381135833,2.542046381135833,30.0861988171764,33.69630280825478,0.27011842446413775,2.3497802346847367e-05,2.005100718718827,0.28400315167297346
HI_4102,4102.892,0.0,0.0,0.0,10000000000.0,0.27011842446413775,2.3497802346847367e-05,2.005100718718827,0.28400315167297346
OIII_4363,4364.436,4.48436386022172,4.48436386022172,53.07435130546583,34.120849751536774,0.27011842446413775,2.3497802346847367e-05,2.005100718718827,0.28400315167297346
OIII_5007,5008.24,0.06958421000251747,0.06958421000251747,0.8235586857138577,32.91066975218961,0.27011842446413775,2.3497802346847367e-05,2.005100718718827,0.28400315167297346
OIII_4959,4960.295,25.01435825182648,25.01435825182648,296.05555635545045,57.80525257185426,0.27011842446413775,2.3497802346847367e-05,2.005100718718827,0.28400315167297346
OII_3726,3727.092,3.085524995016158,3.085524995016158,36.5184990896761,33.62931116527932,0.27011842446413775,2.3497802346847367e-05,2.005100718718827,0.28400315167297346
OII_3729,3729.875,0.0,0.0,0.0,10000000000.0,0.27011842446413775,2.3497802346847367e-05,2.005100718718827,0.28400315167297346
OI_6300,6302.046,0.7141523582065474,0.7141523582065474,8.452296541165849,33.53251250474282,0.27011842446413775,2.3497802346847367e-05,2.005100718718827,0.28400315167297346
SII_6717,6718.29,4.046088009341133,4.046088009341133,47.88717042465566,34.473529025931626,0.27011842446413775,2.3497802346847367e-05,2.005100718718827,0.28400315167297346
SII_6731,6732.67,1.8530890897213794,1.8530890897213794,21.93209659470755,33.2500197552239,0.27011842446413775,2.3497802346847367e-05,2.005100718718827,0.28400315167297346
NII_6548,6549.85,2.980516820804951,2.980516820804951,35.27568273896284,34.02052848519411,0.27011842446413775,2.3497802346847367e-05,2.005100718718827,0.28400315167297346
NII_6584,6585.28,5.901840615195397,5.901840615195397,69.85079086429435,35.43254134603393,0.27011842446413775,2.3497802346847367e-05,2.005100718718827,0.28400315167297346
NII_5755,5756.24,0.0,0.0,0.0,10000000000.0,0.27011842446413775,2.3497802346847367e-05,2.005100718718827,0.28400315167297346
HeI_5876,5877.594,2.7059485775738494,2.7059485775738494,32.0260509399385,33.80321244989755,0.27011842446413775,2.3497802346847367e-05,2.005100718718827,0.28400315167297346
HeII_4686,4687.02,0.0,0.0,0.0,10000000000.0,0.27011842446413775,2.3497802346847367e-05,2.005100718718827,0.28400315167297346
NeIII_3869,3870.16,6.964540737812968,2.890327306208781,82.42829826517192,36.14573448883258,0.27011842446413775,2.3497802346847367e-05,2.005100718718827,0.28400315167297346
