line,wl,amp,amp_err,flux,flux_err,z,zerr,FWHM,FWHMerr
HI_6563,6564.61,39.51340420302836,39.51340420302836,92.95617878121948,1694.7768854075318,0.2701724649036648,4.052940735348823e-05,0.3985530685698674,1.5274543846160933
HI_4861,4862.683,0.0,0.0,0.0,10000000000.0,0.2701724649036648,4.052940735348823e-05,0.3985530685698674,1.5274543846160933
HI_4341,4341.684,2.0273196679745524,2.0273196679745524,4.769315458992566,23.66735464693404,0.2701724649036648,4.052940735348823e-05,0.3985530685698674,1.5274543846160933
HI_4102,4102.892,0.0,0.0,0.0,10000000000.0,0.2701724649036648,4.052940735348823e-05,0.3985530685698674,1.5274543846160933
OIII_4363,4364.436,3.0571076176963743,3.0571076176963743,7.191914946225575,28.761119553202477,0.2701724649036648,4.052940735348823e-05,0.3985530685698674,1.5274543846160933
OIII_5007,5008.24,11.970744945254523,11.970744945254523,28.16144874680719,296.08621932490354,0.2701724649036648,4.052940735348823e-05,0.3985530685698674,1.5274543846160933
OIII_4959,4960.295,11383.91456433128,11383.91456433128,26780.91697781394,1405683.7680647809,0.2701724649036648,4.052940735348823e-05,0.3985530685698674,1.5274543846160933
OII_3726,3727.092,487.40355628138013,487.40355628138013,1146.627910961459,36585.269795910666,0.2701724649036648,4.052940735348823e-05,0.3985530685698674,1.5274543846160933
OII_3729,3729.875,29.956327363448963,29.956327363448963,70.47293894794521,755.1762731871827,0.2701724649036648,4.052940735348823e-05,0.3985530685698674,1.5274543846160933
OI_6300,6302.046,0.0,0.0,0.0,10000000000.0,0.2701724649036648,4.052940735348823e-05,0.3985530685698674,1.5274543846160933
SII_6717,6718.29,0.0,0.0,0.0,10000000000.0,0.2701724649036648,4.052940735348823e-05,0.3985530685698674,1.5274543846160933
SII_6731,6732.67,0.0,0.0,0.0,10000000000.0,0.2701724649036648,4.052940735348823e-05,0.3985530685698674,1.5274543846160933
NII_6548,6549.85,0.0,0.0,0.0,10000000000.0,0.2701724649036648,4.052940735348823e-05,0.3985530685698674,1.5274543846160933
NII_6584,6585.28,0.0,0.0,0.0,10000000000.0,0.2701724649036648,4.052940735348823e-05,0.3985530685698674,1.5274543846160933
NII_5755,5756.24,0.0,0.0,0.0,10000000000.0,0.2701724649036648,4.052940735348823e-05,0.3985530685698674,1.5274543846160933
HeI_5876,5877.594,643.6767356161256,643.6767356161256,1514.264106575221,49744.68002184619,0.2701724649036648,4.052940735348823e-05,0.3985530685698674,1.5274543846160933
HeII_4686,4687.02,0.0,0.0,0.0,10000000000.0,0.2701724649036648,4.052940735348823e-05,0.3985530685698674,1.5274543846160933
NeIII_3869,3870.16,0.0,10000000000.0,0.0,10000000000.0,0.2701724649036648,4.052940735348823e-05,0.3985530685698674,1.5274543846160933
