line,wl,amp,amp_err,flux,flux_err,z,zerr,FWHM,FWHMerr
HI_6563,6564.61,1.4362111317331028,1.4362111317331028,84.77460487748326,77.72503323528728,0.27028555250097563,7.130338554931084e-06,9.99999602927591,0.8239381772441273
HI_4861,4862.683,0.1707661713107882,0.1707661713107882,10.07973993478484,77.30427977421442,0.27028555250097563,7.130338554931084e-06,9.99999602927591,0.8239381772441273
HI_4341,4341.684,0.0,0.0,0.0,10000000000.0,0.27028555250097563,7.130338554931084e-06,9.99999602927591,0.8239381772441273
HI_4102,4102.892,1.6456777455542806,1.6456777455542806,97.13869886712283,77.83342183188465,0.27028555250097563,7.130338554931084e-06,9.99999602927591,0.8239381772441273
OIII_4363,4364.436,1.170394452586379,1.170394452586379,69.08436028418627,77.56948994862742,0.27028555250097563,7.130338554931084e-06,9.99999602927591,0.8239381772441273
OIII_5007,5008.24,6.214007182414093,6.214007182414093,366.7914779070891,84.60609338997743,0.27028555250097563,7.130338554931084e-06,9.99999602927591,0.8239381772441273
OIII_4959,4960.295,0.5791223013816307,0.5791223013816307,34.18359821241799,77.36494429077628,0.27028555250097563,7.130338554931084e-06,9.99999602927591,0.8239381772441273
OII_3726,3727.092,21.099424518524188,21.099424518524188,1245.426481649476,183.77237139776344,0.27028555250097563,7.130338554931084e-06,9.99999602927591,0.8239381772441273
OII_3729,3729.875,0.0,0.0,0.0,10000000000.0,0.27028555250097563,7.130338554931084e-06,9.99999602927591,0.8239381772441273
OI_6300,6302.046,0.4615805208088659,0.4615805208088659,27.245511057622338,77.3407148710638,0.27028555250097563,7.130338554931084e-06,9.99999602927591,0.8239381772441273
SII_6717,6718.29,0.0,0.0,0.0,10000000000.0,0.27028555250097563,7.130338554931084e-06,9.99999602927591,0.8239381772441273
SII_6731,6732.67,0.6335035932970641,0.6335035932970641,37.39353889105261,77.37604119776955,0.27028555250097563,7.130338554931084e-06,9.99999602927591,0.8239381772441273
NII_6548,6549.85,1.598956429817008,1.598956429817008,94.38090024443436,77.82171528436147,0.27028555250097563,7.130338554931084e-06,9.99999602927591,0.8239381772441273
NII_6584,6585.28,0.0,0.0,0.0,10000000000.0,0.27028555250097563,7.130338554931084e-06,9.99999602927591,0.8239381772441273
NII_5755,5756.24,0.0,0.0,0.0,10000000000.0,0.27028555250097563,7.130338554931084e-06,9.99999602927591,0.8239381772441273
HeI_5876,5877.594,1.1734684308619308,1.1734684308619308,69.26580665231002,77.57093396685369,0.27028555250097563,7.130338554931084e-06,9.99999602927591,0.8239381772441273
HeII_4686,4687.02,0.0,0.0,0.0,10000000000.0,0.27028555250097563,7.130338554931084e-06,9.99999602927591,0.8239381772441273
NeIII_3869,3870.16,2.1652736751665316,1.3131396077233155,127.80866002782837,78.22220029287391,0.27028555250097563,7.130338554931084e-06,9.99999602927591,0.8239381772441273
