line,wl,amp,amp_err,flux,flux_err,z,zerr,FWHM,FWHMerr
HI_6563,6564.61,6.212157039681074,6.212157039681074,260.72285737681904,66.96188517336984,0.26997934077233593,6.399574300393624e-05,7.11031797657014,0.6868510279071182
HI_4861,4862.683,3.2173789629273415,3.2173789629273415,135.0326836749685,62.47796288655313,0.26997934077233593,6.399574300393624e-05,7.11031797657014,0.6868510279071182
HI_4341,4341.684,0.0,0.0,0.0,10000000000.0,0.26997934077233593,6.399574300393624e-05,7.11031797657014,0.6868510279071182
HI_4102,4102.892,0.0,0.0,0.0,10000000000.0,0.26997934077233593,6.399574300393624e-05,7.11031797657014,0.6868510279071182
OIII_4363,4364.436,0.0,0.0,0.0,10000000000.0,0.26997934077233593,6.399574300393624e-05,7.11031797657014,0.6868510279071182
OIII_5007,5008.24,11.644912398347515,11.644912398347515,488.73439853603264,80.48305452788068,0.26997934077233593,6.399574300393624e-05,7.11031797657014,0.6868510279071182
OIII_4959,4960.295,8.161112687466812,8.161112687466812,342.5200949781199,71.12960709895427,0.26997934077233593,6.399574300393624e-05,7.11031797657014,0.6868510279071182
OII_3726,3727.092,14.990660146243613,14.990660146243613,629.1546917323411,109.25066388191004,0.26997934077233593,6.399574300393624e-05,7.11031797657014,0.6868510279071182
OII_3729,3729.875,0.0,0.0,0.0,10000000000.0,0.26997934077233593,6.399574300393624e-05,7.11031797657014,0.6868510279071182
OI_6300,6302.046,2.4016325528008338,2.4016325528008338,100.7959872127708,61.71923062158823,0.26997934077233593,6.399574300393624e-05,7.11031797657014,0.6868510279071182
SII_6717,6718.29,1.282769843097185,1.282769843097185,53.83756667978279,61.03002423769481,0.26997934077233593,6.399574300393624e-05,7.11031797657014,0.6868510279071182
SII_6731,6732.67,4.980961648923881,4.980961648923881,209.04985905804756,64.81282793513094,0.26997934077233593,6.399574300393624e-05,7.11031797657014,0.6868510279071182
NII_6548,6549.85,0.0,0.0,0.0,10000000000.0,0.26997934077233593,6.399574300393624e-05,7.11031797657014,0.6868510279071182
NII_6584,6585.28,1.4751002745980486,1.4751002745980486,61.90963236342754,61.11845735152306,0.26997934077233593,6.399574300393624e-05,7.11031797657014,0.6868510279071182
NII_5755,5756.24,0.0,0.0,0.0,10000000000.0,0.26997934077233593,6.399574300393624e-05,7.11031797657014,0.6868510279071182
HeI_5876,5877.594,0.4751614103404336,0.4751614103404336,19.94241932839438,60.78973612865728,0.26997934077233593,6.399574300393624e-05,7.11031797657014,0.6868510279071182
HeII_4686,4687.02,0.0,0.0,0.0,10000000000.0,0.26997934077233593,6.399574300393624e-05,7.11031797657014,0.6868510279071182
NeIII_3869,3870.16,1.1439001622827618,1.4485615799843603,48.00923688166777,60.97243846178677,0.26997934077233593,6.399574300393624e-05,7.11031797657014,0.6868510279071182
