line,wl,amp,amp_err,flux,flux_err,z,zerr,FWHM,FWHMerr
HI_6563,6564.61,750.9786981153288,750.9786981153288,20715.579422441268,132.2080621550213,0.26922786061743686,1.4385842819764925e-06,4.673280066577038,0.01879164601768581
HI_4861,4862.683,278.52509773975976,278.52509773975976,7683.052525792327,99.99347184597508,0.26922786061743686,1.4385842819764925e-06,4.673280066577038,0.01879164601768581
HI_4341,4341.684,119.37198624155803,119.37198624155803,3292.84954154825,94.99887372839989,0.26922786061743686,1.4385842819764925e-06,4.673280066577038,0.01879164601768581
HI_4102,4102.892,54.12475122714318,54.12475122714318,1493.0191569742394,94.07808567968107,0.26922786061743686,1.4385842819764925e-06,4.673280066577038,0.01879164601768581
OIII_4363,4364.436,9.41547706183826,9.41547706183826,259.7238288704839,93.84552867487339,0.26922786061743686,1.4385842819764925e-06,4.673280066577038,0.01879164601768581
OIII_5007,5008.24,749.846839638411,749.846839638411,20684.35735950873,132.109281799807,0.26922786061743686,1.4385842819764925e-06,4.673280066577038,0.01879164601768581
OIII_4959,4960.295,254.49065265212107,254.49065265212107,7020.067733631388,99.00341774442738,0.26922786061743686,1.4385842819764925e-06,4.673280066577038,0.01879164601768581
OII_3726,3727.092,339.32566806132354,339.32566806132354,9360.22265936202,117.81437781690428,0.26922786061743686,1.4385842819764925e-06,4.673280066577038,0.01879164601768581
OII_3729,3729.875,393.09490720860026,393.09490720860026,10843.43509512753,119.36037889028785,0.26922786061743686,1.4385842819764925e-06,4.673280066577038,0.01879164601768581
OI_6300,6302.046,22.7781993607922,22.7781993607922,628.331534759761,93.88075954466545,0.26922786061743686,1.4385842819764925e-06,4.673280066577038,0.01879164601768581
SII_6717,6718.29,85.32996685804915,85.32996685804915,2353.8080507454506,94.43304527191056,0.26922786061743686,1.4385842819764925e-06,4.673280066577038,0.01879164601768581
SII_6731,6732.67,61.685510781256426,61.685510781256426,1701.581018223147,94.14956224506639,0.26922786061743686,1.4385842819764925e-06,4.673280066577038,0.01879164601768581
NII_6548,6549.85,38.64468409460824,38.64468409460824,1066.0049674192871,93.96056456705853,0.26922786061743686,1.4385842819764925e-06,4.673280066577038,0.01879164601768581
NII_6584,6585.28,120.84050220890435,120.84050220890435,3333.35822605692,95.02729817201343,0.26922786061743686,1.4385842819764925e-06,4.673280066577038,0.01879164601768581
NII_5755,5756.24,5.625616453106431,5.625616453106431,155.18137162476708,93.84084209848555,0.26922786061743686,1.4385842819764925e-06,4.673280066577038,0.01879164601768581
HeI_5876,5877.594,31.805876637764413,31.805876637764413,877.3579933006213,93.9211249795887,0.26922786061743686,1.4385842819764925e-06,4.673280066577038,0.01879164601768581
HeII_4686,4687.02,2.1600499167107046e-12,2.1600499167107046e-12,5.958449383232231e-11,93.8382529914276,0.26922786061743686,1.4385842819764925e-06,4.673280066577038,0.01879164601768581
NeIII_3869,3870.16,76.59056537249626,3.4052982162035885,2112.733615434678,94.31777502797921,0.26922786061743686,1.4385842819764925e-06,4.673280066577038,0.01879164601768581
