line,wl,amp,amp_err,flux,flux_err,z,zerr,FWHM,FWHMerr
HI_6563,6564.61,0.3362281326928951,0.3362281326928951,3.020111536499408,28.758458837795494,0.27024689134711083,2.36522668260662e-05,1.5217428694602542,0.2454122134100093
HI_4861,4862.683,0.0,0.0,0.0,10000000000.0,0.27024689134711083,2.36522668260662e-05,1.5217428694602542,0.2454122134100093
HI_4341,4341.684,0.0,0.0,0.0,10000000000.0,0.27024689134711083,2.36522668260662e-05,1.5217428694602542,0.2454122134100093
HI_4102,4102.892,7.42019117358609,7.42019117358609,66.65059460341814,36.05040920971611,0.27024689134711083,2.36522668260662e-05,1.5217428694602542,0.2454122134100093
OIII_4363,4364.436,4.862834152197252,4.862834152197252,43.67957376293806,31.670337452776604,0.27024689134711083,2.36522668260662e-05,1.5217428694602542,0.2454122134100093
OIII_5007,5008.24,0.0,0.0,0.0,10000000000.0,0.27024689134711083,2.36522668260662e-05,1.5217428694602542,0.2454122134100093
OIII_4959,4960.295,35.376825319185855,35.376825319185855,317.76626606312306,67.7682774572995,0.27024689134711083,2.36522668260662e-05,1.5217428694602542,0.2454122134100093
OII_3726,3727.092,2.5401339424910248,2.5401339424910248,22.81631748815579,32.86677772896529,0.27024689134711083,2.36522668260662e-05,1.5217428694602542,0.2454122134100093
OII_3729,3729.875,0.0,0.0,0.0,10000000000.0,0.27024689134711083,2.36522668260662e-05,1.5217428694602542,0.2454122134100093
OI_6300,6302.046,0.9196613701714114,0.9196613701714114,8.260700529376683,30.687196298861057,0.27024689134711083,2.36522668260662e-05,1.5217428694602542,0.2454122134100093
SII_6717,6718.29,3.4779295236871803,3.4779295236871803,31.23990545792155,30.935262373101775,0.27024689134711083,2.36522668260662e-05,1.5217428694602542,0.2454122134100093
SII_6731,6732.67,0.0,0.0,0.0,10000000000.0,0.27024689134711083,2.36522668260662e-05,1.5217428694602542,0.2454122134100093
NII_6548,6549.85,0.0,0.0,0.0,10000000000.0,0.27024689134711083,2.36522668260662e-05,1.5217428694602542,0.2454122134100093
NII_6584,6585.28,0.0,0.0,0.0,10000000000.0,0.27024689134711083,2.36522668260662e-05,1.5217428694602542,0.2454122134100093
NII_5755,5756.24,1.8012880333353678,1.8012880333353678,16.179760826270176,32.533099266639034,0.27024689134711083,2.36522668260662e-05,1.5217428694602542,0.2454122134100093
HeI_5876,5877.594,3.0209225575254095,3.0209225575254095,27.13491876418043,29.068789792170485,0.27024689134711083,2.36522668260662e-05,1.5217428694602542,0.2454122134100093
HeII_4686,4687.02,0.0,0.0,0.0,10000000000.0,0.27024689134711083,2.36522668260662e-05,1.5217428694602542,0.2454122134100093
NeIII_3869,3870.16,0.0,10000000000.0,0.0,10000000000.0,0.27024689134711083,2.36522668260662e-05,1.5217428694602542,0.2454122134100093
