line,wl,amp,amp_err,flux,flux_err,z,zerr,FWHM,FWHMerr
HI_6563,6564.61,19.95687482214896,19.95687482214896,554.110218187018,78.77678231943614,0.2693260062414622,3.2447804195536176e-05,4.703877113450036,0.4144798969469648
HI_4861,4862.683,7.10105151394373,7.10105151394373,197.16339551228984,60.03001951326559,0.2693260062414622,3.2447804195536176e-05,4.703877113450036,0.4144798969469648
HI_4341,4341.684,5.539581273584076,5.539581273584076,153.8085805280339,58.78733176804496,0.2693260062414622,3.2447804195536176e-05,4.703877113450036,0.4144798969469648
HI_4102,4102.892,0.0,0.0,0.0,10000000000.0,0.2693260062414622,3.2447804195536176e-05,4.703877113450036,0.4144798969469648
OIII_4363,4364.436,0.0,0.0,0.0,10000000000.0,0.2693260062414622,3.2447804195536176e-05,4.703877113450036,0.4144798969469648
OIII_5007,5008.24,18.37236705196267,18.37236705196267,510.1157574269333,75.83864736716446,0.2693260062414622,3.2447804195536176e-05,4.703877113450036,0.4144798969469648
OIII_4959,4960.295,8.74802913396843,8.74802913396843,242.89235540776266,61.636262767543606,0.2693260062414622,3.2447804195536176e-05,4.703877113450036,0.4144798969469648
OII_3726,3727.092,9.323245167018513,9.323245167018513,258.86344729557214,73.64573768167045,0.2693260062414622,3.2447804195536176e-05,4.703877113450036,0.4144798969469648
OII_3729,3729.875,14.773737338690694,14.773737338690694,410.1984350322289,77.45026905666239,0.2693260062414622,3.2447804195536176e-05,4.703877113450036,0.4144798969469648
OI_6300,6302.046,0.7799133415833239,0.7799133415833239,21.65459049690862,56.84128734659214,0.2693260062414622,3.2447804195536176e-05,4.703877113450036,0.4144798969469648
SII_6717,6718.29,1.6185691947982832,1.6185691947982832,44.94018916654646,56.97351405075837,0.2693260062414622,3.2447804195536176e-05,4.703877113450036,0.4144798969469648
SII_6731,6732.67,4.373179083403784,4.373179083403784,121.42298018457183,58.046958737221914,0.2693260062414622,3.2447804195536176e-05,4.703877113450036,0.4144798969469648
NII_6548,6549.85,0.0,0.0,0.0,10000000000.0,0.2693260062414622,3.2447804195536176e-05,4.703877113450036,0.4144798969469648
NII_6584,6585.28,1.9905298731359835,1.9905298731359835,55.26781884140658,57.06156040050753,0.2693260062414622,3.2447804195536176e-05,4.703877113450036,0.4144798969469648
NII_5755,5756.24,0.253029136271266,0.253029136271266,7.025450184782312,56.80544382966901,0.2693260062414622,3.2447804195536176e-05,4.703877113450036,0.4144798969469648
HeI_5876,5877.594,0.0,0.0,0.0,10000000000.0,0.2693260062414622,3.2447804195536176e-05,4.703877113450036,0.4144798969469648
HeII_4686,4687.02,0.0,0.0,0.0,10000000000.0,0.2693260062414622,3.2447804195536176e-05,4.703877113450036,0.4144798969469648
NeIII_3869,3870.16,0.0,10000000000.0,0.0,10000000000.0,0.2693260062414622,3.2447804195536176e-05,4.703877113450036,0.4144798969469648
