line,wl,amp,amp_err,flux,flux_err,z,zerr,FWHM,FWHMerr
HI_6563,6564.61,0.0,0.0,0.0,10000000000.0,0.2704049793156396,2.203180486912729e-05,1.5088286493519876,0.3871816539331399
HI_4861,4862.683,1.0306032043653204,1.0306032043653204,9.178655468428824,28.526072400803276,0.2704049793156396,2.203180486912729e-05,1.5088286493519876,0.3871816539331399
HI_4341,4341.684,0.0,0.0,0.0,10000000000.0,0.2704049793156396,2.203180486912729e-05,1.5088286493519876,0.3871816539331399
HI_4102,4102.892,0.0,0.0,0.0,10000000000.0,0.2704049793156396,2.203180486912729e-05,1.5088286493519876,0.3871816539331399
OIII_4363,4364.436,0.0,0.0,0.0,10000000000.0,0.2704049793156396,2.203180486912729e-05,1.5088286493519876,0.3871816539331399
OIII_5007,5008.24,11.945034342273175,11.945034342273175,106.38367348546655,39.942240444448906,0.2704049793156396,2.203180486912729e-05,1.5088286493519876,0.3871816539331399
OIII_4959,4960.295,0.0,0.0,0.0,10000000000.0,0.2704049793156396,2.203180486912729e-05,1.5088286493519876,0.3871816539331399
OII_3726,3727.092,5.607662718010488,5.607662718010488,49.94240640215052,30.28524572048074,0.2704049793156396,2.203180486912729e-05,1.5088286493519876,0.3871816539331399
OII_3729,3729.875,0.0,0.0,0.0,10000000000.0,0.2704049793156396,2.203180486912729e-05,1.5088286493519876,0.3871816539331399
OI_6300,6302.046,0.27576201287138247,0.27576201287138247,2.4559641350868935,27.254393639181725,0.2704049793156396,2.203180486912729e-05,1.5088286493519876,0.3871816539331399
SII_6717,6718.29,0.0,0.0,0.0,10000000000.0,0.2704049793156396,2.203180486912729e-05,1.5088286493519876,0.3871816539331399
SII_6731,6732.67,0.0,0.0,0.0,10000000000.0,0.2704049793156396,2.203180486912729e-05,1.5088286493519876,0.3871816539331399
NII_6548,6549.85,0.0,0.0,0.0,10000000000.0,0.2704049793156396,2.203180486912729e-05,1.5088286493519876,0.3871816539331399
NII_6584,6585.28,0.0,0.0,0.0,10000000000.0,0.2704049793156396,2.203180486912729e-05,1.5088286493519876,0.3871816539331399
NII_5755,5756.24,0.0,0.0,0.0,10000000000.0,0.2704049793156396,2.203180486912729e-05,1.5088286493519876,0.3871816539331399
HeI_5876,5877.594,0.0,0.0,0.0,10000000000.0,0.2704049793156396,2.203180486912729e-05,1.5088286493519876,0.3871816539331399
HeII_4686,4687.02,0.0,0.0,0.0,10000000000.0,0.2704049793156396,2.203180486912729e-05,1.5088286493519876,0.3871816539331399
NeIII_3869,3870.16,0.0,10000000000.0,0.0,10000000000.0,0.2704049793156396,2.203180486912729e-05,1.5088286493519876,0.3871816539331399
