line,wl,amp,amp_err,flux,flux_err,z,zerr,FWHM,FWHMerr
HI_6563,6564.61,14.41089388094349,14.41089388094349,420.4680826404843,66.2178451280544,0.26965805222405265,3.173154948904667e-05,4.943043770588993,0.3633867779201624
HI_4861,4862.683,5.274708966719572,5.274708966719572,153.9007076206396,57.8825937604678,0.26965805222405265,3.173154948904667e-05,4.943043770588993,0.3633867779201624
HI_4341,4341.684,3.327296229509443,3.327296229509443,97.08085269080848,57.04421765642445,0.26965805222405265,3.173154948904667e-05,4.943043770588993,0.3633867779201624
HI_4102,4102.892,0.4598538077372041,0.4598538077372041,13.417200239734823,56.49413201546483,0.26965805222405265,3.173154948904667e-05,4.943043770588993,0.3633867779201624
OIII_4363,4364.436,0.0,0.0,0.0,10000000000.0,0.26965805222405265,3.173154948904667e-05,4.943043770588993,0.3633867779201624
OIII_5007,5008.24,19.43548087173781,19.43548087173781,567.0709565172634,73.2317026633194,0.26965805222405265,3.173154948904667e-05,4.943043770588993,0.3633867779201624
OIII_4959,4960.295,20.905874252760327,20.905874252760327,609.9727702946417,75.52416658983032,0.26965805222405265,3.173154948904667e-05,4.943043770588993,0.3633867779201624
OII_3726,3727.092,10.272220077245493,10.272220077245493,299.71358584854994,78.69070166572457,0.26965805222405265,3.173154948904667e-05,4.943043770588993,0.3633867779201624
OII_3729,3729.875,22.203486551980973,22.203486551980973,647.8333332806412,85.48775644218405,0.26965805222405265,3.173154948904667e-05,4.943043770588993,0.3633867779201624
OI_6300,6302.046,0.041887734018132505,0.041887734018132505,1.2221625774407314,56.48345333263484,0.26965805222405265,3.173154948904667e-05,4.943043770588993,0.3633867779201624
SII_6717,6718.29,1.6819081540272691,1.6819081540272691,49.07320132558925,56.62720143915496,0.26965805222405265,3.173154948904667e-05,4.943043770588993,0.3633867779201624
SII_6731,6732.67,1.362812163724584,1.362812163724584,39.762905910933654,56.57784260035305,0.26965805222405265,3.173154948904667e-05,4.943043770588993,0.3633867779201624
NII_6548,6549.85,0.0,0.0,0.0,10000000000.0,0.26965805222405265,3.173154948904667e-05,4.943043770588993,0.3633867779201624
NII_6584,6585.28,3.392124413336205,3.392124413336205,98.97235105169426,57.06618467324748,0.26965805222405265,3.173154948904667e-05,4.943043770588993,0.3633867779201624
NII_5755,5756.24,0.0,0.0,0.0,10000000000.0,0.26965805222405265,3.173154948904667e-05,4.943043770588993,0.3633867779201624
HeI_5876,5877.594,0.4824481920314838,0.4824481920314838,14.07643883528238,56.49521410981822,0.26965805222405265,3.173154948904667e-05,4.943043770588993,0.3633867779201624
HeII_4686,4687.02,0.0,0.0,0.0,10000000000.0,0.26965805222405265,3.173154948904667e-05,4.943043770588993,0.3633867779201624
NeIII_3869,3870.16,4.661233132696793,1.943447782421745,136.0012622559818,57.578857666406115,0.26965805222405265,3.173154948904667e-05,4.943043770588993,0.3633867779201624
