line,wl,amp,amp_err,flux,flux_err,z,zerr,FWHM,FWHMerr
HI_6563,6564.61,40.64077872140933,40.64077872140933,936.7247208045111,61.00202462912549,0.2696066286989883,1.1788111562434309e-05,3.9048315406121525,0.14617080110346892
HI_4861,4862.683,17.218800513421115,17.218800513421115,396.8741892001728,49.599537990593575,0.2696066286989883,1.1788111562434309e-05,3.9048315406121525,0.14617080110346892
HI_4341,4341.684,0.6478793290290241,0.6478793290290241,14.932897515569088,46.73978718427933,0.2696066286989883,1.1788111562434309e-05,3.9048315406121525,0.14617080110346892
HI_4102,4102.892,4.355235038634191,4.355235038634191,100.3833207421662,46.924058925504525,0.2696066286989883,1.1788111562434309e-05,3.9048315406121525,0.14617080110346892
OIII_4363,4364.436,2.8326351414928013,2.8326351414928013,65.28908759954678,46.81545627725345,0.2696066286989883,1.1788111562434309e-05,3.9048315406121525,0.14617080110346892
OIII_5007,5008.24,51.27519943064544,51.27519943064544,1181.836283209914,68.05007546372781,0.2696066286989883,1.1788111562434309e-05,3.9048315406121525,0.14617080110346892
OIII_4959,4960.295,16.676115044067842,16.676115044067842,384.3658930809152,49.42688821073109,0.2696066286989883,1.1788111562434309e-05,3.9048315406121525,0.14617080110346892
OII_3726,3727.092,22.552935741290412,22.552935741290412,519.8200698957901,57.368043817744024,0.2696066286989883,1.1788111562434309e-05,3.9048315406121525,0.14617080110346892
OII_3729,3729.875,34.54769094042899,34.54769094042899,796.2858283905356,61.13202306912856,0.2696066286989883,1.1788111562434309e-05,3.9048315406121525,0.14617080110346892
OI_6300,6302.046,1.316446545493136,1.316446545493136,30.34262781316996,46.75283643858494,0.2696066286989883,1.1788111562434309e-05,3.9048315406121525,0.14617080110346892
SII_6717,6718.29,7.131758076772371,7.131758076772371,164.37908680599836,47.2392475679015,0.2696066286989883,1.1788111562434309e-05,3.9048315406121525,0.14617080110346892
SII_6731,6732.67,4.860212097179669,4.860212097179669,112.02247995762458,46.97018312849422,0.2696066286989883,1.1788111562434309e-05,3.9048315406121525,0.14617080110346892
NII_6548,6549.85,0.0,0.0,0.0,10000000000.0,0.2696066286989883,1.1788111562434309e-05,3.9048315406121525,0.14617080110346892
NII_6584,6585.28,1.7234506891113597,1.7234506891113597,39.723620372651084,46.76518299748834,0.2696066286989883,1.1788111562434309e-05,3.9048315406121525,0.14617080110346892
NII_5755,5756.24,0.8694856619055145,0.8694856619055145,20.040676864858177,46.74315404224024,0.2696066286989883,1.1788111562434309e-05,3.9048315406121525,0.14617080110346892
HeI_5876,5877.594,3.4387601088104702,3.4387601088104702,79.25959354568869,46.85317502067749,0.2696066286989883,1.1788111562434309e-05,3.9048315406121525,0.14617080110346892
HeII_4686,4687.02,0.0,0.0,0.0,10000000000.0,0.2696066286989883,1.1788111562434309e-05,3.9048315406121525,0.14617080110346892
NeIII_3869,3870.16,5.580450940832748,2.0303617842090116,128.62318375708412,47.04461371535539,0.2696066286989883,1.1788111562434309e-05,3.9048315406121525,0.14617080110346892
