line,wl,amp,amp_err,flux,flux_err,z,zerr,FWHM,FWHMerr
HI_6563,6564.61,8.492287807260368,8.492287807260368,467.7522736498244,91.54960086583444,0.26959850239758226,7.490258168713135e-05,9.33132992309227,0.8878285181350728
HI_4861,4862.683,2.2718080794578555,2.2718080794578555,125.13040285256936,77.98235930272914,0.26959850239758226,7.490258168713135e-05,9.33132992309227,0.8878285181350728
HI_4341,4341.684,1.597932991184507,1.597932991184507,88.01359618636651,77.40589821970283,0.26959850239758226,7.490258168713135e-05,9.33132992309227,0.8878285181350728
HI_4102,4102.892,0.0,0.0,0.0,10000000000.0,0.26959850239758226,7.490258168713135e-05,9.33132992309227,0.8878285181350728
OIII_4363,4364.436,1.6432130258128836,1.6432130258128836,90.50760482444618,77.43845958929353,0.26959850239758226,7.490258168713135e-05,9.33132992309227,0.8878285181350728
OIII_5007,5008.24,10.690519902444635,10.690519902444635,588.8301367497288,99.14553486082211,0.26959850239758226,7.490258168713135e-05,9.33132992309227,0.8878285181350728
OIII_4959,4960.295,9.99236817636131,9.99236817636131,550.3761812739341,96.61028222210862,0.26959850239758226,7.490258168713135e-05,9.33132992309227,0.8878285181350728
OII_3726,3727.092,9.81064946756294,9.81064946756294,540.3671776774615,145.9505882052339,0.26959850239758226,7.490258168713135e-05,9.33132992309227,0.8878285181350728
OII_3729,3729.875,0.0,0.0,0.0,10000000000.0,0.26959850239758226,7.490258168713135e-05,9.33132992309227,0.8878285181350728
OI_6300,6302.046,0.6030323035348601,0.6030323035348601,33.21481059810174,76.91842144353497,0.26959850239758226,7.490258168713135e-05,9.33132992309227,0.8878285181350728
SII_6717,6718.29,3.8650994239712873,3.8650994239712873,212.88833874654466,80.12764141252967,0.26959850239758226,7.490258168713135e-05,9.33132992309227,0.8878285181350728
SII_6731,6732.67,1.1809417391684747,1.1809417391684747,65.0458623260242,77.17392437314791,0.26959850239758226,7.490258168713135e-05,9.33132992309227,0.8878285181350728
NII_6548,6549.85,0.0,0.0,0.0,10000000000.0,0.26959850239758226,7.490258168713135e-05,9.33132992309227,0.8878285181350728
NII_6584,6585.28,3.9639289091234104,3.9639289091234104,218.33183258857218,80.27368706891367,0.26959850239758226,7.490258168713135e-05,9.33132992309227,0.8878285181350728
NII_5755,5756.24,1.0371944541258244,1.0371944541258244,57.12831160992569,77.07720065073956,0.26959850239758226,7.490258168713135e-05,9.33132992309227,0.8878285181350728
HeI_5876,5877.594,0.0,0.0,0.0,10000000000.0,0.26959850239758226,7.490258168713135e-05,9.33132992309227,0.8878285181350728
HeII_4686,4687.02,0.0,0.0,0.0,10000000000.0,0.26959850239758226,7.490258168713135e-05,9.33132992309227,0.8878285181350728
NeIII_3869,3870.16,5.127719170732917,1.41624861029173,282.4329974659533,82.5052672502314,0.26959850239758226,7.490258168713135e-05,9.33132992309227,0.8878285181350728
