line,wl,amp,amp_err,flux,flux_err,z,zerr,FWHM,FWHMerr
HI_6563,6564.61,0.0,0.0,0.0,10000000000.0,0.2701382950658892,4.3521348341116144e-05,2.66458511038918,0.46995136671077975
HI_4861,4862.683,1.9678176241328629,1.9678176241328629,30.95010315307045,39.27170500568077,0.2701382950658892,4.3521348341116144e-05,2.66458511038918,0.46995136671077975
HI_4341,4341.684,4.705978066504031,4.705978066504031,74.016262893554,41.45364189848486,0.2701382950658892,4.3521348341116144e-05,2.66458511038918,0.46995136671077975
HI_4102,4102.892,5.639140972320092,5.639140972320092,88.69317595675159,42.54269823358906,0.2701382950658892,4.3521348341116144e-05,2.66458511038918,0.46995136671077975
OIII_4363,4364.436,0.0,0.0,0.0,10000000000.0,0.2701382950658892,4.3521348341116144e-05,2.66458511038918,0.46995136671077975
OIII_5007,5008.24,0.883305048074476,0.883305048074476,13.89274189755252,38.887546308882705,0.2701382950658892,4.3521348341116144e-05,2.66458511038918,0.46995136671077975
OIII_4959,4960.295,1.0171879146677156,1.0171879146677156,15.998469827149398,38.93757871195423,0.2701382950658892,4.3521348341116144e-05,2.66458511038918,0.46995136671077975
OII_3726,3727.092,15.949811934976992,15.949811934976992,250.8608107812546,62.79255584419146,0.2701382950658892,4.3521348341116144e-05,2.66458511038918,0.46995136671077975
OII_3729,3729.875,0.5592292277432307,0.5592292277432307,8.795633331362168,40.627001016391134,0.2701382950658892,4.3521348341116144e-05,2.66458511038918,0.46995136671077975
OI_6300,6302.046,0.0,0.0,0.0,10000000000.0,0.2701382950658892,4.3521348341116144e-05,2.66458511038918,0.46995136671077975
SII_6717,6718.29,4.2333313115738065,4.2333313115738065,66.58241046706166,40.97311419528859,0.2701382950658892,4.3521348341116144e-05,2.66458511038918,0.46995136671077975
SII_6731,6732.67,0.0,0.0,0.0,10000000000.0,0.2701382950658892,4.3521348341116144e-05,2.66458511038918,0.46995136671077975
NII_6548,6549.85,0.32424307910559946,0.32424307910559946,5.09973923493528,38.827141533181326,0.2701382950658892,4.3521348341116144e-05,2.66458511038918,0.46995136671077975
NII_6584,6585.28,0.0,0.0,0.0,10000000000.0,0.2701382950658892,4.3521348341116144e-05,2.66458511038918,0.46995136671077975
NII_5755,5756.24,0.6807678150325955,0.6807678150325955,10.707208757637709,38.85049952282588,0.2701382950658892,4.3521348341116144e-05,2.66458511038918,0.46995136671077975
HeI_5876,5877.594,0.39571202154775165,0.39571202154775165,6.223812479172124,38.832141824277976,0.2701382950658892,4.3521348341116144e-05,2.66458511038918,0.46995136671077975
HeII_4686,4687.02,0.0,0.0,0.0,10000000000.0,0.2701382950658892,4.3521348341116144e-05,2.66458511038918,0.46995136671077975
NeIII_3869,3870.16,0.0,10000000000.0,0.0,10000000000.0,0.2701382950658892,4.3521348341116144e-05,2.66458511038918,0.46995136671077975
