line,wl,amp,amp_err,flux,flux_err,z,zerr,FWHM,FWHMerr
HI_6563,6564.61,0.0,0.0,0.0,10000000000.0,0.2701742555031879,1.2035163993764609e-05,1.2760403587670366,0.40719474604734174
HI_4861,4862.683,4.446731660322712,4.446731660322712,33.49291839467325,30.672828264001588,0.2701742555031879,1.2035163993764609e-05,1.2760403587670366,0.40719474604734174
HI_4341,4341.684,2.4760522048940174,2.4760522048940174,18.64970067329127,24.29850577920366,0.2701742555031879,1.2035163993764609e-05,1.2760403587670366,0.40719474604734174
HI_4102,4102.892,0.0,0.0,0.0,10000000000.0,0.2701742555031879,1.2035163993764609e-05,1.2760403587670366,0.40719474604734174
OIII_4363,4364.436,0.0,0.0,0.0,10000000000.0,0.2701742555031879,1.2035163993764609e-05,1.2760403587670366,0.40719474604734174
OIII_5007,5008.24,0.0,0.0,0.0,10000000000.0,0.2701742555031879,1.2035163993764609e-05,1.2760403587670366,0.40719474604734174
OIII_4959,4960.295,31.83239540233717,31.83239540233717,239.76257236985523,131.07573311361026,0.2701742555031879,1.2035163993764609e-05,1.2760403587670366,0.40719474604734174
OII_3726,3727.092,1.9514451928083645,1.9514451928083645,14.698344669096723,30.682080346000244,0.2701742555031879,1.2035163993764609e-05,1.2760403587670366,0.40719474604734174
OII_3729,3729.875,0.0,0.0,0.0,10000000000.0,0.2701742555031879,1.2035163993764609e-05,1.2760403587670366,0.40719474604734174
OI_6300,6302.046,0.0,0.0,0.0,10000000000.0,0.2701742555031879,1.2035163993764609e-05,1.2760403587670366,0.40719474604734174
SII_6717,6718.29,3.275865569812595,3.275865569812595,24.673919314863824,25.373112015019707,0.2701742555031879,1.2035163993764609e-05,1.2760403587670366,0.40719474604734174
SII_6731,6732.67,0.0,0.0,0.0,10000000000.0,0.2701742555031879,1.2035163993764609e-05,1.2760403587670366,0.40719474604734174
NII_6548,6549.85,3.3276174715557545,3.3276174715557545,25.063716216106787,29.437318446462964,0.2701742555031879,1.2035163993764609e-05,1.2760403587670366,0.40719474604734174
NII_6584,6585.28,4.754639971759389,4.754639971759389,35.812093180957035,31.0389665784099,0.2701742555031879,1.2035163993764609e-05,1.2760403587670366,0.40719474604734174
NII_5755,5756.24,2.2754043118385425,2.2754043118385425,17.138414627377173,27.814188912407378,0.2701742555031879,1.2035163993764609e-05,1.2760403587670366,0.40719474604734174
HeI_5876,5877.594,2.722927652513249,2.722927652513249,20.50917406911999,32.157448330785655,0.2701742555031879,1.2035163993764609e-05,1.2760403587670366,0.40719474604734174
HeII_4686,4687.02,0.0,0.0,0.0,10000000000.0,0.2701742555031879,1.2035163993764609e-05,1.2760403587670366,0.40719474604734174
NeIII_3869,3870.16,0.0,10000000000.0,0.0,10000000000.0,0.2701742555031879,1.2035163993764609e-05,1.2760403587670366,0.40719474604734174
