line,wl,amp,amp_err,flux,flux_err,z,zerr,FWHM,FWHMerr
HI_6563,6564.61,0.0,0.0,0.0,10000000000.0,0.2701770543117943,1.828929357671059e-05,2.671233070701798,0.22042891553591681
HI_4861,4862.683,0.016183643160047723,0.016183643160047723,0.25517359658967365,36.34537860549281,0.2701770543117943,1.828929357671059e-05,2.671233070701798,0.22042891553591681
HI_4341,4341.684,3.1860937306985306,3.1860937306985306,50.23633975946844,36.626214410566554,0.2701770543117943,1.828929357671059e-05,2.671233070701798,0.22042891553591681
HI_4102,4102.892,0.0,0.0,0.0,10000000000.0,0.2701770543117943,1.828929357671059e-05,2.671233070701798,0.22042891553591681
OIII_4363,4364.436,0.0,0.0,0.0,10000000000.0,0.2701770543117943,1.828929357671059e-05,2.671233070701798,0.22042891553591681
OIII_5007,5008.24,0.9641943500516845,0.9641943500516845,15.202815440315577,36.36626155962446,0.2701770543117943,1.828929357671059e-05,2.671233070701798,0.22042891553591681
OIII_4959,4960.295,39.565727799445995,39.565727799445995,623.8477309730114,68.16392436628752,0.2701770543117943,1.828929357671059e-05,2.671233070701798,0.22042891553591681
OII_3726,3727.092,0.0,0.0,0.0,10000000000.0,0.2701770543117943,1.828929357671059e-05,2.671233070701798,0.22042891553591681
OII_3729,3729.875,3.3519517831076655,3.3519517831076655,52.8514861352288,36.752026526497275,0.2701770543117943,1.828929357671059e-05,2.671233070701798,0.22042891553591681
OI_6300,6302.046,1.3197478658876207,1.3197478658876207,20.808961628705198,36.38303085121151,0.2701770543117943,1.828929357671059e-05,2.671233070701798,0.22042891553591681
SII_6717,6718.29,1.2518384051768408,1.2518384051768408,19.73820758645012,36.379591350511866,0.2701770543117943,1.828929357671059e-05,2.671233070701798,0.22042891553591681
SII_6731,6732.67,1.2305656927185282,1.2305656927185282,19.402792717651838,36.39622342424676,0.2701770543117943,1.828929357671059e-05,2.671233070701798,0.22042891553591681
NII_6548,6549.85,0.0,0.0,0.0,10000000000.0,0.2701770543117943,1.828929357671059e-05,2.671233070701798,0.22042891553591681
NII_6584,6585.28,0.0,0.0,0.0,10000000000.0,0.2701770543117943,1.828929357671059e-05,2.671233070701798,0.22042891553591681
NII_5755,5756.24,1.003610137794226,1.003610137794226,15.824299009942786,36.37346505540147,0.2701770543117943,1.828929357671059e-05,2.671233070701798,0.22042891553591681
HeI_5876,5877.594,1.0412688410146984,1.0412688410146984,16.418077966178917,36.381522178048755,0.2701770543117943,1.828929357671059e-05,2.671233070701798,0.22042891553591681
HeII_4686,4687.02,0.0,0.0,0.0,10000000000.0,0.2701770543117943,1.828929357671059e-05,2.671233070701798,0.22042891553591681
NeIII_3869,3870.16,4.665835497754983,2.3127896921874105,73.56798548284343,36.96849176715179,0.2701770543117943,1.828929357671059e-05,2.671233070701798,0.22042891553591681
