line,wl,amp,amp_err,flux,flux_err,z,zerr,FWHM,FWHMerr
HI_6563,6564.61,36.158931360365386,36.158931360365386,1102.8948475427856,84.63103842151858,0.26918812803375713,2.0452873946644457e-05,5.167385506200725,0.23921794898592094
HI_4861,4862.683,16.46806365940256,16.46806365940256,502.29754795436355,67.67391538591,0.26918812803375713,2.0452873946644457e-05,5.167385506200725,0.23921794898592094
HI_4341,4341.684,6.792013887430926,6.792013887430926,207.16533478911188,63.39430402167342,0.26918812803375713,2.0452873946644457e-05,5.167385506200725,0.23921794898592094
HI_4102,4102.892,6.13907089804718,6.13907089804718,187.24971694206832,63.228118942747884,0.26918812803375713,2.0452873946644457e-05,5.167385506200725,0.23921794898592094
OIII_4363,4364.436,2.5956950243291885,2.5956950243291885,79.17210383222395,62.61516020101763,0.26918812803375713,2.0452873946644457e-05,5.167385506200725,0.23921794898592094
OIII_5007,5008.24,33.600157690065316,33.600157690065316,1024.848893449811,81.9606674602904,0.26918812803375713,2.0452873946644457e-05,5.167385506200725,0.23921794898592094
OIII_4959,4960.295,12.476516076436269,12.476516076436269,380.5501097045486,65.51198041098904,0.26918812803375713,2.0452873946644457e-05,5.167385506200725,0.23921794898592094
OII_3726,3727.092,21.414814209647034,21.414814209647034,653.1799299465547,91.1618913670456,0.26918812803375713,2.0452873946644457e-05,5.167385506200725,0.23921794898592094
OII_3729,3729.875,36.368934190816844,36.368934190816844,1109.300209398368,96.4746772183787,0.26918812803375713,2.0452873946644457e-05,5.167385506200725,0.23921794898592094
OI_6300,6302.046,0.278149583665936,0.278149583665936,8.483927238170233,62.48247047796664,0.26918812803375713,2.0452873946644457e-05,5.167385506200725,0.23921794898592094
SII_6717,6718.29,4.993605601089143,4.993605601089143,152.31152251747181,62.976294229083734,0.26918812803375713,2.0452873946644457e-05,5.167385506200725,0.23921794898592094
SII_6731,6732.67,3.791828974940131,3.791828974940131,115.65575867125551,62.76702891662706,0.26918812803375713,2.0452873946644457e-05,5.167385506200725,0.23921794898592094
NII_6548,6549.85,3.1831922527604775,3.1831922527604775,97.09154010441327,62.68269033552368,0.26918812803375713,2.0452873946644457e-05,5.167385506200725,0.23921794898592094
NII_6584,6585.28,6.244638345157455,6.244638345157455,190.46966258498045,63.25387954543125,0.26918812803375713,2.0452873946644457e-05,5.167385506200725,0.23921794898592094
NII_5755,5756.24,0.0,0.0,0.0,10000000000.0,0.26918812803375713,2.0452873946644457e-05,5.167385506200725,0.23921794898592094
HeI_5876,5877.594,2.640403520379664,2.640403520379664,80.53577161997015,62.61981828889999,0.26918812803375713,2.0452873946644457e-05,5.167385506200725,0.23921794898592094
HeII_4686,4687.02,0.0,0.0,0.0,10000000000.0,0.26918812803375713,2.0452873946644457e-05,5.167385506200725,0.23921794898592094
NeIII_3869,3870.16,4.482705893640514,2.051093114718061,136.7284111323317,62.88042175759455,0.26918812803375713,2.0452873946644457e-05,5.167385506200725,0.23921794898592094
