line,wl,amp,amp_err,flux,flux_err,z,zerr,FWHM,FWHMerr
HI_6563,6564.61,76.14870744635641,76.14870744635641,2212.4019689402508,78.9816941694207,0.26923077942663826,8.236889649332336e-06,4.92213863963615,0.10326909525281976
HI_4861,4862.683,32.48830283298389,32.48830283298389,943.9055181055458,63.52303638954108,0.26923077942663826,8.236889649332336e-06,4.92213863963615,0.10326909525281976
HI_4341,4341.684,10.03432292062439,10.03432292062439,291.534243075769,59.930986918611666,0.26923077942663826,8.236889649332336e-06,4.92213863963615,0.10326909525281976
HI_4102,4102.892,7.700560435526086,7.700560435526086,223.7297997671592,59.77040385872574,0.26923077942663826,8.236889649332336e-06,4.92213863963615,0.10326909525281976
OIII_4363,4364.436,0.0,0.0,0.0,10000000000.0,0.26923077942663826,8.236889649332336e-06,4.92213863963615,0.10326909525281976
OIII_5007,5008.24,91.96718871280677,91.96718871280677,2671.9874336599646,86.44767410063905,0.26923077942663826,8.236889649332336e-06,4.92213863963615,0.10326909525281976
OIII_4959,4960.295,25.24822962493886,25.24822962493886,733.5545777165133,61.97604466875284,0.26923077942663826,8.236889649332336e-06,4.92213863963615,0.10326909525281976
OII_3726,3727.092,41.2881755818014,41.2881755818014,1199.5744118897574,79.08015384491107,0.26923077942663826,8.236889649332336e-06,4.92213863963615,0.10326909525281976
OII_3729,3729.875,60.935660817469625,60.935660817469625,1770.4066226759796,82.28280917642898,0.26923077942663826,8.236889649332336e-06,4.92213863963615,0.10326909525281976
OI_6300,6302.046,5.322362094043001,5.322362094043001,154.63433026186073,59.649929308011195,0.26923077942663826,8.236889649332336e-06,4.92213863963615,0.10326909525281976
SII_6717,6718.29,15.55406164160911,15.55406164160911,451.90309533691993,60.47579325535848,0.26923077942663826,8.236889649332336e-06,4.92213863963615,0.10326909525281976
SII_6731,6732.67,11.531492032497226,11.531492032497226,335.03255055889196,60.05595504264244,0.26923077942663826,8.236889649332336e-06,4.92213863963615,0.10326909525281976
NII_6548,6549.85,6.314707977429862,6.314707977429862,183.46565333876862,59.694886708703734,0.26923077942663826,8.236889649332336e-06,4.92213863963615,0.10326909525281976
NII_6584,6585.28,9.023017375894256,9.023017375894256,262.1520716195127,59.85625362115678,0.26923077942663826,8.236889649332336e-06,4.92213863963615,0.10326909525281976
NII_5755,5756.24,0.0,0.0,0.0,10000000000.0,0.26923077942663826,8.236889649332336e-06,4.92213863963615,0.10326909525281976
HeI_5876,5877.594,0.08988678053992771,0.08988678053992771,2.6115438714219654,59.53957459369238,0.26923077942663826,8.236889649332336e-06,4.92213863963615,0.10326909525281976
HeII_4686,4687.02,0.0,0.0,0.0,10000000000.0,0.26923077942663826,8.236889649332336e-06,4.92213863963615,0.10326909525281976
NeIII_3869,3870.16,5.864242033948585,2.0502157732135906,170.3779493747772,59.6735225878403,0.26923077942663826,8.236889649332336e-06,4.92213863963615,0.10326909525281976
