line,wl,amp,amp_err,flux,flux_err,z,zerr,FWHM,FWHMerr
HI_6563,6564.61,2.6240343699156483,2.6240343699156483,63.55997399978185,50.23444250210672,0.26975300516506756,5.9075450361522746e-05,4.103614290116041,0.7498221562986973
HI_4861,4862.683,0.0,0.0,0.0,10000000000.0,0.26975300516506756,5.9075450361522746e-05,4.103614290116041,0.7498221562986973
HI_4341,4341.684,1.9804512222191306,1.9804512222191306,47.97095252838879,49.50764020043419,0.26975300516506756,5.9075450361522746e-05,4.103614290116041,0.7498221562986973
HI_4102,4102.892,4.703212564034743,4.703212564034743,113.9223143236135,53.82121396680982,0.26975300516506756,5.9075450361522746e-05,4.103614290116041,0.7498221562986973
OIII_4363,4364.436,0.0,0.0,0.0,10000000000.0,0.26975300516506756,5.9075450361522746e-05,4.103614290116041,0.7498221562986973
OIII_5007,5008.24,2.4400055928500706,2.4400055928500706,59.1023859363009,50.00680016414296,0.26975300516506756,5.9075450361522746e-05,4.103614290116041,0.7498221562986973
OIII_4959,4960.295,0.0,0.0,0.0,10000000000.0,0.26975300516506756,5.9075450361522746e-05,4.103614290116041,0.7498221562986973
OII_3726,3727.092,7.970491066800037,7.970491066800037,193.0630980979068,64.94582003077377,0.26975300516506756,5.9075450361522746e-05,4.103614290116041,0.7498221562986973
OII_3729,3729.875,1.833109274634694,1.833109274634694,44.40200142587519,56.750735083167925,0.26975300516506756,5.9075450361522746e-05,4.103614290116041,0.7498221562986973
OI_6300,6302.046,0.048738990943888894,0.048738990943888894,1.180567233678713,48.52821731452104,0.26975300516506756,5.9075450361522746e-05,4.103614290116041,0.7498221562986973
SII_6717,6718.29,2.1007328527297204,2.1007328527297204,50.884442304115396,49.62883783920202,0.26975300516506756,5.9075450361522746e-05,4.103614290116041,0.7498221562986973
SII_6731,6732.67,7.559075215653365,7.559075215653365,183.09768716358997,61.274360109486764,0.26975300516506756,5.9075450361522746e-05,4.103614290116041,0.7498221562986973
NII_6548,6549.85,0.0,0.0,0.0,10000000000.0,0.26975300516506756,5.9075450361522746e-05,4.103614290116041,0.7498221562986973
NII_6584,6585.28,5.650225164481526,5.650225164481526,136.86107494045646,56.007960360407836,0.26975300516506756,5.9075450361522746e-05,4.103614290116041,0.7498221562986973
NII_5755,5756.24,0.9016521919382967,0.9016521919382967,21.84003019681739,48.73232820235589,0.26975300516506756,5.9075450361522746e-05,4.103614290116041,0.7498221562986973
HeI_5876,5877.594,2.7688787011253453,2.7688787011253453,67.06842725453099,50.4253765270271,0.26975300516506756,5.9075450361522746e-05,4.103614290116041,0.7498221562986973
HeII_4686,4687.02,0.0,0.0,0.0,10000000000.0,0.26975300516506756,5.9075450361522746e-05,4.103614290116041,0.7498221562986973
NeIII_3869,3870.16,4.411976737044597,2.043640462148221,106.86793203215989,53.21383512969369,0.26975300516506756,5.9075450361522746e-05,4.103614290116041,0.7498221562986973
