line,wl,amp,amp_err,flux,flux_err,z,zerr,FWHM,FWHMerr
HI_6563,6564.61,4.027039751239727,4.027039751239727,88.73667762178735,47.17900060389265,0.2698947314530234,4.6398115891158166e-05,3.733099706392937,0.5307080608033924
HI_4861,4862.683,1.452535790814295,1.452535790814295,32.006935159732706,45.307904040809674,0.2698947314530234,4.6398115891158166e-05,3.733099706392937,0.5307080608033924
HI_4341,4341.684,2.898999424771432,2.898999424771432,63.880069051341174,46.15187675945192,0.2698947314530234,4.6398115891158166e-05,3.733099706392937,0.5307080608033924
HI_4102,4102.892,0.0,0.0,0.0,10000000000.0,0.2698947314530234,4.6398115891158166e-05,3.733099706392937,0.5307080608033924
OIII_4363,4364.436,1.5927103881498397,1.5927103881498397,35.09571223244445,45.36562166902719,0.2698947314530234,4.6398115891158166e-05,3.733099706392937,0.5307080608033924
OIII_5007,5008.24,9.534762664106552,9.534762664106552,210.10052370717477,56.05430162001964,0.2698947314530234,4.6398115891158166e-05,3.733099706392937,0.5307080608033924
OIII_4959,4960.295,0.0,0.0,0.0,10000000000.0,0.2698947314530234,4.6398115891158166e-05,3.733099706392937,0.5307080608033924
OII_3726,3727.092,12.079867231924936,12.079867231924936,266.18244429877365,61.21571616726999,0.2698947314530234,4.6398115891158166e-05,3.733099706392937,0.5307080608033924
OII_3729,3729.875,0.0,0.0,0.0,10000000000.0,0.2698947314530234,4.6398115891158166e-05,3.733099706392937,0.5307080608033924
OI_6300,6302.046,0.0,0.0,0.0,10000000000.0,0.2698947314530234,4.6398115891158166e-05,3.733099706392937,0.5307080608033924
SII_6717,6718.29,0.0,0.0,0.0,10000000000.0,0.2698947314530234,4.6398115891158166e-05,3.733099706392937,0.5307080608033924
SII_6731,6732.67,0.0,0.0,0.0,10000000000.0,0.2698947314530234,4.6398115891158166e-05,3.733099706392937,0.5307080608033924
NII_6548,6549.85,0.0,0.0,0.0,10000000000.0,0.2698947314530234,4.6398115891158166e-05,3.733099706392937,0.5307080608033924
NII_6584,6585.28,1.7132268109772895,1.7132268109772895,37.75131724783527,45.41952372972253,0.2698947314530234,4.6398115891158166e-05,3.733099706392937,0.5307080608033924
NII_5755,5756.24,0.0,0.0,0.0,10000000000.0,0.2698947314530234,4.6398115891158166e-05,3.733099706392937,0.5307080608033924
HeI_5876,5877.594,2.1838286999497996,2.1838286999497996,48.121129986113324,45.666415265707975,0.2698947314530234,4.6398115891158166e-05,3.733099706392937,0.5307080608033924
HeII_4686,4687.02,0.0,0.0,0.0,10000000000.0,0.2698947314530234,4.6398115891158166e-05,3.733099706392937,0.5307080608033924
NeIII_3869,3870.16,0.0,10000000000.0,0.0,10000000000.0,0.2698947314530234,4.6398115891158166e-05,3.733099706392937,0.5307080608033924
