line,wl,amp,amp_err,flux,flux_err,z,zerr,FWHM,FWHMerr
HI_6563,6564.61,0.0,0.0,0.0,10000000000.0,0.27012144313643194,3.89798341633884e-05,1.5054503576416045,0.46334110511412346
HI_4861,4862.683,2.1277683614202942,2.1277683614202942,18.90768874013093,30.246425929195325,0.27012144313643194,3.89798341633884e-05,1.5054503576416045,0.46334110511412346
HI_4341,4341.684,2.7526327148277687,2.7526327148277687,24.46033296271224,33.15959346538476,0.27012144313643194,3.89798341633884e-05,1.5054503576416045,0.46334110511412346
HI_4102,4102.892,0.0,0.0,0.0,10000000000.0,0.27012144313643194,3.89798341633884e-05,1.5054503576416045,0.46334110511412346
OIII_4363,4364.436,0.0,0.0,0.0,10000000000.0,0.27012144313643194,3.89798341633884e-05,1.5054503576416045,0.46334110511412346
OIII_5007,5008.24,0.0,0.0,0.0,10000000000.0,0.27012144313643194,3.89798341633884e-05,1.5054503576416045,0.46334110511412346
OIII_4959,4960.295,15.067544366111974,15.067544366111974,133.8926003967799,60.40174557865231,0.27012144313643194,3.89798341633884e-05,1.5054503576416045,0.46334110511412346
OII_3726,3727.092,0.0,0.0,0.0,10000000000.0,0.27012144313643194,3.89798341633884e-05,1.5054503576416045,0.46334110511412346
OII_3729,3729.875,0.0,0.0,0.0,10000000000.0,0.27012144313643194,3.89798341633884e-05,1.5054503576416045,0.46334110511412346
OI_6300,6302.046,0.0,0.0,0.0,10000000000.0,0.27012144313643194,3.89798341633884e-05,1.5054503576416045,0.46334110511412346
SII_6717,6718.29,1.7830966972419446,1.7830966972419446,15.844881405465475,34.419492346555934,0.27012144313643194,3.89798341633884e-05,1.5054503576416045,0.46334110511412346
SII_6731,6732.67,0.0,0.0,0.0,10000000000.0,0.27012144313643194,3.89798341633884e-05,1.5054503576416045,0.46334110511412346
NII_6548,6549.85,0.9792806287455278,0.9792806287455278,8.702043724910306,33.984751103765454,0.27012144313643194,3.89798341633884e-05,1.5054503576416045,0.46334110511412346
NII_6584,6585.28,0.0,0.0,0.0,10000000000.0,0.27012144313643194,3.89798341633884e-05,1.5054503576416045,0.46334110511412346
NII_5755,5756.24,0.0,0.0,0.0,10000000000.0,0.27012144313643194,3.89798341633884e-05,1.5054503576416045,0.46334110511412346
HeI_5876,5877.594,0.0,0.0,0.0,10000000000.0,0.27012144313643194,3.89798341633884e-05,1.5054503576416045,0.46334110511412346
HeII_4686,4687.02,0.0,0.0,0.0,10000000000.0,0.27012144313643194,3.89798341633884e-05,1.5054503576416045,0.46334110511412346
NeIII_3869,3870.16,1.6965864832416173,3.8071504357080146,15.076137857615906,34.147666354323164,0.27012144313643194,3.89798341633884e-05,1.5054503576416045,0.46334110511412346
