line,wl,amp,amp_err,flux,flux_err,z,zerr,FWHM,FWHMerr
HI_6563,6564.61,1803.7910727131962,1803.7910727131962,51012.70877521397,210.94011441795735,0.2692399393147315,9.631727026366982e-07,4.791202137108363,0.013021116774892826
HI_4861,4862.683,554.5253009555472,554.5253009555472,15682.43579539602,150.8000584236625,0.2692399393147315,9.631727026366982e-07,4.791202137108363,0.013021116774892826
HI_4341,4341.684,198.55946673431208,198.55946673431208,5615.4265337634115,144.08735383719292,0.2692399393147315,9.631727026366982e-07,4.791202137108363,0.013021116774892826
HI_4102,4102.892,86.16668965040981,86.16668965040981,2436.8655060748833,143.26501678486449,0.2692399393147315,9.631727026366982e-07,4.791202137108363,0.013021116774892826
OIII_4363,4364.436,13.180061544660248,13.180061544660248,372.74308060845703,143.0781469055519,0.2692399393147315,9.631727026366982e-07,4.791202137108363,0.013021116774892826
OIII_5007,5008.24,1602.988869001666,1602.988869001666,45333.85577814839,198.6057612446997,0.2692399393147315,9.631727026366982e-07,4.791202137108363,0.013021116774892826
OIII_4959,4960.295,536.0332331059337,536.0332331059337,15159.464767246454,150.30553688365345,0.2692399393147315,9.631727026366982e-07,4.791202137108363,0.013021116774892826
OII_3726,3727.092,512.9173740646404,512.9173740646404,14505.729086212907,171.69769270804505,0.2692399393147315,9.631727026366982e-07,4.791202137108363,0.013021116774892826
OII_3729,3729.875,627.9881659967398,627.9881659967398,17760.0265966978,173.42105683999822,0.2692399393147315,9.631727026366982e-07,4.791202137108363,0.013021116774892826
OI_6300,6302.046,40.640342188636396,40.640342188636396,1149.3426106580948,143.11627249890128,0.2692399393147315,9.631727026366982e-07,4.791202137108363,0.013021116774892826
SII_6717,6718.29,206.24381428355605,206.24381428355605,5832.746260857682,144.167158494785,0.2692399393147315,9.631727026366982e-07,4.791202137108363,0.013021116774892826
SII_6731,6732.67,156.08319015212896,156.08319015212896,4414.162174536329,143.7009654147524,0.2692399393147315,9.631727026366982e-07,4.791202137108363,0.013021116774892826
NII_6548,6549.85,94.82763017036882,94.82763017036882,2681.8040930031093,143.30552059568038,0.2692399393147315,9.631727026366982e-07,4.791202137108363,0.013021116774892826
NII_6584,6585.28,304.8418317541052,304.8418317541052,8621.18003632427,145.45199480942563,0.2692399393147315,9.631727026366982e-07,4.791202137108363,0.013021116774892826
NII_5755,5756.24,0.4031713101896912,0.4031713101896912,11.402019304980959,143.0736769871372,0.2692399393147315,9.631727026366982e-07,4.791202137108363,0.013021116774892826
HeI_5876,5877.594,69.82006320262008,69.82006320262008,1974.5693415950313,143.19939973989227,0.2692399393147315,9.631727026366982e-07,4.791202137108363,0.013021116774892826
HeII_4686,4687.02,0.0,0.0,0.0,10000000000.0,0.2692399393147315,9.631727026366982e-07,4.791202137108363,0.013021116774892826
NeIII_3869,3870.16,115.78480577480241,5.061477852742811,3274.4904146245567,143.41915573617308,0.2692399393147315,9.631727026366982e-07,4.791202137108363,0.013021116774892826
