line,wl,amp,amp_err,flux,flux_err,z,zerr,FWHM,FWHMerr
HI_6563,6564.61,0.0,0.0,0.0,10000000000.0,0.27021784584900316,1.9950700407011164e-05,1.7211736974870933,0.312437980324453
HI_4861,4862.683,2.060495756411001,2.060495756411001,20.933607804959607,31.69020653463851,0.27021784584900316,1.9950700407011164e-05,1.7211736974870933,0.312437980324453
HI_4341,4341.684,4.740695589674374,4.740695589674374,48.163099529892925,30.700848685418087,0.27021784584900316,1.9950700407011164e-05,1.7211736974870933,0.312437980324453
HI_4102,4102.892,3.0750721026263363,3.0750721026263363,31.241196769304125,31.830690607213697,0.27021784584900316,1.9950700407011164e-05,1.7211736974870933,0.312437980324453
OIII_4363,4364.436,0.0,0.0,0.0,10000000000.0,0.27021784584900316,1.9950700407011164e-05,1.7211736974870933,0.312437980324453
OIII_5007,5008.24,0.0,0.0,0.0,10000000000.0,0.27021784584900316,1.9950700407011164e-05,1.7211736974870933,0.312437980324453
OIII_4959,4960.295,31.833991440886848,31.833991440886848,323.4174540843079,77.22341992086605,0.27021784584900316,1.9950700407011164e-05,1.7211736974870933,0.312437980324453
OII_3726,3727.092,4.279542770251965,4.279542770251965,43.47801719963138,32.83757093163678,0.27021784584900316,1.9950700407011164e-05,1.7211736974870933,0.312437980324453
OII_3729,3729.875,0.0,0.0,0.0,10000000000.0,0.27021784584900316,1.9950700407011164e-05,1.7211736974870933,0.312437980324453
OI_6300,6302.046,0.0,0.0,0.0,10000000000.0,0.27021784584900316,1.9950700407011164e-05,1.7211736974870933,0.312437980324453
SII_6717,6718.29,0.0,0.0,0.0,10000000000.0,0.27021784584900316,1.9950700407011164e-05,1.7211736974870933,0.312437980324453
SII_6731,6732.67,0.0,0.0,0.0,10000000000.0,0.27021784584900316,1.9950700407011164e-05,1.7211736974870933,0.312437980324453
NII_6548,6549.85,0.0,0.0,0.0,10000000000.0,0.27021784584900316,1.9950700407011164e-05,1.7211736974870933,0.312437980324453
NII_6584,6585.28,0.0,0.0,0.0,10000000000.0,0.27021784584900316,1.9950700407011164e-05,1.7211736974870933,0.312437980324453
NII_5755,5756.24,0.0,0.0,0.0,10000000000.0,0.27021784584900316,1.9950700407011164e-05,1.7211736974870933,0.312437980324453
HeI_5876,5877.594,0.0,0.0,0.0,10000000000.0,0.27021784584900316,1.9950700407011164e-05,1.7211736974870933,0.312437980324453
HeII_4686,4687.02,0.0,0.0,0.0,10000000000.0,0.27021784584900316,1.9950700407011164e-05,1.7211736974870933,0.312437980324453
NeIII_3869,3870.16,1.948278551980593,2.9059931694084216,19.793537052954346,29.741274855992575,0.27021784584900316,1.9950700407011164e-05,1.7211736974870933,0.312437980324453
