line,wl,amp,amp_err,flux,flux_err,z,zerr,FWHM,FWHMerr
HI_6563,6564.61,13.608248413488013,13.608248413488013,403.4837962157943,86.55106746529147,0.2691278304087136,5.301063571197987e-05,5.023150744592888,0.7428525226673472
HI_4861,4862.683,4.328001146475458,4.328001146475458,128.32498934068389,59.07738556228515,0.2691278304087136,5.301063571197987e-05,5.023150744592888,0.7428525226673472
HI_4341,4341.684,1.2283195149511812,1.2283195149511812,36.41960418412245,55.46263508863587,0.2691278304087136,5.301063571197987e-05,5.023150744592888,0.7428525226673472
HI_4102,4102.892,2.2971537105391917,2.2971537105391917,68.11047766447855,56.27305794771311,0.2691278304087136,5.301063571197987e-05,5.023150744592888,0.7428525226673472
OIII_4363,4364.436,0.231151348157141,0.231151348157141,6.853624406385778,55.146325243385775,0.2691278304087136,5.301063571197987e-05,5.023150744592888,0.7428525226673472
OIII_5007,5008.24,7.03083723076054,7.03083723076054,208.46392645440253,65.02333049427072,0.2691278304087136,5.301063571197987e-05,5.023150744592888,0.7428525226673472
OIII_4959,4960.295,0.12787846332980735,0.12787846332980735,3.79158920904265,55.13821618704444,0.2691278304087136,5.301063571197987e-05,5.023150744592888,0.7428525226673472
OII_3726,3727.092,5.80901168932337,5.80901168932337,172.23686821788058,71.37475921771893,0.2691278304087136,5.301063571197987e-05,5.023150744592888,0.7428525226673472
OII_3729,3729.875,4.421810053913873,4.421810053913873,131.10641814342324,69.96039755220771,0.2691278304087136,5.301063571197987e-05,5.023150744592888,0.7428525226673472
OI_6300,6302.046,0.0,0.0,0.0,10000000000.0,0.2691278304087136,5.301063571197987e-05,5.023150744592888,0.7428525226673472
SII_6717,6718.29,0.8887960337449385,0.8887960337449385,26.352752158867318,55.306608543549544,0.2691278304087136,5.301063571197987e-05,5.023150744592888,0.7428525226673472
SII_6731,6732.67,1.1130804036022255,1.1130804036022255,33.002771046837495,55.404254612098235,0.2691278304087136,5.301063571197987e-05,5.023150744592888,0.7428525226673472
NII_6548,6549.85,4.735819462411882,4.735819462411882,140.41677935513323,59.82472845311829,0.2691278304087136,5.301063571197987e-05,5.023150744592888,0.7428525226673472
NII_6584,6585.28,0.0,0.0,0.0,10000000000.0,0.2691278304087136,5.301063571197987e-05,5.023150744592888,0.7428525226673472
NII_5755,5756.24,0.0,0.0,0.0,10000000000.0,0.2691278304087136,5.301063571197987e-05,5.023150744592888,0.7428525226673472
HeI_5876,5877.594,0.0,0.0,0.0,10000000000.0,0.2691278304087136,5.301063571197987e-05,5.023150744592888,0.7428525226673472
HeII_4686,4687.02,0.0,0.0,0.0,10000000000.0,0.2691278304087136,5.301063571197987e-05,5.023150744592888,0.7428525226673472
NeIII_3869,3870.16,0.0,10000000000.0,0.0,10000000000.0,0.2691278304087136,5.301063571197987e-05,5.023150744592888,0.7428525226673472
