line,wl,amp,amp_err,flux,flux_err,z,zerr,FWHM,FWHMerr
HI_6563,6564.61,32.54514784533285,32.54514784533285,811.7843137214488,68.15861487070055,0.269499271372511,1.583781618287185e-05,4.225778684355993,0.1994954437475939
HI_4861,4862.683,14.441827674194087,14.441827674194087,360.22725178863516,56.31274160024027,0.269499271372511,1.583781618287185e-05,4.225778684355993,0.1994954437475939
HI_4341,4341.684,6.122679752036333,6.122679752036333,152.72001234297028,53.61509396094708,0.269499271372511,1.583781618287185e-05,4.225778684355993,0.1994954437475939
HI_4102,4102.892,2.039551806254508,2.039551806254508,50.87321069205374,53.07362539056086,0.269499271372511,1.583781618287185e-05,4.225778684355993,0.1994954437475939
OIII_4363,4364.436,2.4769753195192834,2.4769753195192834,61.78400907615736,53.10587495080519,0.269499271372511,1.583781618287185e-05,4.225778684355993,0.1994954437475939
OIII_5007,5008.24,43.44635122727436,43.44635122727436,1083.6966107005017,77.98422614998209,0.269499271372511,1.583781618287185e-05,4.225778684355993,0.1994954437475939
OIII_4959,4960.295,22.936787089319637,22.936787089319637,572.119815057116,61.00386812533846,0.269499271372511,1.583781618287185e-05,4.225778684355993,0.1994954437475939
OII_3726,3727.092,14.501391765450535,14.501391765450535,361.7129784835284,62.57482638070669,0.269499271372511,1.583781618287185e-05,4.225778684355993,0.1994954437475939
OII_3729,3729.875,20.14983223045033,20.14983223045033,502.6038845032987,64.34590206859599,0.269499271372511,1.583781618287185e-05,4.225778684355993,0.1994954437475939
OI_6300,6302.046,0.0,0.0,0.0,10000000000.0,0.269499271372511,1.583781618287185e-05,4.225778684355993,0.1994954437475939
SII_6717,6718.29,5.3249963636188795,5.3249963636188795,132.8231335482923,53.46728074514895,0.269499271372511,1.583781618287185e-05,4.225778684355993,0.1994954437475939
SII_6731,6732.67,3.8714393968605236,3.8714393968605236,96.5665846359119,53.250153673877485,0.269499271372511,1.583781618287185e-05,4.225778684355993,0.1994954437475939
NII_6548,6549.85,0.0,0.0,0.0,10000000000.0,0.269499271372511,1.583781618287185e-05,4.225778684355993,0.1994954437475939
NII_6584,6585.28,1.6359242878731948,1.6359242878731948,40.80539691024437,53.049404654843684,0.269499271372511,1.583781618287185e-05,4.225778684355993,0.1994954437475939
NII_5755,5756.24,0.0,0.0,0.0,10000000000.0,0.269499271372511,1.583781618287185e-05,4.225778684355993,0.1994954437475939
HeI_5876,5877.594,0.964379069335564,0.964379069335564,24.054823923012776,53.020850971026164,0.269499271372511,1.583781618287185e-05,4.225778684355993,0.1994954437475939
HeII_4686,4687.02,0.0,0.0,0.0,10000000000.0,0.269499271372511,1.583781618287185e-05,4.225778684355993,0.1994954437475939
NeIII_3869,3870.16,0.3307227199952649,2.125057756613103,8.249325446587203,53.00744433371545,0.269499271372511,1.583781618287185e-05,4.225778684355993,0.1994954437475939
