line,wl,amp,amp_err,flux,flux_err,z,zerr,FWHM,FWHMerr
HI_6563,6564.61,2.5504555067416277,2.5504555067416277,26.985617573798045,31.476963896593407,0.27013453858221265,1.3232183641165683e-05,1.792532141728762,0.20231127564191448
HI_4861,4862.683,2.706913840374341,2.706913840374341,28.641057061562382,30.17540091024718,0.27013453858221265,1.3232183641165683e-05,1.792532141728762,0.20231127564191448
HI_4341,4341.684,0.519993494470441,0.519993494470441,5.501897816115765,30.42707405444859,0.27013453858221265,1.3232183641165683e-05,1.792532141728762,0.20231127564191448
HI_4102,4102.892,1.1269031635019928,1.1269031635019928,11.923430043215676,29.904693033682445,0.27013453858221265,1.3232183641165683e-05,1.792532141728762,0.20231127564191448
OIII_4363,4364.436,0.0,0.0,0.0,10000000000.0,0.27013453858221265,1.3232183641165683e-05,1.792532141728762,0.20231127564191448
OIII_5007,5008.24,4.784511120631009,4.784511120631009,50.62350118935521,30.321152332364335,0.27013453858221265,1.3232183641165683e-05,1.792532141728762,0.20231127564191448
OIII_4959,4960.295,50.77657636198978,50.77657636198978,537.2519802009708,78.08028402251853,0.27013453858221265,1.3232183641165683e-05,1.792532141728762,0.20231127564191448
OII_3726,3727.092,5.635169671001677,5.635169671001677,59.62406844704929,31.451074925813938,0.27013453858221265,1.3232183641165683e-05,1.792532141728762,0.20231127564191448
OII_3729,3729.875,0.0,0.0,0.0,10000000000.0,0.27013453858221265,1.3232183641165683e-05,1.792532141728762,0.20231127564191448
OI_6300,6302.046,0.0,0.0,0.0,10000000000.0,0.27013453858221265,1.3232183641165683e-05,1.792532141728762,0.20231127564191448
SII_6717,6718.29,2.0969683629766678,2.0969683629766678,22.187403841416746,31.082811949656403,0.27013453858221265,1.3232183641165683e-05,1.792532141728762,0.20231127564191448
SII_6731,6732.67,5.0978421480817815,5.0978421480817815,53.938764387807986,31.250534804393997,0.27013453858221265,1.3232183641165683e-05,1.792532141728762,0.20231127564191448
NII_6548,6549.85,4.219715255573874,4.219715255573874,44.64756270252148,31.85800029110211,0.27013453858221265,1.3232183641165683e-05,1.792532141728762,0.20231127564191448
NII_6584,6585.28,0.15129513580666298,0.15129513580666298,1.6008092142216894,31.257776144395503,0.27013453858221265,1.3232183641165683e-05,1.792532141728762,0.20231127564191448
NII_5755,5756.24,0.6314763224370381,0.6314763224370381,6.681464741945251,29.82215463332554,0.27013453858221265,1.3232183641165683e-05,1.792532141728762,0.20231127564191448
HeI_5876,5877.594,1.7202249902991298,1.7202249902991298,18.201193318760943,31.210405756866262,0.27013453858221265,1.3232183641165683e-05,1.792532141728762,0.20231127564191448
HeII_4686,4687.02,0.0,0.0,0.0,10000000000.0,0.27013453858221265,1.3232183641165683e-05,1.792532141728762,0.20231127564191448
NeIII_3869,3870.16,0.0,10000000000.0,0.0,10000000000.0,0.27013453858221265,1.3232183641165683e-05,1.792532141728762,0.20231127564191448
