line,wl,amp,amp_err,flux,flux_err,z,zerr,FWHM,FWHMerr
HI_6563,6564.61,1.6977917187759886,1.6977917187759886,3.9217245786141626,36.942827277831235,0.27000634511048505,4.870077127818641e-05,0.39133169224079223,1.0830656676293517
HI_4861,4862.683,0.0,0.0,0.0,10000000000.0,0.27000634511048505,4.870077127818641e-05,0.39133169224079223,1.0830656676293517
HI_4341,4341.684,93.39286698454657,93.39286698454657,215.7279352172791,2884.116238120951,0.27000634511048505,4.870077127818641e-05,0.39133169224079223,1.0830656676293517
HI_4102,4102.892,0.0,0.0,0.0,10000000000.0,0.27000634511048505,4.870077127818641e-05,0.39133169224079223,1.0830656676293517
OIII_4363,4364.436,0.0,0.0,0.0,10000000000.0,0.27000634511048505,4.870077127818641e-05,0.39133169224079223,1.0830656676293517
OIII_5007,5008.24,0.0,0.0,0.0,10000000000.0,0.27000634511048505,4.870077127818641e-05,0.39133169224079223,1.0830656676293517
OIII_4959,4960.295,51.33775184207434,51.33775184207434,118.5849365286142,842.0734383925877,0.27000634511048505,4.870077127818641e-05,0.39133169224079223,1.0830656676293517
OII_3726,3727.092,14.760288992421238,14.760288992421238,34.09475231199667,139.78652326991056,0.27000634511048505,4.870077127818641e-05,0.39133169224079223,1.0830656676293517
OII_3729,3729.875,0.0,0.0,0.0,10000000000.0,0.27000634511048505,4.870077127818641e-05,0.39133169224079223,1.0830656676293517
OI_6300,6302.046,0.0,0.0,0.0,10000000000.0,0.27000634511048505,4.870077127818641e-05,0.39133169224079223,1.0830656676293517
SII_6717,6718.29,1.797762262331048,1.797762262331048,4.152646271458762,14.311637328528699,0.27000634511048505,4.870077127818641e-05,0.39133169224079223,1.0830656676293517
SII_6731,6732.67,0.0,0.0,0.0,10000000000.0,0.27000634511048505,4.870077127818641e-05,0.39133169224079223,1.0830656676293517
NII_6548,6549.85,8.613220030310458,8.613220030310458,19.89565405480529,157.18555031630814,0.27000634511048505,4.870077127818641e-05,0.39133169224079223,1.0830656676293517
NII_6584,6585.28,7.782917298947382,7.782917298947382,17.977739982504012,145.89830548192154,0.27000634511048505,4.870077127818641e-05,0.39133169224079223,1.0830656676293517
NII_5755,5756.24,0.0,0.0,0.0,10000000000.0,0.27000634511048505,4.870077127818641e-05,0.39133169224079223,1.0830656676293517
HeI_5876,5877.594,0.0,0.0,0.0,10000000000.0,0.27000634511048505,4.870077127818641e-05,0.39133169224079223,1.0830656676293517
HeII_4686,4687.02,0.0,0.0,0.0,10000000000.0,0.27000634511048505,4.870077127818641e-05,0.39133169224079223,1.0830656676293517
NeIII_3869,3870.16,20.13403473445112,154.129376548511,46.507553318550755,378.5766330254029,0.27000634511048505,4.870077127818641e-05,0.39133169224079223,1.0830656676293517
