line,wl,amp,amp_err,flux,flux_err,z,zerr,FWHM,FWHMerr
HI_6563,6564.61,14.90723812635963,14.90723812635963,397.41774758783146,62.415107006463444,0.26930579903604474,3.174191335944338e-05,4.516504117797807,0.38627678522933656
HI_4861,4862.683,8.41855085348675,8.41855085348675,224.43335846566646,53.962304471874845,0.26930579903604474,3.174191335944338e-05,4.516504117797807,0.38627678522933656
HI_4341,4341.684,1.7693895093213996,1.7693895093213996,47.17082986396007,49.715512762956635,0.26930579903604474,3.174191335944338e-05,4.516504117797807,0.38627678522933656
HI_4102,4102.892,2.7610773564510964,2.7610773564510964,73.6086144606668,50.00839707155374,0.26930579903604474,3.174191335944338e-05,4.516504117797807,0.38627678522933656
OIII_4363,4364.436,0.5304516558358046,0.5304516558358046,14.141513034110321,49.52887329791307,0.26930579903604474,3.174191335944338e-05,4.516504117797807,0.38627678522933656
OIII_5007,5008.24,19.967587083272633,19.967587083272633,532.3235207040958,71.01263244408308,0.26930579903604474,3.174191335944338e-05,4.516504117797807,0.38627678522933656
OIII_4959,4960.295,7.031399439594111,7.031399439594111,187.45275979275107,52.65514643943002,0.26930579903604474,3.174191335944338e-05,4.516504117797807,0.38627678522933656
OII_3726,3727.092,16.012634937915095,16.012634937915095,426.8869428415349,70.41518296224255,0.26930579903604474,3.174191335944338e-05,4.516504117797807,0.38627678522933656
OII_3729,3729.875,10.131742849230136,10.131742849230136,270.10599737856637,66.12789854681407,0.26930579903604474,3.174191335944338e-05,4.516504117797807,0.38627678522933656
OI_6300,6302.046,0.4012143240842079,0.4012143240842079,10.69612570926698,49.520985344112624,0.26930579903604474,3.174191335944338e-05,4.516504117797807,0.38627678522933656
SII_6717,6718.29,1.5307327753706659,1.5307327753706659,40.80838895777656,49.66397792964026,0.26930579903604474,3.174191335944338e-05,4.516504117797807,0.38627678522933656
SII_6731,6732.67,4.718643936089848,4.718643936089848,125.79612862250234,50.951073775732944,0.26930579903604474,3.174191335944338e-05,4.516504117797807,0.38627678522933656
NII_6548,6549.85,0.7290859011112616,0.7290859011112616,19.436979148091183,49.54528803122255,0.26930579903604474,3.174191335944338e-05,4.516504117797807,0.38627678522933656
NII_6584,6585.28,1.7893626334489454,1.7893626334489454,47.70330099883955,49.72011202290077,0.26930579903604474,3.174191335944338e-05,4.516504117797807,0.38627678522933656
NII_5755,5756.24,0.1522557723379805,0.1522557723379805,4.059044712837245,49.51193220196047,0.26930579903604474,3.174191335944338e-05,4.516504117797807,0.38627678522933656
HeI_5876,5877.594,0.0,0.0,0.0,10000000000.0,0.26930579903604474,3.174191335944338e-05,4.516504117797807,0.38627678522933656
HeII_4686,4687.02,0.0,0.0,0.0,10000000000.0,0.26930579903604474,3.174191335944338e-05,4.516504117797807,0.38627678522933656
NeIII_3869,3870.16,0.0,10000000000.0,0.0,10000000000.0,0.26930579903604474,3.174191335944338e-05,4.516504117797807,0.38627678522933656
