line,wl,amp,amp_err,flux,flux_err,z,zerr,FWHM,FWHMerr
HI_6563,6564.61,36.778867602602304,36.778867602602304,1151.6425492820615,72.98492859366445,0.2691678550122954,1.6137207709097987e-05,5.304832682432687,0.20135957055208667
HI_4861,4862.683,17.116872112884153,17.116872112884153,535.9740394623287,58.78518386128019,0.2691678550122954,1.6137207709097987e-05,5.304832682432687,0.20135957055208667
HI_4341,4341.684,8.676104724299648,8.676104724299648,271.671533514632,55.419370859938915,0.2691678550122954,1.6137207709097987e-05,5.304832682432687,0.20135957055208667
HI_4102,4102.892,5.921713068430563,5.921713068430563,185.42432594530837,54.7751501131139,0.2691678550122954,1.6137207709097987e-05,5.304832682432687,0.20135957055208667
OIII_4363,4364.436,0.0,0.0,0.0,10000000000.0,0.2691678550122954,1.6137207709097987e-05,5.304832682432687,0.20135957055208667
OIII_5007,5008.24,40.32903328555926,40.32903328555926,1262.8075231923772,76.223738622534,0.2691678550122954,1.6137207709097987e-05,5.304832682432687,0.20135957055208667
OIII_4959,4960.295,11.890046229823724,11.890046229823724,372.3084489481916,56.46249488669871,0.2691678550122954,1.6137207709097987e-05,5.304832682432687,0.20135957055208667
OII_3726,3727.092,16.473946031186756,16.473946031186756,515.8423421048623,73.39275797921697,0.2691678550122954,1.6137207709097987e-05,5.304832682432687,0.20135957055208667
OII_3729,3729.875,29.333184927840648,29.333184927840648,918.4987486257008,76.97677052874859,0.2691678550122954,1.6137207709097987e-05,5.304832682432687,0.20135957055208667
OI_6300,6302.046,2.0739556755372632,2.0739556755372632,64.9409771687679,54.27705113211946,0.2691678550122954,1.6137207709097987e-05,5.304832682432687,0.20135957055208667
SII_6717,6718.29,5.520806918960147,5.520806918960147,172.87090573162305,54.7011901721184,0.2691678550122954,1.6137207709097987e-05,5.304832682432687,0.20135957055208667
SII_6731,6732.67,3.368615162239962,3.368615162239962,105.48015221430428,54.39154226869372,0.2691678550122954,1.6137207709097987e-05,5.304832682432687,0.20135957055208667
NII_6548,6549.85,0.0,0.0,0.0,10000000000.0,0.2691678550122954,1.6137207709097987e-05,5.304832682432687,0.20135957055208667
NII_6584,6585.28,4.756941610468516,4.756941610468516,148.95228483538895,54.57432432768282,0.2691678550122954,1.6137207709097987e-05,5.304832682432687,0.20135957055208667
NII_5755,5756.24,0.0,0.0,0.0,10000000000.0,0.2691678550122954,1.6137207709097987e-05,5.304832682432687,0.20135957055208667
HeI_5876,5877.594,0.7166063483022072,0.7166063483022072,22.438819234664802,54.21539554238873,0.2691678550122954,1.6137207709097987e-05,5.304832682432687,0.20135957055208667
HeII_4686,4687.02,0.0,0.0,0.0,10000000000.0,0.2691678550122954,1.6137207709097987e-05,5.304832682432687,0.20135957055208667
NeIII_3869,3870.16,0.8745651117695843,1.73123518036393,27.384921300845356,54.21946702596757,0.2691678550122954,1.6137207709097987e-05,5.304832682432687,0.20135957055208667
