line,wl,amp,amp_err,flux,flux_err,z,zerr,FWHM,FWHMerr
HI_6563,6564.61,87.72416572436418,87.72416572436418,2536.0524137413026,76.26267684183557,0.26924495389008823,6.862784973974151e-06,4.897690307482419,0.08503091582228677
HI_4861,4862.683,40.64208672069822,40.64208672069822,1174.9380718121056,62.55335578714044,0.26924495389008823,6.862784973974151e-06,4.897690307482419,0.08503091582228677
HI_4341,4341.684,16.0635301830971,16.0635301830971,464.3869127470683,58.94115306192146,0.26924495389008823,6.862784973974151e-06,4.897690307482419,0.08503091582228677
HI_4102,4102.892,7.9326918568382325,7.9326918568382325,229.32930926025497,58.41768556902409,0.26924495389008823,6.862784973974151e-06,4.897690307482419,0.08503091582228677
OIII_4363,4364.436,2.8882517392295313,2.8882517392295313,83.49760564016646,58.27036430506375,0.26924495389008823,6.862784973974151e-06,4.897690307482419,0.08503091582228677
OIII_5007,5008.24,109.62320634516232,109.62320634516232,3169.1403931641635,84.71595195193973,0.26924495389008823,6.862784973974151e-06,4.897690307482419,0.08503091582228677
OIII_4959,4960.295,35.61213774780481,35.61213774780481,1029.5252983947682,61.58043513675461,0.26924495389008823,6.862784973974151e-06,4.897690307482419,0.08503091582228677
OII_3726,3727.092,56.29953721348511,56.29953721348511,1627.5854670581655,78.47156970631156,0.26924495389008823,6.862784973974151e-06,4.897690307482419,0.08503091582228677
OII_3729,3729.875,68.7648496137258,68.7648496137258,1987.9500865405462,80.17253622286137,0.26924495389008823,6.862784973974151e-06,4.897690307482419,0.08503091582228677
OI_6300,6302.046,4.894884005111976,4.894884005111976,141.50812713514574,58.312529631284335,0.26924495389008823,6.862784973974151e-06,4.897690307482419,0.08503091582228677
SII_6717,6718.29,9.680573883781562,9.680573883781562,279.8595183168177,58.50057266001536,0.26924495389008823,6.862784973974151e-06,4.897690307482419,0.08503091582228677
SII_6731,6732.67,10.59926155732876,10.59926155732876,306.41822164258406,58.55069917285316,0.26924495389008823,6.862784973974151e-06,4.897690307482419,0.08503091582228677
NII_6548,6549.85,4.198837936994778,4.198837936994778,121.38585755813796,58.29545468702996,0.26924495389008823,6.862784973974151e-06,4.897690307482419,0.08503091582228677
NII_6584,6585.28,13.462830517425118,13.462830517425118,389.20226311167346,58.73568603367576,0.26924495389008823,6.862784973974151e-06,4.897690307482419,0.08503091582228677
NII_5755,5756.24,1.1236986995311327,1.1236986995311327,32.485447718226744,58.251225935959205,0.26924495389008823,6.862784973974151e-06,4.897690307482419,0.08503091582228677
HeI_5876,5877.594,4.933965264144149,4.933965264144149,142.63794262534952,58.31356886685089,0.26924495389008823,6.862784973974151e-06,4.897690307482419,0.08503091582228677
HeII_4686,4687.02,0.0,0.0,0.0,10000000000.0,0.26924495389008823,6.862784973974151e-06,4.897690307482419,0.08503091582228677
NeIII_3869,3870.16,11.934480560038764,2.017502170609474,345.018593008162,58.631547637061324,0.26924495389008823,6.862784973974151e-06,4.897690307482419,0.08503091582228677
