line,wl,amp,amp_err,flux,flux_err,z,zerr,FWHM,FWHMerr
HI_6563,6564.61,275.09798625939425,275.09798625939425,7666.635568022122,85.06044823353211,0.26922495291156884,2.4378538834121507e-06,4.721388633134309,0.030806077019505055
HI_4861,4862.683,116.34957485574114,116.34957485574114,3242.516606690778,68.31470802638964,0.26922495291156884,2.4378538834121507e-06,4.721388633134309,0.030806077019505055
HI_4341,4341.684,59.130638531349405,59.130638531349405,1647.8966737940707,65.20661947297364,0.26922495291156884,2.4378538834121507e-06,4.721388633134309,0.030806077019505055
HI_4102,4102.892,19.62672673427653,19.62672673427653,546.9722381863372,64.21302619405732,0.26922495291156884,2.4378538834121507e-06,4.721388633134309,0.030806077019505055
OIII_4363,4364.436,1.3638587393312491,1.3638587393312491,38.009031119753246,64.0895251571701,0.26922495291156884,2.4378538834121507e-06,4.721388633134309,0.030806077019505055
OIII_5007,5008.24,340.1184307142007,340.1184307142007,9478.67373988934,94.27930019180566,0.26922495291156884,2.4378538834121507e-06,4.721388633134309,0.030806077019505055
OIII_4959,4960.295,100.50760489080221,100.50760489080221,2801.0207889561566,67.267445745905,0.26922495291156884,2.4378538834121507e-06,4.721388633134309,0.030806077019505055
OII_3726,3727.092,118.86831166367074,118.86831166367074,3312.710639954081,80.6493948630967,0.26922495291156884,2.4378538834121507e-06,4.721388633134309,0.030806077019505055
OII_3729,3729.875,202.02684456296265,202.02684456296265,5630.234569442598,84.5876083889041,0.26922495291156884,2.4378538834121507e-06,4.721388633134309,0.030806077019505055
OI_6300,6302.046,8.440963517255796,8.440963517255796,235.23905794334217,64.11189614654732,0.26922495291156884,2.4378538834121507e-06,4.721388633134309,0.030806077019505055
SII_6717,6718.29,37.31563423284683,37.31563423284683,1039.9398866667566,64.53636400885148,0.26922495291156884,2.4378538834121507e-06,4.721388633134309,0.030806077019505055
SII_6731,6732.67,24.498065511541654,24.498065511541654,682.7303352974201,64.2821582688475,0.26922495291156884,2.4378538834121507e-06,4.721388633134309,0.030806077019505055
NII_6548,6549.85,12.178926248685116,12.178926248685116,339.4113872954569,64.13674166357674,0.26922495291156884,2.4378538834121507e-06,4.721388633134309,0.030806077019505055
NII_6584,6585.28,47.96630655235799,47.96630655235799,1336.7607552539926,64.82656468537475,0.26922495291156884,2.4378538834121507e-06,4.721388633134309,0.030806077019505055
NII_5755,5756.24,0.0,0.0,0.0,10000000000.0,0.26922495291156884,2.4378538834121507e-06,4.721388633134309,0.030806077019505055
HeI_5876,5877.594,11.393509129838321,11.393509129838321,317.5227980659941,64.13076688657054,0.26922495291156884,2.4378538834121507e-06,4.721388633134309,0.030806077019505055
HeII_4686,4687.02,0.0,0.0,0.0,10000000000.0,0.26922495291156884,2.4378538834121507e-06,4.721388633134309,0.030806077019505055
NeIII_3869,3870.16,25.948297967899634,2.3012281385409303,723.146493492524,64.30567706670656,0.26922495291156884,2.4378538834121507e-06,4.721388633134309,0.030806077019505055
