line,wl,amp,amp_err,flux,flux_err,z,zerr,FWHM,FWHMerr
HI_6563,6564.61,359.3981742403746,359.3981742403746,10248.667539295697,92.39353654917285,0.2692330884725028,2.092456068692391e-06,4.831076119326913,0.026918650667857313
HI_4861,4862.683,145.7810144281084,145.7810144281084,4157.119477784788,71.63099927694661,0.2692330884725028,2.092456068692391e-06,4.831076119326913,0.026918650667857313
HI_4341,4341.684,56.78935390769129,56.78935390769129,1619.4161509069452,67.54333424507999,0.2692330884725028,2.092456068692391e-06,4.831076119326913,0.026918650667857313
HI_4102,4102.892,26.71404334960448,26.71404334960448,761.7828039864119,66.95407099792446,0.2692330884725028,2.092456068692391e-06,4.831076119326913,0.026918650667857313
OIII_4363,4364.436,6.389606575380071,6.389606575380071,182.207251431862,66.79529623373298,0.2692330884725028,2.092456068692391e-06,4.831076119326913,0.026918650667857313
OIII_5007,5008.24,377.5871043242007,377.5871043242007,10767.346571871834,94.65512923089273,0.2692330884725028,2.092456068692391e-06,4.831076119326913,0.026918650667857313
OIII_4959,4960.295,128.3522634501735,128.3522634501735,3660.1178589658703,70.5706894521362,0.2692330884725028,2.092456068692391e-06,4.831076119326913,0.026918650667857313
OII_3726,3727.092,151.73177264796823,151.73177264796823,4326.812445009726,84.75999181003475,0.2692330884725028,2.092456068692391e-06,4.831076119326913,0.026918650667857313
OII_3729,3729.875,223.01172865055173,223.01172865055173,6359.445395441772,87.61434296188362,0.2692330884725028,2.092456068692391e-06,4.831076119326913,0.026918650667857313
OI_6300,6302.046,14.513268499180867,14.513268499180867,413.86315907424597,66.83539022396573,0.2692330884725028,2.092456068692391e-06,4.831076119326913,0.026918650667857313
SII_6717,6718.29,45.32603526642947,45.32603526642947,1292.5259492535356,67.2692810096498,0.2692330884725028,2.092456068692391e-06,4.831076119326913,0.026918650667857313
SII_6731,6732.67,37.375472866468044,37.375472866468044,1065.8061809635278,67.11487479925175,0.2692330884725028,2.092456068692391e-06,4.831076119326913,0.026918650667857313
NII_6548,6549.85,16.80758716613377,16.80758716613377,479.2883919555735,66.85237242427726,0.2692330884725028,2.092456068692391e-06,4.831076119326913,0.026918650667857313
NII_6584,6585.28,52.17621474023417,52.17621474023417,1487.8669861408762,67.42577413558175,0.2692330884725028,2.092456068692391e-06,4.831076119326913,0.026918650667857313
NII_5755,5756.24,0.3391820461115458,0.3391820461115458,9.672180536928241,66.78566957374451,0.2692330884725028,2.092456068692391e-06,4.831076119326913,0.026918650667857313
HeI_5876,5877.594,10.475299333176167,10.475299333176167,298.71565281944027,66.81157866985367,0.2692330884725028,2.092456068692391e-06,4.831076119326913,0.026918650667857313
HeII_4686,4687.02,2.1600499167107046e-12,2.1600499167107046e-12,6.159639934577175e-11,66.78564583721236,0.2692330884725028,2.092456068692391e-06,4.831076119326913,0.026918650667857313
NeIII_3869,3870.16,38.996459740723594,2.344544353097192,1112.0305547932514,67.14399013891105,0.2692330884725028,2.092456068692391e-06,4.831076119326913,0.026918650667857313
