line,wl,amp,amp_err,flux,flux_err,z,zerr,FWHM,FWHMerr
HI_6563,6564.61,0.0,0.0,0.0,10000000000.0,0.2701383346215691,1.3899352675153738e-05,1.002127388333336,0.19884975623760806
HI_4861,4862.683,0.0,0.0,0.0,10000000000.0,0.2701383346215691,1.3899352675153738e-05,1.002127388333336,0.19884975623760806
HI_4341,4341.684,0.5436665936599638,0.5436665936599638,3.2159051994065297,23.96039586676725,0.2701383346215691,1.3899352675153738e-05,1.002127388333336,0.19884975623760806
HI_4102,4102.892,0.0,0.0,0.0,10000000000.0,0.2701383346215691,1.3899352675153738e-05,1.002127388333336,0.19884975623760806
OIII_4363,4364.436,4.756741395386712,4.756741395386712,28.137151636769588,20.920300557197056,0.2701383346215691,1.3899352675153738e-05,1.002127388333336,0.19884975623760806
OIII_5007,5008.24,0.0,0.0,0.0,10000000000.0,0.2701383346215691,1.3899352675153738e-05,1.002127388333336,0.19884975623760806
OIII_4959,4960.295,65.93073852297721,65.93073852297721,389.99454314341597,162.10915669312502,0.2701383346215691,1.3899352675153738e-05,1.002127388333336,0.19884975623760806
OII_3726,3727.092,9.856173308718894,9.856173308718894,58.30139162382586,31.432693130256705,0.2701383346215691,1.3899352675153738e-05,1.002127388333336,0.19884975623760806
OII_3729,3729.875,0.0,0.0,0.0,10000000000.0,0.2701383346215691,1.3899352675153738e-05,1.002127388333336,0.19884975623760806
OI_6300,6302.046,0.0,0.0,0.0,10000000000.0,0.2701383346215691,1.3899352675153738e-05,1.002127388333336,0.19884975623760806
SII_6717,6718.29,0.0,0.0,0.0,10000000000.0,0.2701383346215691,1.3899352675153738e-05,1.002127388333336,0.19884975623760806
SII_6731,6732.67,3.379725063112687,3.379725063112687,19.99180293543397,27.070148393604796,0.2701383346215691,1.3899352675153738e-05,1.002127388333336,0.19884975623760806
NII_6548,6549.85,0.0,0.0,0.0,10000000000.0,0.2701383346215691,1.3899352675153738e-05,1.002127388333336,0.19884975623760806
NII_6584,6585.28,2.562674329132392,2.562674329132392,15.158771562479027,40.26786455444638,0.2701383346215691,1.3899352675153738e-05,1.002127388333336,0.19884975623760806
NII_5755,5756.24,0.0896223258421287,0.0896223258421287,0.5301353936763551,20.132501791729133,0.2701383346215691,1.3899352675153738e-05,1.002127388333336,0.19884975623760806
HeI_5876,5877.594,3.035935751880288,3.035935751880288,17.958214985786736,37.811636166975575,0.2701383346215691,1.3899352675153738e-05,1.002127388333336,0.19884975623760806
HeII_4686,4687.02,2.1600499167107046e-12,2.1600499167107046e-12,1.2777161295424919e-11,29.93889505880626,0.2701383346215691,1.3899352675153738e-05,1.002127388333336,0.19884975623760806
NeIII_3869,3870.16,0.0,10000000000.0,0.0,10000000000.0,0.2701383346215691,1.3899352675153738e-05,1.002127388333336,0.19884975623760806
