line,wl,amp,amp_err,flux,flux_err,z,zerr,FWHM,FWHMerr
HI_6563,6564.61,4.517885622340486,4.517885622340486,194.70909673897518,72.65705675559322,0.2699038217265932,8.727480693349855e-05,7.301353103519956,0.9381032929840691
HI_4861,4862.683,2.246938652405561,2.246938652405561,96.83720040949835,68.4863709516391,0.2699038217265932,8.727480693349855e-05,7.301353103519956,0.9381032929840691
HI_4341,4341.684,4.6643677352655,4.6643677352655,201.02209407450104,73.01189249624696,0.2699038217265932,8.727480693349855e-05,7.301353103519956,0.9381032929840691
HI_4102,4102.892,0.0,0.0,0.0,10000000000.0,0.2699038217265932,8.727480693349855e-05,7.301353103519956,0.9381032929840691
OIII_4363,4364.436,0.0,0.0,0.0,10000000000.0,0.2699038217265932,8.727480693349855e-05,7.301353103519956,0.9381032929840691
OIII_5007,5008.24,9.62880521097702,9.62880521097702,414.9764119822109,89.72375919634982,0.2699038217265932,8.727480693349855e-05,7.301353103519956,0.9381032929840691
OIII_4959,4960.295,5.778714795967289,5.778714795967289,249.04754840872877,76.00499295190217,0.2699038217265932,8.727480693349855e-05,7.301353103519956,0.9381032929840691
OII_3726,3727.092,11.513124984901083,11.513124984901083,496.1856837118646,118.3106960287187,0.2699038217265932,8.727480693349855e-05,7.301353103519956,0.9381032929840691
OII_3729,3729.875,0.0,0.0,0.0,10000000000.0,0.2699038217265932,8.727480693349855e-05,7.301353103519956,0.9381032929840691
OI_6300,6302.046,1.1715440263654955,1.1715440263654955,50.49049449937058,67.44985605456105,0.2699038217265932,8.727480693349855e-05,7.301353103519956,0.9381032929840691
SII_6717,6718.29,2.5945244656863906,2.5945244656863906,111.81724315527549,68.95481239466757,0.2699038217265932,8.727480693349855e-05,7.301353103519956,0.9381032929840691
SII_6731,6732.67,0.0,0.0,0.0,10000000000.0,0.2699038217265932,8.727480693349855e-05,7.301353103519956,0.9381032929840691
NII_6548,6549.85,0.0,0.0,0.0,10000000000.0,0.2699038217265932,8.727480693349855e-05,7.301353103519956,0.9381032929840691
NII_6584,6585.28,0.46003716659913607,0.46003716659913607,19.82640302621734,67.11922264265385,0.2699038217265932,8.727480693349855e-05,7.301353103519956,0.9381032929840691
NII_5755,5756.24,0.0,0.0,0.0,10000000000.0,0.2699038217265932,8.727480693349855e-05,7.301353103519956,0.9381032929840691
HeI_5876,5877.594,0.0,0.0,0.0,10000000000.0,0.2699038217265932,8.727480693349855e-05,7.301353103519956,0.9381032929840691
HeII_4686,4687.02,0.0,0.0,0.0,10000000000.0,0.2699038217265932,8.727480693349855e-05,7.301353103519956,0.9381032929840691
NeIII_3869,3870.16,0.0,10000000000.0,0.0,10000000000.0,0.2699038217265932,8.727480693349855e-05,7.301353103519956,0.9381032929840691
