line,wl,amp,amp_err,flux,flux_err,z,zerr,FWHM,FWHMerr
HI_6563,6564.61,0.0,0.0,0.0,10000000000.0,0.2698495185213311,2.5851897106259017e-05,1.6622513233036507,0.35951517768845215
HI_4861,4862.683,1.4898662851162499,1.4898662851162499,14.618123880548687,29.846393745519155,0.2698495185213311,2.5851897106259017e-05,1.6622513233036507,0.35951517768845215
HI_4341,4341.684,0.0,0.0,0.0,10000000000.0,0.2698495185213311,2.5851897106259017e-05,1.6622513233036507,0.35951517768845215
HI_4102,4102.892,0.0,0.0,0.0,10000000000.0,0.2698495185213311,2.5851897106259017e-05,1.6622513233036507,0.35951517768845215
OIII_4363,4364.436,2.1905189292345995,2.1905189292345995,21.492718769550326,30.374359780205378,0.2698495185213311,2.5851897106259017e-05,1.6622513233036507,0.35951517768845215
OIII_5007,5008.24,0.0,0.0,0.0,10000000000.0,0.2698495185213311,2.5851897106259017e-05,1.6622513233036507,0.35951517768845215
OIII_4959,4960.295,9.413654723444324,9.413654723444324,92.36397406313824,37.295210040316654,0.2698495185213311,2.5851897106259017e-05,1.6622513233036507,0.35951517768845215
OII_3726,3727.092,0.0,0.0,0.0,10000000000.0,0.2698495185213311,2.5851897106259017e-05,1.6622513233036507,0.35951517768845215
OII_3729,3729.875,1.1696094490097266,1.1696094490097266,11.475859268907755,30.91743136816186,0.2698495185213311,2.5851897106259017e-05,1.6622513233036507,0.35951517768845215
OI_6300,6302.046,5.236321521467858,5.236321521467858,51.37722589193817,33.31079893711467,0.2698495185213311,2.5851897106259017e-05,1.6622513233036507,0.35951517768845215
SII_6717,6718.29,0.0,0.0,0.0,10000000000.0,0.2698495185213311,2.5851897106259017e-05,1.6622513233036507,0.35951517768845215
SII_6731,6732.67,15.543558700547578,15.543558700547578,152.50876464491293,49.84001181680417,0.2698495185213311,2.5851897106259017e-05,1.6622513233036507,0.35951517768845215
NII_6548,6549.85,4.040775783922868,4.040775783922868,39.64688749117964,30.929888935084037,0.2698495185213311,2.5851897106259017e-05,1.6622513233036507,0.35951517768845215
NII_6584,6585.28,0.0,0.0,0.0,10000000000.0,0.2698495185213311,2.5851897106259017e-05,1.6622513233036507,0.35951517768845215
NII_5755,5756.24,1.3409721537169617,1.3409721537169617,13.15721904658793,30.78058488531501,0.2698495185213311,2.5851897106259017e-05,1.6622513233036507,0.35951517768845215
HeI_5876,5877.594,1.0042643107494769,1.0042643107494769,9.853542059450136,29.811630680151925,0.2698495185213311,2.5851897106259017e-05,1.6622513233036507,0.35951517768845215
HeII_4686,4687.02,0.0,0.0,0.0,10000000000.0,0.2698495185213311,2.5851897106259017e-05,1.6622513233036507,0.35951517768845215
NeIII_3869,3870.16,5.242301562169814,3.202640020043147,51.43590026873642,33.33444189468729,0.2698495185213311,2.5851897106259017e-05,1.6622513233036507,0.35951517768845215
