line,wl,amp,amp_err,flux,flux_err,z,zerr,FWHM,FWHMerr
HI_6563,6564.61,0.0,0.0,0.0,10000000000.0,0.2700610411526437,2.7862193991546976e-05,2.2618079011870367,0.28932153377770964
HI_4861,4862.683,5.5393627599207775,5.5393627599207775,73.95425766235353,36.059564555044446,0.2700610411526437,2.7862193991546976e-05,2.2618079011870367,0.28932153377770964
HI_4341,4341.684,0.0,0.0,0.0,10000000000.0,0.2700610411526437,2.7862193991546976e-05,2.2618079011870367,0.28932153377770964
HI_4102,4102.892,1.8020371260539605,1.8020371260539605,24.058420383940987,34.66213283992434,0.2700610411526437,2.7862193991546976e-05,2.2618079011870367,0.28932153377770964
OIII_4363,4364.436,6.0952469778129625,6.0952469778129625,81.37568977687033,36.583080530467555,0.2700610411526437,2.7862193991546976e-05,2.2618079011870367,0.28932153377770964
OIII_5007,5008.24,4.243040863237752,4.243040863237752,56.64747929891261,35.500520923634355,0.2700610411526437,2.7862193991546976e-05,2.2618079011870367,0.28932153377770964
OIII_4959,4960.295,23.185367961676093,23.185367961676093,309.54042017981016,55.65538609406964,0.2700610411526437,2.7862193991546976e-05,2.2618079011870367,0.28932153377770964
OII_3726,3727.092,0.0,0.0,0.0,10000000000.0,0.2700610411526437,2.7862193991546976e-05,2.2618079011870367,0.28932153377770964
OII_3729,3729.875,0.0,0.0,0.0,10000000000.0,0.2700610411526437,2.7862193991546976e-05,2.2618079011870367,0.28932153377770964
OI_6300,6302.046,2.045359286113353,2.045359286113353,27.306936594179238,34.83263910171468,0.2700610411526437,2.7862193991546976e-05,2.2618079011870367,0.28932153377770964
SII_6717,6718.29,0.0,0.0,0.0,10000000000.0,0.2700610411526437,2.7862193991546976e-05,2.2618079011870367,0.28932153377770964
SII_6731,6732.67,0.0,0.0,0.0,10000000000.0,0.2700610411526437,2.7862193991546976e-05,2.2618079011870367,0.28932153377770964
NII_6548,6549.85,1.7127980158916216,1.7127980158916216,22.867017612081515,34.63640854688292,0.2700610411526437,2.7862193991546976e-05,2.2618079011870367,0.28932153377770964
NII_6584,6585.28,0.0,0.0,0.0,10000000000.0,0.2700610411526437,2.7862193991546976e-05,2.2618079011870367,0.28932153377770964
NII_5755,5756.24,0.0,0.0,0.0,10000000000.0,0.2700610411526437,2.7862193991546976e-05,2.2618079011870367,0.28932153377770964
HeI_5876,5877.594,0.0,0.0,0.0,10000000000.0,0.2700610411526437,2.7862193991546976e-05,2.2618079011870367,0.28932153377770964
HeII_4686,4687.02,0.0,0.0,0.0,10000000000.0,0.2700610411526437,2.7862193991546976e-05,2.2618079011870367,0.28932153377770964
NeIII_3869,3870.16,0.6981247852335173,2.5958540602992843,9.32044036205586,34.676917247144566,0.2700610411526437,2.7862193991546976e-05,2.2618079011870367,0.28932153377770964
