line,wl,amp,amp_err,flux,flux_err,z,zerr,FWHM,FWHMerr
HI_6563,6564.61,1.6776502040460173,1.6776502040460173,6.043273281861628,18.051031794680867,0.2700069827596629,9.946325753956993e-06,0.6102716025743382,0.4863322590321511
HI_4861,4862.683,7.111817531816314,7.111817531816314,25.6183659572468,79.60953948325499,0.2700069827596629,9.946325753956993e-06,0.6102716025743382,0.4863322590321511
HI_4341,4341.684,11.990171238211815,11.990171238211815,43.19129298472262,90.84840106576148,0.2700069827596629,9.946325753956993e-06,0.6102716025743382,0.4863322590321511
HI_4102,4102.892,5.749870229714929,5.749870229714929,20.712325519113215,51.78504772668587,0.2700069827596629,9.946325753956993e-06,0.6102716025743382,0.4863322590321511
OIII_4363,4364.436,44.864464240483585,44.864464240483585,161.61188869745698,576.3232168062264,0.2700069827596629,9.946325753956993e-06,0.6102716025743382,0.4863322590321511
OIII_5007,5008.24,17.9019505733944,17.9019505733944,64.48685150962157,305.79009294401527,0.2700069827596629,9.946325753956993e-06,0.6102716025743382,0.4863322590321511
OIII_4959,4960.295,32.0145960776465,32.0145960776465,115.32377407342197,117.98162728598844,0.2700069827596629,9.946325753956993e-06,0.6102716025743382,0.4863322590321511
OII_3726,3727.092,4.529371130790082,4.529371130790082,16.31581331574665,19.23772881400615,0.2700069827596629,9.946325753956993e-06,0.6102716025743382,0.4863322590321511
OII_3729,3729.875,1.913340653495652,1.913340653495652,6.892283279603605,32.78168498787179,0.2700069827596629,9.946325753956993e-06,0.6102716025743382,0.4863322590321511
OI_6300,6302.046,1.9198428172525155,1.9198428172525155,6.915705535572922,12.992280864150464,0.2700069827596629,9.946325753956993e-06,0.6102716025743382,0.4863322590321511
SII_6717,6718.29,0.0,0.0,0.0,10000000000.0,0.2700069827596629,9.946325753956993e-06,0.6102716025743382,0.4863322590321511
SII_6731,6732.67,0.0,0.0,0.0,10000000000.0,0.2700069827596629,9.946325753956993e-06,0.6102716025743382,0.4863322590321511
NII_6548,6549.85,1.6235299325155665,1.6235299325155665,5.848319893987156,17.69515667326252,0.2700069827596629,9.946325753956993e-06,0.6102716025743382,0.4863322590321511
NII_6584,6585.28,3.158604329577429,3.158604329577429,11.378003058606698,20.664440797100436,0.2700069827596629,9.946325753956993e-06,0.6102716025743382,0.4863322590321511
NII_5755,5756.24,0.0,0.0,0.0,10000000000.0,0.2700069827596629,9.946325753956993e-06,0.6102716025743382,0.4863322590321511
HeI_5876,5877.594,0.0,0.0,0.0,10000000000.0,0.2700069827596629,9.946325753956993e-06,0.6102716025743382,0.4863322590321511
HeII_4686,4687.02,0.0,0.0,0.0,10000000000.0,0.2700069827596629,9.946325753956993e-06,0.6102716025743382,0.4863322590321511
NeIII_3869,3870.16,3.5399726428297527,7.231534531682004,12.751777479798966,27.96156823609836,0.2700069827596629,9.946325753956993e-06,0.6102716025743382,0.4863322590321511
