line,wl,amp,amp_err,flux,flux_err,z,zerr,FWHM,FWHMerr
HI_6563,6564.61,4.798081067906537,4.798081067906537,283.21433294595766,81.19490258516429,0.26955971125297246,0.00013874232427517528,9.999999740139248,0.9596082967198887
HI_4861,4862.683,1.821374418752157,1.821374418752157,107.50950927071156,73.471477328222,0.26955971125297246,0.00013874232427517528,9.999999740139248,0.9596082967198887
HI_4341,4341.684,0.0,0.0,0.0,10000000000.0,0.26955971125297246,0.00013874232427517528,9.999999740139248,0.9596082967198887
HI_4102,4102.892,0.0,0.0,0.0,10000000000.0,0.26955971125297246,0.00013874232427517528,9.999999740139248,0.9596082967198887
OIII_4363,4364.436,1.074689135657536,1.074689135657536,63.43522803634416,72.57133084166934,0.26955971125297246,0.00013874232427517528,9.999999740139248,0.9596082967198887
OIII_5007,5008.24,4.70913027732081,4.70913027732081,277.96387167525137,80.89655377270707,0.26955971125297246,0.00013874232427517528,9.999999740139248,0.9596082967198887
OIII_4959,4960.295,1.768671166751119,1.768671166751119,104.39861636408769,73.39243926537998,0.26955971125297246,0.00013874232427517528,9.999999740139248,0.9596082967198887
OII_3726,3727.092,4.319943632996001,4.319943632996001,254.99151370464747,136.9148558185932,0.26955971125297246,0.00013874232427517528,9.999999740139248,0.9596082967198887
OII_3729,3729.875,0.0,0.0,0.0,10000000000.0,0.26955971125297246,0.00013874232427517528,9.999999740139248,0.9596082967198887
OI_6300,6302.046,3.1964767040767583,3.1964767040767583,188.67709917985627,76.27272624835247,0.26955971125297246,0.00013874232427517528,9.999999740139248,0.9596082967198887
SII_6717,6718.29,1.2535031274099993,1.2535031274099993,73.9900070571317,72.71741573318849,0.26955971125297246,0.00013874232427517528,9.999999740139248,0.9596082967198887
SII_6731,6732.67,0.0,0.0,0.0,10000000000.0,0.26955971125297246,0.00013874232427517528,9.999999740139248,0.9596082967198887
NII_6548,6549.85,0.0,0.0,0.0,10000000000.0,0.26955971125297246,0.00013874232427517528,9.999999740139248,0.9596082967198887
NII_6584,6585.28,0.0,0.0,0.0,10000000000.0,0.26955971125297246,0.00013874232427517528,9.999999740139248,0.9596082967198887
NII_5755,5756.24,0.0,0.0,0.0,10000000000.0,0.26955971125297246,0.00013874232427517528,9.999999740139248,0.9596082967198887
HeI_5876,5877.594,1.762634680113365,1.762634680113365,104.0423031813272,73.38455458100559,0.26955971125297246,0.00013874232427517528,9.999999740139248,0.9596082967198887
HeII_4686,4687.02,0.0,0.0,0.0,10000000000.0,0.26955971125297246,0.00013874232427517528,9.999999740139248,0.9596082967198887
NeIII_3869,3870.16,1.2125924108370327,1.2262001496083423,71.57518722800172,72.70356737568707,0.26955971125297246,0.00013874232427517528,9.999999740139248,0.9596082967198887
