line,wl,amp,amp_err,flux,flux_err,z,zerr,FWHM,FWHMerr
HI_6563,6564.61,7.496434150570394,7.496434150570394,384.68658184720783,88.13091321259473,0.269767359248066,9.3407415551368e-05,8.69369999622997,1.0321119700205685
HI_4861,4862.683,2.2475562187676132,2.2475562187676132,115.33546509460926,73.46719220564869,0.269767359248066,9.3407415551368e-05,8.69369999622997,1.0321119700205685
HI_4341,4341.684,0.0,0.0,0.0,10000000000.0,0.269767359248066,9.3407415551368e-05,8.69369999622997,1.0321119700205685
HI_4102,4102.892,2.0284176124313262,2.0284176124313262,104.09016103016243,73.17063933010964,0.269767359248066,9.3407415551368e-05,8.69369999622997,1.0321119700205685
OIII_4363,4364.436,0.0,0.0,0.0,10000000000.0,0.269767359248066,9.3407415551368e-05,8.69369999622997,1.0321119700205685
OIII_5007,5008.24,7.068158540919967,7.068158540919967,362.7092154012669,86.48555712888526,0.269767359248066,9.3407415551368e-05,8.69369999622997,1.0321119700205685
OIII_4959,4960.295,6.772706233363692,6.772706233363692,347.5478018531941,85.38137896931683,0.269767359248066,9.3407415551368e-05,8.69369999622997,1.0321119700205685
OII_3726,3727.092,11.589766855472362,11.589766855472362,594.7398064849925,142.24519561698406,0.269767359248066,9.3407415551368e-05,8.69369999622997,1.0321119700205685
OII_3729,3729.875,0.0,0.0,0.0,10000000000.0,0.269767359248066,9.3407415551368e-05,8.69369999622997,1.0321119700205685
OI_6300,6302.046,0.0,0.0,0.0,10000000000.0,0.269767359248066,9.3407415551368e-05,8.69369999622997,1.0321119700205685
SII_6717,6718.29,1.0172441682408362,1.0172441682408362,52.20084297743057,72.1843194589898,0.269767359248066,9.3407415551368e-05,8.69369999622997,1.0321119700205685
SII_6731,6732.67,0.0,0.0,0.0,10000000000.0,0.269767359248066,9.3407415551368e-05,8.69369999622997,1.0321119700205685
NII_6548,6549.85,0.0,0.0,0.0,10000000000.0,0.269767359248066,9.3407415551368e-05,8.69369999622997,1.0321119700205685
NII_6584,6585.28,2.270444935836963,2.270444935836963,116.51002117759785,73.49983970923059,0.269767359248066,9.3407415551368e-05,8.69369999622997,1.0321119700205685
NII_5755,5756.24,0.13983477557337665,0.13983477557337665,7.175753265917861,71.8614978981041,0.269767359248066,9.3407415551368e-05,8.69369999622997,1.0321119700205685
HeI_5876,5877.594,0.0,0.0,0.0,10000000000.0,0.269767359248066,9.3407415551368e-05,8.69369999622997,1.0321119700205685
HeII_4686,4687.02,0.0,0.0,0.0,10000000000.0,0.269767359248066,9.3407415551368e-05,8.69369999622997,1.0321119700205685
NeIII_3869,3870.16,1.979496965988119,1.4051539437098568,101.57975196313139,73.10828922609106,0.269767359248066,9.3407415551368e-05,8.69369999622997,1.0321119700205685
