line,wl,amp,amp_err,flux,flux_err,z,zerr,FWHM,FWHMerr
HI_6563,6564.61,7.521524180124857,7.521524180124857,337.4338444362655,80.07779789186439,0.2698710456949234,6.57308349368091e-05,7.6003768372253315,0.7163041207766401
HI_4861,4862.683,4.291981774125361,4.291981774125361,192.54872757312106,74.5622810914281,0.2698710456949234,6.57308349368091e-05,7.6003768372253315,0.7163041207766401
HI_4341,4341.684,0.4551375089911289,0.4551375089911289,20.418574178335298,71.78026493963486,0.2698710456949234,6.57308349368091e-05,7.6003768372253315,0.7163041207766401
HI_4102,4102.892,1.65755495404062,1.65755495404062,74.36194142461949,72.17469406350273,0.2698710456949234,6.57308349368091e-05,7.6003768372253315,0.7163041207766401
OIII_4363,4364.436,1.305224003468311,1.305224003468311,58.55551917317569,72.01288868289294,0.2698710456949234,6.57308349368091e-05,7.6003768372253315,0.7163041207766401
OIII_5007,5008.24,6.216280325287016,6.216280325287016,278.8774346824339,77.53413753682236,0.2698710456949234,6.57308349368091e-05,7.6003768372253315,0.7163041207766401
OIII_4959,4960.295,15.805414147071701,15.805414147071701,709.0692698491345,103.59701936980028,0.2698710456949234,6.57308349368091e-05,7.6003768372253315,0.7163041207766401
OII_3726,3727.092,15.90539424306587,15.90539424306587,713.5546198062038,128.50835311123768,0.2698710456949234,6.57308349368091e-05,7.6003768372253315,0.7163041207766401
OII_3729,3729.875,0.0,0.0,0.0,10000000000.0,0.2698710456949234,6.57308349368091e-05,7.6003768372253315,0.7163041207766401
OI_6300,6302.046,1.8890520357324476,1.8890520357324476,84.7474628136836,72.3018154664736,0.2698710456949234,6.57308349368091e-05,7.6003768372253315,0.7163041207766401
SII_6717,6718.29,0.7216916356487673,0.7216916356487673,32.37683975781856,71.82865449750186,0.2698710456949234,6.57308349368091e-05,7.6003768372253315,0.7163041207766401
SII_6731,6732.67,0.0,0.0,0.0,10000000000.0,0.2698710456949234,6.57308349368091e-05,7.6003768372253315,0.7163041207766401
NII_6548,6549.85,0.9774713948874023,0.9774713948874023,43.851741044041944,71.89829514584451,0.2698710456949234,6.57308349368091e-05,7.6003768372253315,0.7163041207766401
NII_6584,6585.28,3.2982997460262595,3.2982997460262595,147.96973814771727,73.42327309896157,0.2698710456949234,6.57308349368091e-05,7.6003768372253315,0.7163041207766401
NII_5755,5756.24,0.0,0.0,0.0,10000000000.0,0.2698710456949234,6.57308349368091e-05,7.6003768372253315,0.7163041207766401
HeI_5876,5877.594,0.0,0.0,0.0,10000000000.0,0.2698710456949234,6.57308349368091e-05,7.6003768372253315,0.7163041207766401
HeII_4686,4687.02,0.0,0.0,0.0,10000000000.0,0.2698710456949234,6.57308349368091e-05,7.6003768372253315,0.7163041207766401
NeIII_3869,3870.16,0.0,10000000000.0,0.0,10000000000.0,0.2698710456949234,6.57308349368091e-05,7.6003768372253315,0.7163041207766401
