line,wl,amp,amp_err,flux,flux_err,z,zerr,FWHM,FWHMerr
HI_6563,6564.61,150.87980351721785,150.87980351721785,3330.84546529739,71.39178614963257,0.26967682843648977,3.872688431502706e-06,3.7400354269908,0.050790320956316914
HI_4861,4862.683,46.09401797886585,46.09401797886585,1017.5785438686707,52.70621901438984,0.26967682843648977,3.872688431502706e-06,3.7400354269908,0.050790320956316914
HI_4341,4341.684,23.094194584298748,23.094194584298748,509.8309482954015,50.98203034215062,0.26967682843648977,3.872688431502706e-06,3.7400354269908,0.050790320956316914
HI_4102,4102.892,9.48659838408821,9.48659838408821,209.42758720607608,50.49114985675289,0.26967682843648977,3.872688431502706e-06,3.7400354269908,0.050790320956316914
OIII_4363,4364.436,1.4153473049573222,1.4153473049573222,31.245422134977794,50.393152524510704,0.26967682843648977,3.872688431502706e-06,3.7400354269908,0.050790320956316914
OIII_5007,5008.24,154.62990145989647,154.62990145989647,3413.633197224459,72.28738018268602,0.26967682843648977,3.872688431502706e-06,3.7400354269908,0.050790320956316914
OIII_4959,4960.295,46.35382724153578,46.35382724153578,1023.3141326236473,52.73181033211481,0.26967682843648977,3.872688431502706e-06,3.7400354269908,0.050790320956316914
OII_3726,3727.092,52.811702315457296,52.811702315457296,1165.8791638869195,57.21144819044684,0.26967682843648977,3.872688431502706e-06,3.7400354269908,0.050790320956316914
OII_3729,3729.875,71.50920570226117,71.50920570226117,1578.6480893263754,58.89122676252888,0.26967682843648977,3.872688431502706e-06,3.7400354269908,0.050790320956316914
OI_6300,6302.046,0.2130722850777147,0.2130722850777147,4.703816136999868,50.39097710638129,0.26967682843648977,3.872688431502706e-06,3.7400354269908,0.050790320956316914
SII_6717,6718.29,15.718941213668586,15.718941213668586,347.0137343786336,50.66563303750752,0.26967682843648977,3.872688431502706e-06,3.7400354269908,0.050790320956316914
SII_6731,6732.67,13.89617349579271,13.89617349579271,306.77403730953915,50.6057547575842,0.26967682843648977,3.872688431502706e-06,3.7400354269908,0.050790320956316914
NII_6548,6549.85,0.608737748282806,0.608737748282806,13.438587015337312,50.391362229296995,0.26967682843648977,3.872688431502706e-06,3.7400354269908,0.050790320956316914
NII_6584,6585.28,7.3811987365518235,7.3811987365518235,162.94846471812141,50.451625134807315,0.26967682843648977,3.872688431502706e-06,3.7400354269908,0.050790320956316914
NII_5755,5756.24,1.1159791418839404,1.1159791418839404,24.63652508459429,50.39232935315449,0.26967682843648977,3.872688431502706e-06,3.7400354269908,0.050790320956316914
HeI_5876,5877.594,3.9341543263834637,3.9341543263834637,86.85098861703568,50.4081725859229,0.26967682843648977,3.872688431502706e-06,3.7400354269908,0.050790320956316914
HeII_4686,4687.02,2.1600499167107046e-12,2.1600499167107046e-12,4.768559013314736e-11,50.39092170053908,0.26967682843648977,3.872688431502706e-06,3.7400354269908,0.050790320956316914
NeIII_3869,3870.16,8.673664168720734,2.2833549762821,191.4811279602377,50.47471793104851,0.26967682843648977,3.872688431502706e-06,3.7400354269908,0.050790320956316914
