line,wl,amp,amp_err,flux,flux_err,z,zerr,FWHM,FWHMerr
HI_6563,6564.61,175.36464486255227,175.36464486255227,3398.003870828919,74.82190572984264,0.26940584703608833,3.566484745395019e-06,3.2827224935519306,0.04636919473037448
HI_4861,4862.683,52.822726902640625,52.822726902640625,1023.5348785588697,54.587358538945296,0.26940584703608833,3.566484745395019e-06,3.2827224935519306,0.04636919473037448
HI_4341,4341.684,21.087795654408865,21.087795654408865,408.61378482015925,52.53686132214268,0.26940584703608833,3.566484745395019e-06,3.2827224935519306,0.04636919473037448
HI_4102,4102.892,6.885435425892069,6.885435425892069,133.41763528139762,52.18171570780062,0.26940584703608833,3.566484745395019e-06,3.2827224935519306,0.04636919473037448
OIII_4363,4364.436,5.684085232225357,5.684085232225357,110.1393250410404,52.16819566737949,0.26940584703608833,3.566484745395019e-06,3.2827224935519306,0.04636919473037448
OIII_5007,5008.24,158.29219448100957,158.29219448100957,3067.1945875410265,71.16584368007418,0.26940584703608833,3.566484745395019e-06,3.2827224935519306,0.04636919473037448
OIII_4959,4960.295,57.5758407089736,57.5758407089736,1115.6349659229377,55.03586451585265,0.26940584703608833,3.566484745395019e-06,3.2827224935519306,0.04636919473037448
OII_3726,3727.092,65.22982033887934,65.22982033887934,1263.9445207368524,58.5585497390659,0.26940584703608833,3.566484745395019e-06,3.2827224935519306,0.04636919473037448
OII_3729,3729.875,88.65983441500362,88.65983441500362,1717.9429797001594,60.90381890721201,0.26940584703608833,3.566484745395019e-06,3.2827224935519306,0.04636919473037448
OI_6300,6302.046,2.449249776980764,2.449249776980764,47.45859822161178,52.144227161167386,0.26940584703608833,3.566484745395019e-06,3.2827224935519306,0.04636919473037448
SII_6717,6718.29,15.973393781302661,15.973393781302661,309.51309451048644,52.36773689599706,0.26940584703608833,3.566484745395019e-06,3.2827224935519306,0.04636919473037448
SII_6731,6732.67,15.871097410956395,15.871097410956395,307.5309192397481,52.36492143254891,0.26940584703608833,3.566484745395019e-06,3.2827224935519306,0.04636919473037448
NII_6548,6549.85,4.348727983237836,4.348727983237836,84.26438825115608,52.15617223322052,0.26940584703608833,3.566484745395019e-06,3.2827224935519306,0.04636919473037448
NII_6584,6585.28,11.035997222712922,11.035997222712922,213.84219898274154,52.24848190716409,0.26940584703608833,3.566484745395019e-06,3.2827224935519306,0.04636919473037448
NII_5755,5756.24,0.0,0.0,0.0,10000000000.0,0.26940584703608833,3.566484745395019e-06,3.2827224935519306,0.04636919473037448
HeI_5876,5877.594,5.056419122260081,5.056419122260081,97.97717073153407,52.161787583470065,0.26940584703608833,3.566484745395019e-06,3.2827224935519306,0.04636919473037448
HeII_4686,4687.02,0.0,0.0,0.0,10000000000.0,0.26940584703608833,3.566484745395019e-06,3.2827224935519306,0.04636919473037448
NeIII_3869,3870.16,9.099145705376372,2.69157765761268,176.31223415836737,52.213562427278035,0.26940584703608833,3.566484745395019e-06,3.2827224935519306,0.04636919473037448
