line,wl,amp,amp_err,flux,flux_err,z,zerr,FWHM,FWHMerr
HI_6563,6564.61,1.4668228239826249,1.4668228239826249,11.730998836246007,28.767214593630158,0.27017355655861164,8.278980955500992e-06,1.3549075863915971,0.4001346285790349
HI_4861,4862.683,2.653634404577815,2.653634404577815,21.222591851552387,29.216237920027805,0.27017355655861164,8.278980955500992e-06,1.3549075863915971,0.4001346285790349
HI_4341,4341.684,0.0,0.0,0.0,10000000000.0,0.27017355655861164,8.278980955500992e-06,1.3549075863915971,0.4001346285790349
HI_4102,4102.892,0.0,0.0,0.0,10000000000.0,0.27017355655861164,8.278980955500992e-06,1.3549075863915971,0.4001346285790349
OIII_4363,4364.436,10.002320232170518,10.002320232170518,79.99412409248286,33.95768556446921,0.27017355655861164,8.278980955500992e-06,1.3549075863915971,0.4001346285790349
OIII_5007,5008.24,0.0,0.0,0.0,10000000000.0,0.27017355655861164,8.278980955500992e-06,1.3549075863915971,0.4001346285790349
OIII_4959,4960.295,52.30703065183866,52.30703065183866,418.3284481749188,193.78718403220205,0.27017355655861164,8.278980955500992e-06,1.3549075863915971,0.4001346285790349
OII_3726,3727.092,13.694914592858595,13.694914592858595,109.52585719597153,54.24979264420399,0.27017355655861164,8.278980955500992e-06,1.3549075863915971,0.4001346285790349
OII_3729,3729.875,0.0,0.0,0.0,10000000000.0,0.27017355655861164,8.278980955500992e-06,1.3549075863915971,0.4001346285790349
OI_6300,6302.046,0.0,0.0,0.0,10000000000.0,0.27017355655861164,8.278980955500992e-06,1.3549075863915971,0.4001346285790349
SII_6717,6718.29,0.0,0.0,0.0,10000000000.0,0.27017355655861164,8.278980955500992e-06,1.3549075863915971,0.4001346285790349
SII_6731,6732.67,0.0,0.0,0.0,10000000000.0,0.27017355655861164,8.278980955500992e-06,1.3549075863915971,0.4001346285790349
NII_6548,6549.85,0.0,0.0,0.0,10000000000.0,0.27017355655861164,8.278980955500992e-06,1.3549075863915971,0.4001346285790349
NII_6584,6585.28,1.0353144964172998,1.0353144964172998,8.279986481014719,28.531139204808383,0.27017355655861164,8.278980955500992e-06,1.3549075863915971,0.4001346285790349
NII_5755,5756.24,0.8520224666715421,0.8520224666715421,6.814098063896577,27.80448999110441,0.27017355655861164,8.278980955500992e-06,1.3549075863915971,0.4001346285790349
HeI_5876,5877.594,0.0,0.0,0.0,10000000000.0,0.27017355655861164,8.278980955500992e-06,1.3549075863915971,0.4001346285790349
HeII_4686,4687.02,0.0,0.0,0.0,10000000000.0,0.27017355655861164,8.278980955500992e-06,1.3549075863915971,0.4001346285790349
NeIII_3869,3870.16,0.0,10000000000.0,0.0,10000000000.0,0.27017355655861164,8.278980955500992e-06,1.3549075863915971,0.4001346285790349
