line,wl,amp,amp_err,flux,flux_err,z,zerr,FWHM,FWHMerr
HI_6563,6564.61,0.0,0.0,0.0,10000000000.0,0.27025917199850713,4.7101430401009295e-05,3.1698328515275387,0.533781496093546
HI_4861,4862.683,0.0,0.0,0.0,10000000000.0,0.27025917199850713,4.7101430401009295e-05,3.1698328515275387,0.533781496093546
HI_4341,4341.684,0.04218986350258547,0.04218986350258547,0.7893909453400628,38.20572828637955,0.27025917199850713,4.7101430401009295e-05,3.1698328515275387,0.533781496093546
HI_4102,4102.892,5.271310051847308,5.271310051847308,98.62853490278111,42.48071282890368,0.27025917199850713,4.7101430401009295e-05,3.1698328515275387,0.533781496093546
OIII_4363,4364.436,0.0,0.0,0.0,10000000000.0,0.27025917199850713,4.7101430401009295e-05,3.1698328515275387,0.533781496093546
OIII_5007,5008.24,7.33933756643944,7.33933756643944,137.32224138118917,46.12808029723191,0.27025917199850713,4.7101430401009295e-05,3.1698328515275387,0.533781496093546
OIII_4959,4960.295,0.0,0.0,0.0,10000000000.0,0.27025917199850713,4.7101430401009295e-05,3.1698328515275387,0.533781496093546
OII_3726,3727.092,6.656635140918297,6.656635140918297,124.54857803347385,46.26338702416943,0.27025917199850713,4.7101430401009295e-05,3.1698328515275387,0.533781496093546
OII_3729,3729.875,4.239731581563774,4.239731581563774,79.3272469571666,43.18451912951831,0.27025917199850713,4.7101430401009295e-05,3.1698328515275387,0.533781496093546
OI_6300,6302.046,0.0,0.0,0.0,10000000000.0,0.27025917199850713,4.7101430401009295e-05,3.1698328515275387,0.533781496093546
SII_6717,6718.29,0.7629404771338386,0.7629404771338386,14.274952665963756,38.3001227230938,0.27025917199850713,4.7101430401009295e-05,3.1698328515275387,0.533781496093546
SII_6731,6732.67,0.27766193555385144,0.27766193555385144,5.195177220195899,38.21773749581594,0.27025917199850713,4.7101430401009295e-05,3.1698328515275387,0.533781496093546
NII_6548,6549.85,0.0,0.0,0.0,10000000000.0,0.27025917199850713,4.7101430401009295e-05,3.1698328515275387,0.533781496093546
NII_6584,6585.28,2.4083570629558153,2.4083570629558153,45.06142236100392,39.135628180922865,0.27025917199850713,4.7101430401009295e-05,3.1698328515275387,0.533781496093546
NII_5755,5756.24,0.0,0.0,0.0,10000000000.0,0.27025917199850713,4.7101430401009295e-05,3.1698328515275387,0.533781496093546
HeI_5876,5877.594,0.0,0.0,0.0,10000000000.0,0.27025917199850713,4.7101430401009295e-05,3.1698328515275387,0.533781496093546
HeII_4686,4687.02,0.0,0.0,0.0,10000000000.0,0.27025917199850713,4.7101430401009295e-05,3.1698328515275387,0.533781496093546
NeIII_3869,3870.16,0.0,10000000000.0,0.0,10000000000.0,0.27025917199850713,4.7101430401009295e-05,3.1698328515275387,0.533781496093546
