line,wl,amp,amp_err,flux,flux_err,z,zerr,FWHM,FWHMerr
HI_6563,6564.61,109.05228383238818,109.05228383238818,3608.695667100396,88.06282171516271,0.2694904457782332,6.6198882890838725e-06,5.606190288120828,0.08274978816443089
HI_4861,4862.683,42.654109960207734,42.654109960207734,1411.4853571889162,68.92716677597471,0.2694904457782332,6.6198882890838725e-06,5.606190288120828,0.08274978816443089
HI_4341,4341.684,20.703406202363453,20.703406202363453,685.1052507210229,65.84980878489833,0.2694904457782332,6.6198882890838725e-06,5.606190288120828,0.08274978816443089
HI_4102,4102.892,8.876915842389735,8.876915842389735,293.74981075025113,65.05280868414891,0.2694904457782332,6.6198882890838725e-06,5.606190288120828,0.08274978816443089
OIII_4363,4364.436,0.0,0.0,0.0,10000000000.0,0.2694904457782332,6.6198882890838725e-06,5.606190288120828,0.08274978816443089
OIII_5007,5008.24,113.39402492620798,113.39402492620798,3752.3700746627424,89.683207695569,0.2694904457782332,6.6198882890838725e-06,5.606190288120828,0.08274978816443089
OIII_4959,4960.295,46.13438403500163,46.13438403500163,1526.6525919561766,69.59250503296948,0.2694904457782332,6.6198882890838725e-06,5.606190288120828,0.08274978816443089
OII_3726,3727.092,64.6436343384546,64.6436343384546,2139.1500933749385,92.02065384116717,0.2694904457782332,6.6198882890838725e-06,5.606190288120828,0.08274978816443089
OII_3729,3729.875,72.4473799989787,72.4473799989787,2397.387171615046,92.86602273314942,0.2694904457782332,6.6198882890838725e-06,5.606190288120828,0.08274978816443089
OI_6300,6302.046,6.52422834921731,6.52422834921731,215.89602480201881,64.96967344650473,0.2694904457782332,6.6198882890838725e-06,5.606190288120828,0.08274978816443089
SII_6717,6718.29,21.75432453932183,21.75432453932183,719.8816379343982,65.95075327649026,0.2694904457782332,6.6198882890838725e-06,5.606190288120828,0.08274978816443089
SII_6731,6732.67,17.337238180379813,17.337238180379813,573.7139480470252,65.55918129321249,0.2694904457782332,6.6198882890838725e-06,5.606190288120828,0.08274978816443089
NII_6548,6549.85,0.0,0.0,0.0,10000000000.0,0.2694904457782332,6.6198882890838725e-06,5.606190288120828,0.08274978816443089
NII_6584,6585.28,9.708534648546106,9.708534648546106,321.26926359424914,65.0881977965807,0.2694904457782332,6.6198882890838725e-06,5.606190288120828,0.08274978816443089
NII_5755,5756.24,0.0,0.0,0.0,10000000000.0,0.2694904457782332,6.6198882890838725e-06,5.606190288120828,0.08274978816443089
HeI_5876,5877.594,4.020715173008625,4.020715173008625,133.05120180501675,64.90904931697588,0.2694904457782332,6.6198882890838725e-06,5.606190288120828,0.08274978816443089
HeII_4686,4687.02,0.0,0.0,0.0,10000000000.0,0.2694904457782332,6.6198882890838725e-06,5.606190288120828,0.08274978816443089
NeIII_3869,3870.16,12.091496331375652,1.9624142336683272,400.12486567325175,65.20710111350559,0.2694904457782332,6.6198882890838725e-06,5.606190288120828,0.08274978816443089
