line,wl,amp,amp_err,flux,flux_err,z,zerr,FWHM,FWHMerr
HI_6563,6564.61,14.035766578999414,14.035766578999414,571.8349783084705,77.88597021855632,0.2692237773259193,4.498308073340325e-05,6.902190183421536,0.5383247718743106
HI_4861,4862.683,2.65390161968935,2.65390161968935,108.12332668730237,60.57046485452594,0.2692237773259193,4.498308073340325e-05,6.902190183421536,0.5383247718743106
HI_4341,4341.684,3.4976250057923153,3.4976250057923153,142.49769031575,61.10880928804465,0.2692237773259193,4.498308073340325e-05,6.902190183421536,0.5383247718743106
HI_4102,4102.892,2.8827903121331246,2.8827903121331246,117.44854307231087,60.70235336243742,0.2692237773259193,4.498308073340325e-05,6.902190183421536,0.5383247718743106
OIII_4363,4364.436,0.0,0.0,0.0,10000000000.0,0.2692237773259193,4.498308073340325e-05,6.902190183421536,0.5383247718743106
OIII_5007,5008.24,15.39301650565676,15.39301650565676,627.1310661994252,81.0578405398069,0.2692237773259193,4.498308073340325e-05,6.902190183421536,0.5383247718743106
OIII_4959,4960.295,7.106501967206327,7.106501967206327,289.52792677150876,64.94058796879969,0.2692237773259193,4.498308073340325e-05,6.902190183421536,0.5383247718743106
OII_3726,3727.092,1.6821419211236162,1.6821419211236162,68.53260087815343,92.51451493681122,0.2692237773259193,4.498308073340325e-05,6.902190183421536,0.5383247718743106
OII_3729,3729.875,14.60390516974826,14.60390516974826,594.9816669405801,98.29761873012453,0.2692237773259193,4.498308073340325e-05,6.902190183421536,0.5383247718743106
OI_6300,6302.046,2.5728156153862756,2.5728156153862756,104.81977976303638,60.52629363858081,0.2692237773259193,4.498308073340325e-05,6.902190183421536,0.5383247718743106
SII_6717,6718.29,2.582048321189518,2.582048321189518,105.19593193776866,60.53137593308647,0.2692237773259193,4.498308073340325e-05,6.902190183421536,0.5383247718743106
SII_6731,6732.67,0.8983047943687552,0.8983047943687552,36.59807960691177,59.91733482039482,0.2692237773259193,4.498308073340325e-05,6.902190183421536,0.5383247718743106
NII_6548,6549.85,0.0,0.0,0.0,10000000000.0,0.2692237773259193,4.498308073340325e-05,6.902190183421536,0.5383247718743106
NII_6584,6585.28,3.390078906653912,3.390078906653912,138.1161254812375,61.03226666193648,0.2692237773259193,4.498308073340325e-05,6.902190183421536,0.5383247718743106
NII_5755,5756.24,0.8235562345897733,0.8235562345897733,33.55272823125141,59.90366538715099,0.2692237773259193,4.498308073340325e-05,6.902190183421536,0.5383247718743106
HeI_5876,5877.594,0.45277216574652357,0.45277216574652357,18.44651377757522,59.85379071288453,0.2692237773259193,4.498308073340325e-05,6.902190183421536,0.5383247718743106
HeII_4686,4687.02,0.0,0.0,0.0,10000000000.0,0.2692237773259193,4.498308073340325e-05,6.902190183421536,0.5383247718743106
NeIII_3869,3870.16,2.9428294860551887,1.4730658385005637,119.89461536370612,60.73870336357026,0.2692237773259193,4.498308073340325e-05,6.902190183421536,0.5383247718743106
