line,wl,amp,amp_err,flux,flux_err,z,zerr,FWHM,FWHMerr
HI_6563,6564.61,0.0,0.0,0.0,10000000000.0,0.2701444698122794,1.7399279980520868e-05,1.4376191112317933,0.36271254560831795
HI_4861,4862.683,0.0,0.0,0.0,10000000000.0,0.2701444698122794,1.7399279980520868e-05,1.4376191112317933,0.36271254560831795
HI_4341,4341.684,1.0268111285965915,1.0268111285965915,8.713287872162393,27.51736733897274,0.2701444698122794,1.7399279980520868e-05,1.4376191112317933,0.36271254560831795
HI_4102,4102.892,1.385193064176633,1.385193064176633,11.754436225472151,26.760299401064355,0.2701444698122794,1.7399279980520868e-05,1.4376191112317933,0.36271254560831795
OIII_4363,4364.436,0.0,0.0,0.0,10000000000.0,0.2701444698122794,1.7399279980520868e-05,1.4376191112317933,0.36271254560831795
OIII_5007,5008.24,2.885215767830573,2.885215767830573,24.483290897684267,26.768417915975345,0.2701444698122794,1.7399279980520868e-05,1.4376191112317933,0.36271254560831795
OIII_4959,4960.295,45.057046180929774,45.057046180929774,382.3439414611146,137.1851466005026,0.2701444698122794,1.7399279980520868e-05,1.4376191112317933,0.36271254560831795
OII_3726,3727.092,0.7308718047464708,0.7308718047464708,6.202013452178711,28.824419937626214,0.2701444698122794,1.7399279980520868e-05,1.4376191112317933,0.36271254560831795
OII_3729,3729.875,0.0,0.0,0.0,10000000000.0,0.2701444698122794,1.7399279980520868e-05,1.4376191112317933,0.36271254560831795
OI_6300,6302.046,0.0,0.0,0.0,10000000000.0,0.2701444698122794,1.7399279980520868e-05,1.4376191112317933,0.36271254560831795
SII_6717,6718.29,1.224518034649691,1.224518034649691,10.39098412883397,29.13303902323198,0.2701444698122794,1.7399279980520868e-05,1.4376191112317933,0.36271254560831795
SII_6731,6732.67,4.047506733958016,4.047506733958016,34.346230144285435,31.177590187591143,0.2701444698122794,1.7399279980520868e-05,1.4376191112317933,0.36271254560831795
NII_6548,6549.85,0.0,0.0,0.0,10000000000.0,0.2701444698122794,1.7399279980520868e-05,1.4376191112317933,0.36271254560831795
NII_6584,6585.28,8.613554851376875,8.613554851376875,73.09268562884253,40.28831614923051,0.2701444698122794,1.7399279980520868e-05,1.4376191112317933,0.36271254560831795
NII_5755,5756.24,0.0,0.0,0.0,10000000000.0,0.2701444698122794,1.7399279980520868e-05,1.4376191112317933,0.36271254560831795
HeI_5876,5877.594,0.0,0.0,0.0,10000000000.0,0.2701444698122794,1.7399279980520868e-05,1.4376191112317933,0.36271254560831795
HeII_4686,4687.02,0.0,0.0,0.0,10000000000.0,0.2701444698122794,1.7399279980520868e-05,1.4376191112317933,0.36271254560831795
NeIII_3869,3870.16,0.0,10000000000.0,0.0,10000000000.0,0.2701444698122794,1.7399279980520868e-05,1.4376191112317933,0.36271254560831795
