line,wl,amp,amp_err,flux,flux_err,z,zerr,FWHM,FWHMerr
HI_6563,6564.61,0.0,0.0,0.0,10000000000.0,0.27023151977529397,2.782269987457111e-05,1.2280825524078909,0.6202830255819191
HI_4861,4862.683,8.597061229556857,8.597061229556857,62.319683546818126,63.96313003137057,0.27023151977529397,2.782269987457111e-05,1.2280825524078909,0.6202830255819191
HI_4341,4341.684,0.8660930782541527,0.8660930782541527,6.278267086585651,22.97909651882737,0.27023151977529397,2.782269987457111e-05,1.2280825524078909,0.6202830255819191
HI_4102,4102.892,0.0,0.0,0.0,10000000000.0,0.27023151977529397,2.782269987457111e-05,1.2280825524078909,0.6202830255819191
OIII_4363,4364.436,0.0,0.0,0.0,10000000000.0,0.27023151977529397,2.782269987457111e-05,1.2280825524078909,0.6202830255819191
OIII_5007,5008.24,6.012492916337351,6.012492916337351,43.58427209816945,47.86467239247221,0.27023151977529397,2.782269987457111e-05,1.2280825524078909,0.6202830255819191
OIII_4959,4960.295,8.016546838147178,8.016546838147178,58.11156263188895,46.2019135455104,0.27023151977529397,2.782269987457111e-05,1.2280825524078909,0.6202830255819191
OII_3726,3727.092,11.431038190424715,11.431038190424715,82.86304629187582,78.71733542671984,0.27023151977529397,2.782269987457111e-05,1.2280825524078909,0.6202830255819191
OII_3729,3729.875,3.901316621035676,3.901316621035676,28.28045662894707,36.69668564356064,0.27023151977529397,2.782269987457111e-05,1.2280825524078909,0.6202830255819191
OI_6300,6302.046,0.028199392057672412,0.028199392057672412,0.2044160373320252,24.245858458886612,0.27023151977529397,2.782269987457111e-05,1.2280825524078909,0.6202830255819191
SII_6717,6718.29,0.0,0.0,0.0,10000000000.0,0.27023151977529397,2.782269987457111e-05,1.2280825524078909,0.6202830255819191
SII_6731,6732.67,1.521795841054768,1.521795841054768,11.031424891024717,26.103159026941377,0.27023151977529397,2.782269987457111e-05,1.2280825524078909,0.6202830255819191
NII_6548,6549.85,3.6931040512907884,3.6931040512907884,26.771133720746725,26.053911430054075,0.27023151977529397,2.782269987457111e-05,1.2280825524078909,0.6202830255819191
NII_6584,6585.28,0.0,0.0,0.0,10000000000.0,0.27023151977529397,2.782269987457111e-05,1.2280825524078909,0.6202830255819191
NII_5755,5756.24,2.3535170591995893,2.3535170591995893,17.060532016115076,35.436754940506376,0.27023151977529397,2.782269987457111e-05,1.2280825524078909,0.6202830255819191
HeI_5876,5877.594,0.0,0.0,0.0,10000000000.0,0.27023151977529397,2.782269987457111e-05,1.2280825524078909,0.6202830255819191
HeII_4686,4687.02,0.0,0.0,0.0,10000000000.0,0.27023151977529397,2.782269987457111e-05,1.2280825524078909,0.6202830255819191
NeIII_3869,3870.16,2.173042312789903,3.1076305675746,15.752279255767617,23.890788404785525,0.27023151977529397,2.782269987457111e-05,1.2280825524078909,0.6202830255819191
