line,wl,amp,amp_err,flux,flux_err,z,zerr,FWHM,FWHMerr
HI_6563,6564.61,0.0,0.0,0.0,10000000000.0,0.2701186607833633,1.856373423103755e-05,1.5967230521339848,0.2207682467720135
HI_4861,4862.683,0.0,0.0,0.0,10000000000.0,0.2701186607833633,1.856373423103755e-05,1.5967230521339848,0.2207682467720135
HI_4341,4341.684,0.0,0.0,0.0,10000000000.0,0.2701186607833633,1.856373423103755e-05,1.5967230521339848,0.2207682467720135
HI_4102,4102.892,3.5437286073799896,3.5437286073799896,33.399326400560376,28.14056944810018,0.2701186607833633,1.856373423103755e-05,1.5967230521339848,0.2207682467720135
OIII_4363,4364.436,0.0,0.0,0.0,10000000000.0,0.2701186607833633,1.856373423103755e-05,1.5967230521339848,0.2207682467720135
OIII_5007,5008.24,0.0,0.0,0.0,10000000000.0,0.2701186607833633,1.856373423103755e-05,1.5967230521339848,0.2207682467720135
OIII_4959,4960.295,43.81197438144454,43.81197438144454,412.92395517294443,74.92472277592222,0.2701186607833633,1.856373423103755e-05,1.5967230521339848,0.2207682467720135
OII_3726,3727.092,9.863779972747693,9.863779972747693,92.96524744220767,32.239958802972055,0.2701186607833633,1.856373423103755e-05,1.5967230521339848,0.2207682467720135
OII_3729,3729.875,0.0,0.0,0.0,10000000000.0,0.2701186607833633,1.856373423103755e-05,1.5967230521339848,0.2207682467720135
OI_6300,6302.046,0.0,0.0,0.0,10000000000.0,0.2701186607833633,1.856373423103755e-05,1.5967230521339848,0.2207682467720135
SII_6717,6718.29,2.393298212669265,2.393298212669265,22.55662242654556,30.974585963256203,0.2701186607833633,1.856373423103755e-05,1.5967230521339848,0.2207682467720135
SII_6731,6732.67,2.19258518783181,2.19258518783181,20.66492004972438,28.525066102356632,0.2701186607833633,1.856373423103755e-05,1.5967230521339848,0.2207682467720135
NII_6548,6549.85,0.5489648592397316,0.5489648592397316,5.173944889008097,30.537925659122134,0.2701186607833633,1.856373423103755e-05,1.5967230521339848,0.2207682467720135
NII_6584,6585.28,0.0,0.0,0.0,10000000000.0,0.2701186607833633,1.856373423103755e-05,1.5967230521339848,0.2207682467720135
NII_5755,5756.24,0.0,0.0,0.0,10000000000.0,0.2701186607833633,1.856373423103755e-05,1.5967230521339848,0.2207682467720135
HeI_5876,5877.594,1.200981719249853,1.200981719249853,11.319145703990094,29.96653084863686,0.2701186607833633,1.856373423103755e-05,1.5967230521339848,0.2207682467720135
HeII_4686,4687.02,0.0,0.0,0.0,10000000000.0,0.2701186607833633,1.856373423103755e-05,1.5967230521339848,0.2207682467720135
NeIII_3869,3870.16,0.7078351982785307,3.2448084871549705,6.671283680097853,30.595938038139632,0.2701186607833633,1.856373423103755e-05,1.5967230521339848,0.2207682467720135
