line,wl,amp,amp_err,flux,flux_err,z,zerr,FWHM,FWHMerr
HI_6563,6564.61,21.517732763918957,21.517732763918957,760.9356216945464,83.1925899243392,0.26940411456682606,3.226975688429612e-05,5.991061081766908,0.40020526532504913
HI_4861,4862.683,9.917601053120393,9.917601053120393,350.7179871537825,66.15910089660971,0.26940411456682606,3.226975688429612e-05,5.991061081766908,0.40020526532504913
HI_4341,4341.684,5.216896660224506,5.216896660224506,184.48609558533917,62.295399825173895,0.26940411456682606,3.226975688429612e-05,5.991061081766908,0.40020526532504913
HI_4102,4102.892,0.021396727649062086,0.021396727649062086,0.7566564951103446,60.75239193565835,0.26940411456682606,3.226975688429612e-05,5.991061081766908,0.40020526532504913
OIII_4363,4364.436,0.580900301426027,0.580900301426027,20.542486369630797,60.771778997263446,0.26940411456682606,3.226975688429612e-05,5.991061081766908,0.40020526532504913
OIII_5007,5008.24,18.025264137495014,18.025264137495014,637.4307982703618,77.18563270669277,0.26940411456682606,3.226975688429612e-05,5.991061081766908,0.40020526532504913
OIII_4959,4960.295,12.377761453919334,12.377761453919334,437.71710107480226,68.988870247286,0.26940411456682606,3.226975688429612e-05,5.991061081766908,0.40020526532504913
OII_3726,3727.092,5.6455942563846975,5.6455942563846975,199.64620912667402,85.99419173926162,0.26940411456682606,3.226975688429612e-05,5.991061081766908,0.40020526532504913
OII_3729,3729.875,18.162950854996552,18.162950854996552,642.2998394993148,91.52875420982774,0.26940411456682606,3.226975688429612e-05,5.991061081766908,0.40020526532504913
OI_6300,6302.046,0.8955709297575822,0.8955709297575822,31.67024284962513,60.79843541189392,0.26940411456682606,3.226975688429612e-05,5.991061081766908,0.40020526532504913
SII_6717,6718.29,3.2684736871274254,3.2684736871274254,115.58364835150996,61.36269920426965,0.26940411456682606,3.226975688429612e-05,5.991061081766908,0.40020526532504913
SII_6731,6732.67,1.2053087816457264,1.2053087816457264,42.62356063057858,60.83575641534102,0.26940411456682606,3.226975688429612e-05,5.991061081766908,0.40020526532504913
NII_6548,6549.85,0.0,0.0,0.0,10000000000.0,0.26940411456682606,3.226975688429612e-05,5.991061081766908,0.40020526532504913
NII_6584,6585.28,2.268347323286889,2.268347323286889,80.21599206579727,61.047116192174244,0.26940411456682606,3.226975688429612e-05,5.991061081766908,0.40020526532504913
NII_5755,5756.24,0.0,0.0,0.0,10000000000.0,0.26940411456682606,3.226975688429612e-05,5.991061081766908,0.40020526532504913
HeI_5876,5877.594,0.0,0.0,0.0,10000000000.0,0.26940411456682606,3.226975688429612e-05,5.991061081766908,0.40020526532504913
HeII_4686,4687.02,0.0,0.0,0.0,10000000000.0,0.26940411456682606,3.226975688429612e-05,5.991061081766908,0.40020526532504913
NeIII_3869,3870.16,0.0,10000000000.0,0.0,10000000000.0,0.26940411456682606,3.226975688429612e-05,5.991061081766908,0.40020526532504913
