line,wl,amp,amp_err,flux,flux_err,z,zerr,FWHM,FWHMerr
HI_6563,6564.61,195.71683820289945,195.71683820289945,4771.760582430578,70.73816771745115,0.26966458113112074,2.954255441222297e-06,4.130501611986586,0.03878331201915086
HI_4861,4862.683,57.55230448203906,57.55230448203906,1403.1793098493263,52.07286405608111,0.26966458113112074,2.954255441222297e-06,4.130501611986586,0.03878331201915086
HI_4341,4341.684,22.266233990501746,22.266233990501746,542.8717255533414,50.27008353055115,0.26966458113112074,2.954255441222297e-06,4.130501611986586,0.03878331201915086
HI_4102,4102.892,10.501236834475435,10.501236834475435,256.03003018866264,50.01826769114177,0.26966458113112074,2.954255441222297e-06,4.130501611986586,0.03878331201915086
OIII_4363,4364.436,5.9502010710796185,5.9502010710796185,145.07149813588856,49.969217490872644,0.26966458113112074,2.954255441222297e-06,4.130501611986586,0.03878331201915086
OIII_5007,5008.24,195.4166988214306,195.4166988214306,4764.442902036399,70.68376921123246,0.26966458113112074,2.954255441222297e-06,4.130501611986586,0.03878331201915086
OIII_4959,4960.295,75.75949243682385,75.75949243682385,1847.0876756153727,53.57785090326867,0.26966458113112074,2.954255441222297e-06,4.130501611986586,0.03878331201915086
OII_3726,3727.092,80.62270453650808,80.62270453650808,1965.657360341298,59.4879845674043,0.26966458113112074,2.954255441222297e-06,4.130501611986586,0.03878331201915086
OII_3729,3729.875,99.03884147152803,99.03884147152803,2414.6600987570373,60.71560070252156,0.26966458113112074,2.954255441222297e-06,4.130501611986586,0.03878331201915086
OI_6300,6302.046,3.7214762070384495,3.7214762070384495,90.73308988769601,49.955086367808015,0.26966458113112074,2.954255441222297e-06,4.130501611986586,0.03878331201915086
SII_6717,6718.29,29.25935461419408,29.25935461419408,713.3705832230289,50.50431138399358,0.26966458113112074,2.954255441222297e-06,4.130501611986586,0.03878331201915086
SII_6731,6732.67,18.42253345431891,18.42253345431891,449.1586915720228,50.1680785429553,0.26966458113112074,2.954255441222297e-06,4.130501611986586,0.03878331201915086
NII_6548,6549.85,2.287189497305576,2.287189497305576,55.7638309917796,49.9494342445215,0.26966458113112074,2.954255441222297e-06,4.130501611986586,0.03878331201915086
NII_6584,6585.28,14.173278193024089,14.173278193024089,345.55785197787503,50.07756875256554,0.26966458113112074,2.954255441222297e-06,4.130501611986586,0.03878331201915086
NII_5755,5756.24,0.0,0.0,0.0,10000000000.0,0.26966458113112074,2.954255441222297e-06,4.130501611986586,0.03878331201915086
HeI_5876,5877.594,7.285111446407996,7.285111446407996,177.61786853793808,49.980795199359996,0.26966458113112074,2.954255441222297e-06,4.130501611986586,0.03878331201915086
HeII_4686,4687.02,0.0,0.0,0.0,10000000000.0,0.26966458113112074,2.954255441222297e-06,4.130501611986586,0.03878331201915086
NeIII_3869,3870.16,17.600783007119844,2.050233222963189,429.12364283250616,50.14874351680598,0.26966458113112074,2.954255441222297e-06,4.130501611986586,0.03878331201915086
