line,wl,amp,amp_err,flux,flux_err,z,zerr,FWHM,FWHMerr
HI_6563,6564.61,22.0084126203011,22.0084126203011,553.1465406856553,62.234456320844,0.26933700308744907,2.3399408644054966e-05,4.257982015499061,0.2898579151093802
HI_4861,4862.683,6.987441754927545,6.987441754927545,175.6182647818694,47.7432137694548,0.26933700308744907,2.3399408644054966e-05,4.257982015499061,0.2898579151093802
HI_4341,4341.684,4.865861312679044,4.865861312679044,122.29570569218778,46.76953444265891,0.26933700308744907,2.3399408644054966e-05,4.257982015499061,0.2898579151093802
HI_4102,4102.892,0.6398775460743309,0.6398775460743309,16.082307124092793,45.850417662628104,0.26933700308744907,2.3399408644054966e-05,4.257982015499061,0.2898579151093802
OIII_4363,4364.436,0.0,0.0,0.0,10000000000.0,0.26933700308744907,2.3399408644054966e-05,4.257982015499061,0.2898579151093802
OIII_5007,5008.24,21.40704986555454,21.40704986555454,538.0322417480562,61.46303535934934,0.26933700308744907,2.3399408644054966e-05,4.257982015499061,0.2898579151093802
OIII_4959,4960.295,7.033863823372485,7.033863823372485,176.7850098358996,47.768381381894116,0.26933700308744907,2.3399408644054966e-05,4.257982015499061,0.2898579151093802
OII_3726,3727.092,13.183978679596862,13.183978679596862,331.3583912165249,61.76353961795389,0.26933700308744907,2.3399408644054966e-05,4.257982015499061,0.2898579151093802
OII_3729,3729.875,22.523376206212674,22.523376206212674,566.0893335640163,67.60858186553885,0.26933700308744907,2.3399408644054966e-05,4.257982015499061,0.2898579151093802
OI_6300,6302.046,0.0,0.0,0.0,10000000000.0,0.26933700308744907,2.3399408644054966e-05,4.257982015499061,0.2898579151093802
SII_6717,6718.29,4.226233848198035,4.226233848198035,106.21968397225481,46.5416833429872,0.26933700308744907,2.3399408644054966e-05,4.257982015499061,0.2898579151093802
SII_6731,6732.67,0.5461082915101088,0.5461082915101088,13.725565650742388,45.84600631880958,0.26933700308744907,2.3399408644054966e-05,4.257982015499061,0.2898579151093802
NII_6548,6549.85,0.4168454074466581,0.4168454074466581,10.476748101184356,45.84104434902172,0.26933700308744907,2.3399408644054966e-05,4.257982015499061,0.2898579151093802
NII_6584,6585.28,4.448845949421866,4.448845949421866,111.81468602129594,46.617607473593125,0.26933700308744907,2.3399408644054966e-05,4.257982015499061,0.2898579151093802
NII_5755,5756.24,2.626760649615221,2.626760649615221,66.01946226706039,46.10869201229369,0.26933700308744907,2.3399408644054966e-05,4.257982015499061,0.2898579151093802
HeI_5876,5877.594,1.55419068661854,1.55419068661854,39.06211759570086,45.93042408152238,0.26933700308744907,2.3399408644054966e-05,4.257982015499061,0.2898579151093802
HeII_4686,4687.02,0.0,0.0,0.0,10000000000.0,0.26933700308744907,2.3399408644054966e-05,4.257982015499061,0.2898579151093802
NeIII_3869,3870.16,4.07944557153553,1.8289160970789486,102.53039347911962,46.493783907321124,0.26933700308744907,2.3399408644054966e-05,4.257982015499061,0.2898579151093802
