line,wl,amp,amp_err,flux,flux_err,z,zerr,FWHM,FWHMerr
HI_6563,6564.61,96.09459299903529,96.09459299903529,2094.2166646902447,61.87206201821293,0.26931701398399943,5.2447759180378686e-06,3.6921131426926026,0.06548384867978001
HI_4861,4862.683,41.191495188860245,41.191495188860245,897.6979138554153,49.19880150483486,0.26931701398399943,5.2447759180378686e-06,3.6921131426926026,0.06548384867978001
HI_4341,4341.684,17.97869195128044,17.97869195128044,391.81472254200463,46.519028111553524,0.26931701398399943,5.2447759180378686e-06,3.6921131426926026,0.06548384867978001
HI_4102,4102.892,8.96893222228482,8.96893222228482,195.46247856603907,46.029120077337616,0.26931701398399943,5.2447759180378686e-06,3.6921131426926026,0.06548384867978001
OIII_4363,4364.436,0.0,0.0,0.0,10000000000.0,0.26931701398399943,5.2447759180378686e-06,3.6921131426926026,0.06548384867978001
OIII_5007,5008.24,101.42398928614284,101.42398928614284,2210.361706454572,63.44072823554989,0.26931701398399943,5.2447759180378686e-06,3.6921131426926026,0.06548384867978001
OIII_4959,4960.295,30.672942853074574,30.672942853074574,668.4641255376896,47.74260431149466,0.26931701398399943,5.2447759180378686e-06,3.6921131426926026,0.06548384867978001
OII_3726,3727.092,56.27891650602032,56.27891650602032,1226.50235709726,56.71890069325026,0.26931701398399943,5.2447759180378686e-06,3.6921131426926026,0.06548384867978001
OII_3729,3729.875,74.11292309886403,74.11292309886403,1615.1639106698315,59.48114608825078,0.26931701398399943,5.2447759180378686e-06,3.6921131426926026,0.06548384867978001
OI_6300,6302.046,6.157473902330821,6.157473902330821,134.19157161928908,45.94275778415226,0.26931701398399943,5.2447759180378686e-06,3.6921131426926026,0.06548384867978001
SII_6717,6718.29,14.785058137779288,14.785058137779288,322.2149568900546,46.30852900444422,0.26931701398399943,5.2447759180378686e-06,3.6921131426926026,0.06548384867978001
SII_6731,6732.67,15.307136114966397,15.307136114966397,333.5927500204548,46.340185059669814,0.26931701398399943,5.2447759180378686e-06,3.6921131426926026,0.06548384867978001
NII_6548,6549.85,2.209474930625902,2.209474930625902,48.15171255242778,45.875570519490516,0.26931701398399943,5.2447759180378686e-06,3.6921131426926026,0.06548384867978001
NII_6584,6585.28,9.182055810577708,9.182055810577708,200.1071412500886,46.036946449559366,0.26931701398399943,5.2447759180378686e-06,3.6921131426926026,0.06548384867978001
NII_5755,5756.24,0.0,0.0,0.0,10000000000.0,0.26931701398399943,5.2447759180378686e-06,3.6921131426926026,0.06548384867978001
HeI_5876,5877.594,5.252008112623571,5.252008112623571,114.45849937316517,45.92176584387732,0.26931701398399943,5.2447759180378686e-06,3.6921131426926026,0.06548384867978001
HeII_4686,4687.02,0.0,0.0,0.0,10000000000.0,0.26931701398399943,5.2447759180378686e-06,3.6921131426926026,0.06548384867978001
NeIII_3869,3870.16,9.431829415254583,2.106237918349377,205.55052811493871,46.04638716964523,0.26931701398399943,5.2447759180378686e-06,3.6921131426926026,0.06548384867978001
