line,wl,amp,amp_err,flux,flux_err,z,zerr,FWHM,FWHMerr
HI_6563,6564.61,118.69404598979395,118.69404598979395,3126.2239773419114,84.46938225033267,0.2697636105684875,5.874959125118278e-06,4.462143135527058,0.07732038905137964
HI_4861,4862.683,37.813957029216226,37.813957029216226,995.9631770668375,61.96208553934259,0.2697636105684875,5.874959125118278e-06,4.462143135527058,0.07732038905137964
HI_4341,4341.684,13.034256206329474,13.034256206329474,343.3028501071451,59.255728112940766,0.2697636105684875,5.874959125118278e-06,4.462143135527058,0.07732038905137964
HI_4102,4102.892,5.404776420920143,5.404776420920143,142.35374233266614,58.94584591088679,0.2697636105684875,5.874959125118278e-06,4.462143135527058,0.07732038905137964
OIII_4363,4364.436,3.32463740554806,3.32463740554806,87.56598603173282,58.905712199001805,0.2697636105684875,5.874959125118278e-06,4.462143135527058,0.07732038905137964
OIII_5007,5008.24,111.07877556309495,111.07877556309495,2925.649122863227,81.72811334935403,0.2697636105684875,5.874959125118278e-06,4.462143135527058,0.07732038905137964
OIII_4959,4960.295,42.827697825855694,42.827697825855694,1128.0176248188284,62.80580503589411,0.2697636105684875,5.874959125118278e-06,4.462143135527058,0.07732038905137964
OII_3726,3727.092,64.34338880473388,64.34338880473388,1694.7088052090537,74.71320841610273,0.2697636105684875,5.874959125118278e-06,4.462143135527058,0.07732038905137964
OII_3729,3729.875,51.87396090504808,51.87396090504808,1366.2826894872435,73.10097793149761,0.2697636105684875,5.874959125118278e-06,4.462143135527058,0.07732038905137964
OI_6300,6302.046,4.474047910291688,4.474047910291688,117.83974281349403,58.92554349055427,0.2697636105684875,5.874959125118278e-06,4.462143135527058,0.07732038905137964
SII_6717,6718.29,13.304436693858634,13.304436693858634,350.4190008060287,59.27134049574469,0.2697636105684875,5.874959125118278e-06,4.462143135527058,0.07732038905137964
SII_6731,6732.67,12.72697287393828,12.72697287393828,335.20946586408485,59.23833322080067,0.2697636105684875,5.874959125118278e-06,4.462143135527058,0.07732038905137964
NII_6548,6549.85,0.462777288489292,0.462777288489292,12.188862915406052,58.88175893005545,0.2697636105684875,5.874959125118278e-06,4.462143135527058,0.07732038905137964
NII_6584,6585.28,13.050041438770222,13.050041438770222,343.7186095644344,59.256633806975145,0.2697636105684875,5.874959125118278e-06,4.462143135527058,0.07732038905137964
NII_5755,5756.24,0.0,0.0,0.0,10000000000.0,0.2697636105684875,5.874959125118278e-06,4.462143135527058,0.07732038905137964
HeI_5876,5877.594,2.26225810152539,2.26225810152539,59.584501151243835,58.89260621437399,0.2697636105684875,5.874959125118278e-06,4.462143135527058,0.07732038905137964
HeII_4686,4687.02,0.0,0.0,0.0,10000000000.0,0.2697636105684875,5.874959125118278e-06,4.462143135527058,0.07732038905137964
NeIII_3869,3870.16,5.870551696719758,2.236137483905959,154.62156775823973,58.95743426164527,0.2697636105684875,5.874959125118278e-06,4.462143135527058,0.07732038905137964
