line,wl,amp,amp_err,flux,flux_err,z,zerr,FWHM,FWHMerr
HI_6563,6564.61,4.1439222423601905,4.1439222423601905,51.30964113040632,34.640501747241636,0.2695239121787871,2.9583410584541787e-05,2.0976823368862862,0.2889726325001543
HI_4861,4862.683,0.0,0.0,0.0,10000000000.0,0.2695239121787871,2.9583410584541787e-05,2.0976823368862862,0.2889726325001543
HI_4341,4341.684,3.116395189601917,3.116395189601917,38.586901357474915,34.35616763960546,0.2695239121787871,2.9583410584541787e-05,2.0976823368862862,0.2889726325001543
HI_4102,4102.892,1.062982494330413,1.062982494330413,13.161745593212055,33.559449554534275,0.2695239121787871,2.9583410584541787e-05,2.0976823368862862,0.2889726325001543
OIII_4363,4364.436,7.125325229887039,7.125325229887039,88.2250822048982,36.32065505646102,0.2695239121787871,2.9583410584541787e-05,2.0976823368862862,0.2889726325001543
OIII_5007,5008.24,3.5278370411250535,3.5278370411250535,43.681334243275934,34.54184757249665,0.2695239121787871,2.9583410584541787e-05,2.0976823368862862,0.2889726325001543
OIII_4959,4960.295,0.0,0.0,0.0,10000000000.0,0.2695239121787871,2.9583410584541787e-05,2.0976823368862862,0.2889726325001543
OII_3726,3727.092,12.71259886364362,12.71259886364362,157.40615952215762,42.94954116519873,0.2695239121787871,2.9583410584541787e-05,2.0976823368862862,0.2889726325001543
OII_3729,3729.875,20.116288537446394,20.116288537446394,249.07792312826055,51.735744034535124,0.2695239121787871,2.9583410584541787e-05,2.0976823368862862,0.2889726325001543
OI_6300,6302.046,0.0,0.0,0.0,10000000000.0,0.2695239121787871,2.9583410584541787e-05,2.0976823368862862,0.2889726325001543
SII_6717,6718.29,8.402784504630858,8.402784504630858,104.04245837952509,37.559177741203854,0.2695239121787871,2.9583410584541787e-05,2.0976823368862862,0.2889726325001543
SII_6731,6732.67,0.0,0.0,0.0,10000000000.0,0.2695239121787871,2.9583410584541787e-05,2.0976823368862862,0.2889726325001543
NII_6548,6549.85,0.0,0.0,0.0,10000000000.0,0.2695239121787871,2.9583410584541787e-05,2.0976823368862862,0.2889726325001543
NII_6584,6585.28,1.5750220347709956,1.5750220347709956,19.501769253892718,33.836784920215344,0.2695239121787871,2.9583410584541787e-05,2.0976823368862862,0.2889726325001543
NII_5755,5756.24,0.0,0.0,0.0,10000000000.0,0.2695239121787871,2.9583410584541787e-05,2.0976823368862862,0.2889726325001543
HeI_5876,5877.594,0.0,0.0,0.0,10000000000.0,0.2695239121787871,2.9583410584541787e-05,2.0976823368862862,0.2889726325001543
HeII_4686,4687.02,0.0,0.0,0.0,10000000000.0,0.2695239121787871,2.9583410584541787e-05,2.0976823368862862,0.2889726325001543
NeIII_3869,3870.16,0.0,10000000000.0,0.0,10000000000.0,0.2695239121787871,2.9583410584541787e-05,2.0976823368862862,0.2889726325001543
