line,wl,amp,amp_err,flux,flux_err,z,zerr,FWHM,FWHMerr
HI_6563,6564.61,32.33953705200565,32.33953705200565,1195.0364259316939,91.19195257080277,0.2693303232698471,2.3318332493584348e-05,6.260365456744652,0.27360380041438626
HI_4861,4862.683,20.486617569014697,20.486617569014697,757.0378697671065,79.2108940669476,0.2693303232698471,2.3318332493584348e-05,6.260365456744652,0.27360380041438626
HI_4341,4341.684,5.106100670924775,5.106100670924775,188.68471389731693,70.64642675174066,0.2693303232698471,2.3318332493584348e-05,6.260365456744652,0.27360380041438626
HI_4102,4102.892,2.907049707440933,2.907049707440933,107.42362473523825,70.23861417121265,0.2693303232698471,2.3318332493584348e-05,6.260365456744652,0.27360380041438626
OIII_4363,4364.436,1.0605464590961446,1.0605464590961446,39.19016057572686,70.06836992453619,0.2693303232698471,2.3318332493584348e-05,6.260365456744652,0.27360380041438626
OIII_5007,5008.24,28.6886768854165,28.6886768854165,1060.126922495048,87.11768123576626,0.2693303232698471,2.3318332493584348e-05,6.260365456744652,0.27360380041438626
OIII_4959,4960.295,23.563372560151947,23.563372560151947,870.7325798108337,81.9520052015067,0.2693303232698471,2.3318332493584348e-05,6.260365456744652,0.27360380041438626
OII_3726,3727.092,20.755671399226912,20.755671399226912,766.9801619873996,108.24087725587792,0.2693303232698471,2.3318332493584348e-05,6.260365456744652,0.27360380041438626
OII_3729,3729.875,28.36733138564864,28.36733138564864,1048.2523066984684,110.49577433982816,0.2693303232698471,2.3318332493584348e-05,6.260365456744652,0.27360380041438626
OI_6300,6302.046,0.2915361541504353,0.2915361541504353,10.773077027217386,70.04418907984568,0.2693303232698471,2.3318332493584348e-05,6.260365456744652,0.27360380041438626
SII_6717,6718.29,2.7234493000194107,2.7234493000194107,100.63907570685284,70.21463580650007,0.2693303232698471,2.3318332493584348e-05,6.260365456744652,0.27360380041438626
SII_6731,6732.67,3.243506672539411,3.243506672539411,119.85665147908193,70.28664497967297,0.2693303232698471,2.3318332493584348e-05,6.260365456744652,0.27360380041438626
NII_6548,6549.85,1.362015897494075,1.362015897494075,50.33030026329713,70.08540881600766,0.2693303232698471,2.3318332493584348e-05,6.260365456744652,0.27360380041438626
NII_6584,6585.28,5.045867251815366,5.045867251815366,186.45892044274768,70.63231972847908,0.2693303232698471,2.3318332493584348e-05,6.260365456744652,0.27360380041438626
NII_5755,5756.24,0.0,0.0,0.0,10000000000.0,0.2693303232698471,2.3318332493584348e-05,6.260365456744652,0.27360380041438626
HeI_5876,5877.594,1.4833562035112209,1.4833562035112209,54.814164252784735,70.09337547361773,0.2693303232698471,2.3318332493584348e-05,6.260365456744652,0.27360380041438626
HeII_4686,4687.02,0.0,0.0,0.0,10000000000.0,0.2693303232698471,2.3318332493584348e-05,6.260365456744652,0.27360380041438626
NeIII_3869,3870.16,4.152166042776798,1.8976214576718462,153.43415892613075,70.44232386583352,0.2693303232698471,2.3318332493584348e-05,6.260365456744652,0.27360380041438626
