line,wl,amp,amp_err,flux,flux_err,z,zerr,FWHM,FWHMerr
HI_6563,6564.61,0.0,0.0,0.0,10000000000.0,0.2702028966447249,1.646969961800177e-05,1.334397406311834,0.3902704096790633
HI_4861,4862.683,3.8218720285348127,3.8218720285348127,30.102945227788723,33.58149925690318,0.2702028966447249,1.646969961800177e-05,1.334397406311834,0.3902704096790633
HI_4341,4341.684,0.0,0.0,0.0,10000000000.0,0.2702028966447249,1.646969961800177e-05,1.334397406311834,0.3902704096790633
HI_4102,4102.892,0.0,0.0,0.0,10000000000.0,0.2702028966447249,1.646969961800177e-05,1.334397406311834,0.3902704096790633
OIII_4363,4364.436,0.0,0.0,0.0,10000000000.0,0.2702028966447249,1.646969961800177e-05,1.334397406311834,0.3902704096790633
OIII_5007,5008.24,1.332403554718212,1.332403554718212,10.494666207955158,29.49529826110285,0.2702028966447249,1.646969961800177e-05,1.334397406311834,0.3902704096790633
OIII_4959,4960.295,62.255250170464706,62.255250170464706,490.35299246852134,222.3646652685903,0.2702028966447249,1.646969961800177e-05,1.334397406311834,0.3902704096790633
OII_3726,3727.092,1.1291916232776202,1.1291916232776202,8.894069014716726,32.20685576230136,0.2702028966447249,1.646969961800177e-05,1.334397406311834,0.3902704096790633
OII_3729,3729.875,2.3047373331651215,2.3047373331651215,18.153245631122665,29.259345734072713,0.2702028966447249,1.646969961800177e-05,1.334397406311834,0.3902704096790633
OI_6300,6302.046,0.16694924689807067,0.16694924689807067,1.3149744412347268,24.607935309824466,0.2702028966447249,1.646969961800177e-05,1.334397406311834,0.3902704096790633
SII_6717,6718.29,0.0,0.0,0.0,10000000000.0,0.2702028966447249,1.646969961800177e-05,1.334397406311834,0.3902704096790633
SII_6731,6732.67,3.5326214691716586,3.5326214691716586,27.824665452692646,33.069996111473344,0.2702028966447249,1.646969961800177e-05,1.334397406311834,0.3902704096790633
NII_6548,6549.85,4.789106699365561,4.789106699365561,37.72136156958306,28.322339676417727,0.2702028966447249,1.646969961800177e-05,1.334397406311834,0.3902704096790633
NII_6584,6585.28,0.0,0.0,0.0,10000000000.0,0.2702028966447249,1.646969961800177e-05,1.334397406311834,0.3902704096790633
NII_5755,5756.24,0.0,0.0,0.0,10000000000.0,0.2702028966447249,1.646969961800177e-05,1.334397406311834,0.3902704096790633
HeI_5876,5877.594,0.5594143894495573,0.5594143894495573,4.406223075892166,28.19159607475242,0.2702028966447249,1.646969961800177e-05,1.334397406311834,0.3902704096790633
HeII_4686,4687.02,0.0,0.0,0.0,10000000000.0,0.2702028966447249,1.646969961800177e-05,1.334397406311834,0.3902704096790633
NeIII_3869,3870.16,13.329835125719114,3.511294457320159,104.99234241467005,41.325717186962756,0.2702028966447249,1.646969961800177e-05,1.334397406311834,0.3902704096790633
