line,wl,amp,amp_err,flux,flux_err,z,zerr,FWHM,FWHMerr
HI_6563,6564.61,3.8961729030355627,3.8961729030355627,27.192588959932255,25.950841074825746,0.27019352496710314,1.3953194209187633e-05,1.182400700073204,0.3755762580971608
HI_4861,4862.683,0.0,0.0,0.0,10000000000.0,0.27019352496710314,1.3953194209187633e-05,1.182400700073204,0.3755762580971608
HI_4341,4341.684,0.0,0.0,0.0,10000000000.0,0.27019352496710314,1.3953194209187633e-05,1.182400700073204,0.3755762580971608
HI_4102,4102.892,0.0,0.0,0.0,10000000000.0,0.27019352496710314,1.3953194209187633e-05,1.182400700073204,0.3755762580971608
OIII_4363,4364.436,0.25270776674756235,0.25270776674756235,1.7637252245132657,21.788863540931047,0.27019352496710314,1.3953194209187633e-05,1.182400700073204,0.3755762580971608
OIII_5007,5008.24,1.641689888519636,1.641689888519636,11.457858634407733,26.90422226367435,0.27019352496710314,1.3953194209187633e-05,1.182400700073204,0.3755762580971608
OIII_4959,4960.295,29.735076116635355,29.735076116635355,207.53024125340863,122.10115853403218,0.27019352496710314,1.3953194209187633e-05,1.182400700073204,0.3755762580971608
OII_3726,3727.092,13.591662895050149,13.591662895050149,94.86039546630666,60.66951305192721,0.27019352496710314,1.3953194209187633e-05,1.182400700073204,0.3755762580971608
OII_3729,3729.875,0.0,0.0,0.0,10000000000.0,0.27019352496710314,1.3953194209187633e-05,1.182400700073204,0.3755762580971608
OI_6300,6302.046,3.914750481049282,3.914750481049282,27.322247590432085,23.09197503522375,0.27019352496710314,1.3953194209187633e-05,1.182400700073204,0.3755762580971608
SII_6717,6718.29,0.0,0.0,0.0,10000000000.0,0.27019352496710314,1.3953194209187633e-05,1.182400700073204,0.3755762580971608
SII_6731,6732.67,0.0,0.0,0.0,10000000000.0,0.27019352496710314,1.3953194209187633e-05,1.182400700073204,0.3755762580971608
NII_6548,6549.85,2.625943569792298,2.625943569792298,18.32726778365138,24.89444998685311,0.27019352496710314,1.3953194209187633e-05,1.182400700073204,0.3755762580971608
NII_6584,6585.28,0.0,0.0,0.0,10000000000.0,0.27019352496710314,1.3953194209187633e-05,1.182400700073204,0.3755762580971608
NII_5755,5756.24,0.8345587684046905,0.8345587684046905,5.824642313603428,29.86810330939124,0.27019352496710314,1.3953194209187633e-05,1.182400700073204,0.3755762580971608
HeI_5876,5877.594,0.2562216683547831,0.2562216683547831,1.7882498245320055,27.893914961260645,0.27019352496710314,1.3953194209187633e-05,1.182400700073204,0.3755762580971608
HeII_4686,4687.02,0.0,0.0,0.0,10000000000.0,0.27019352496710314,1.3953194209187633e-05,1.182400700073204,0.3755762580971608
NeIII_3869,3870.16,4.020484349816002,3.401812864523834,28.060196779051704,25.360173260727098,0.27019352496710314,1.3953194209187633e-05,1.182400700073204,0.3755762580971608
