line,wl,amp,amp_err,flux,flux_err,z,zerr,FWHM,FWHMerr
HI_6563,6564.61,1959.1101078501529,1959.1101078501529,56322.804091330996,229.8039371327577,0.2691881072371496,9.703352512052368e-07,4.870547295936511,0.013218767308422646
HI_4861,4862.683,574.1654265379914,574.1654265379914,16506.783720493302,161.58665165233586,0.2691881072371496,9.703352512052368e-07,4.870547295936511,0.013218767308422646
HI_4341,4341.684,228.3143887027427,228.3143887027427,6563.850870152391,154.91340573193918,0.2691881072371496,9.703352512052368e-07,4.870547295936511,0.013218767308422646
HI_4102,4102.892,99.80821185007312,99.80821185007312,2869.4039912368726,153.87428865508792,0.2691881072371496,9.703352512052368e-07,4.870547295936511,0.013218767308422646
OIII_4363,4364.436,8.04443848421215,8.04443848421215,231.2709892902558,153.62952576374093,0.2691881072371496,9.703352512052368e-07,4.870547295936511,0.013218767308422646
OIII_5007,5008.24,1639.4263478975308,1639.4263478975308,47132.15895564227,209.8933034125454,0.2691881072371496,9.703352512052368e-07,4.870547295936511,0.013218767308422646
OIII_4959,4960.295,539.7599535281852,539.7599535281852,15517.654672444356,160.68168431315553,0.2691881072371496,9.703352512052368e-07,4.870547295936511,0.013218767308422646
OII_3726,3727.092,513.6056137708831,513.6056137708831,14765.738918252708,185.28116454196456,0.2691881072371496,9.703352512052368e-07,4.870547295936511,0.013218767308422646
OII_3729,3729.875,696.6290373521965,696.6290373521965,20027.511796249342,188.0199753025823,0.2691881072371496,9.703352512052368e-07,4.870547295936511,0.013218767308422646
OI_6300,6302.046,42.707168714540785,42.707168714540785,1227.795970816604,153.67309093559368,0.2691881072371496,9.703352512052368e-07,4.870547295936511,0.013218767308422646
SII_6717,6718.29,205.0753239912035,205.0753239912035,5895.746875502439,154.66605742808238,0.2691881072371496,9.703352512052368e-07,4.870547295936511,0.013218767308422646
SII_6731,6732.67,162.54266102190422,162.54266102190422,4672.967801317966,154.2809028091397,0.2691881072371496,9.703352512052368e-07,4.870547295936511,0.013218767308422646
NII_6548,6549.85,102.73700234682792,102.73700234682792,2953.6043088771557,153.88910007127438,0.2691881072371496,9.703352512052368e-07,4.870547295936511,0.013218767308422646
NII_6584,6585.28,342.54233163828235,342.54233163828235,9847.810268827612,156.50706570915497,0.2691881072371496,9.703352512052368e-07,4.870547295936511,0.013218767308422646
NII_5755,5756.24,4.23788039101828,4.23788039101828,121.83557527950462,153.62837377563253,0.2691881072371496,9.703352512052368e-07,4.870547295936511,0.013218767308422646
HeI_5876,5877.594,75.99987452227492,75.99987452227492,2184.9338771372586,153.77090351664114,0.2691881072371496,9.703352512052368e-07,4.870547295936511,0.013218767308422646
HeII_4686,4687.02,0.0,0.0,0.0,10000000000.0,0.2691881072371496,9.703352512052368e-07,4.870547295936511,0.013218767308422646
NeIII_3869,3870.16,127.49480336415536,5.346529446741517,3665.3707230483724,154.02989756317046,0.2691881072371496,9.703352512052368e-07,4.870547295936511,0.013218767308422646
