line,wl,amp,amp_err,flux,flux_err,z,zerr,FWHM,FWHMerr
HI_6563,6564.61,72.30421887400439,72.30421887400439,1747.6139964181323,72.37912980798197,0.26964397366375714,7.972829571606193e-06,4.094814357888756,0.1002872368463219
HI_4861,4862.683,26.739080179606844,26.739080179606844,646.2913437272238,57.11311748499175,0.26964397366375714,7.972829571606193e-06,4.094814357888756,0.1002872368463219
HI_4341,4341.684,11.72302626095427,11.72302626095427,283.3489538103127,54.85362640854227,0.26964397366375714,7.972829571606193e-06,4.094814357888756,0.1002872368463219
HI_4102,4102.892,3.101960020618776,3.101960020618776,74.9752757554771,54.34090528513653,0.26964397366375714,7.972829571606193e-06,4.094814357888756,0.1002872368463219
OIII_4363,4364.436,0.0,0.0,0.0,10000000000.0,0.26964397366375714,7.972829571606193e-06,4.094814357888756,0.1002872368463219
OIII_5007,5008.24,82.97827281653213,82.97827281653213,2005.6089842485082,77.23195394783491,0.26964397366375714,7.972829571606193e-06,4.094814357888756,0.1002872368463219
OIII_4959,4960.295,41.008057521958335,41.008057521958335,991.1766755433479,60.70679795606526,0.26964397366375714,7.972829571606193e-06,4.094814357888756,0.1002872368463219
OII_3726,3727.092,43.69474436599489,43.69474436599489,1056.1146778584362,68.12181375122634,0.26964397366375714,7.972829571606193e-06,4.094814357888756,0.1002872368463219
OII_3729,3729.875,50.10200985457277,50.10200985457277,1210.9801479649307,69.40461334453222,0.26964397366375714,7.972829571606193e-06,4.094814357888756,0.1002872368463219
OI_6300,6302.046,0.34190728650889923,0.34190728650889923,8.263998542346807,54.30264573547145,0.26964397366375714,7.972829571606193e-06,4.094814357888756,0.1002872368463219
SII_6717,6718.29,6.862471689394624,6.862471689394624,165.8679363552473,54.4917455671258,0.26964397366375714,7.972829571606193e-06,4.094814357888756,0.1002872368463219
SII_6731,6732.67,9.12389392327077,9.12389392327077,220.52716937482995,54.636869503182346,0.26964397366375714,7.972829571606193e-06,4.094814357888756,0.1002872368463219
NII_6548,6549.85,0.3835599763051505,0.3835599763051505,9.270756167420366,54.30270653277371,0.26964397366375714,7.972829571606193e-06,4.094814357888756,0.1002872368463219
NII_6584,6585.28,5.472989428889036,5.472989428889036,132.28374605418435,54.4228288418728,0.26964397366375714,7.972829571606193e-06,4.094814357888756,0.1002872368463219
NII_5755,5756.24,0.5439219657316698,0.5439219657316698,13.146752085495358,54.30334208397492,0.26964397366375714,7.972829571606193e-06,4.094814357888756,0.1002872368463219
HeI_5876,5877.594,1.8936939001840756,1.8936939001840756,45.77113225799858,54.3166229766617,0.26964397366375714,7.972829571606193e-06,4.094814357888756,0.1002872368463219
HeII_4686,4687.02,0.0,0.0,0.0,10000000000.0,0.26964397366375714,7.972829571606193e-06,4.094814357888756,0.1002872368463219
NeIII_3869,3870.16,5.2650557290776305,2.2475731341673493,127.25792806214368,54.41382884795912,0.26964397366375714,7.972829571606193e-06,4.094814357888756,0.1002872368463219
