line,wl,amp,amp_err,flux,flux_err,z,zerr,FWHM,FWHMerr
HI_6563,6564.61,745.6062687502381,745.6062687502381,20559.47190642643,122.47976238250565,0.2692157660410982,1.3391216766816833e-06,4.671482714336892,0.017528308224288185
HI_4861,4862.683,280.9762530728144,280.9762530728144,7747.686176386706,92.83789555976288,0.2692157660410982,1.3391216766816833e-06,4.671482714336892,0.017528308224288185
HI_4341,4341.684,117.02005091379897,117.02005091379897,3226.7304475369892,88.00975797870427,0.2692157660410982,1.3391216766816833e-06,4.671482714336892,0.017528308224288185
HI_4102,4102.892,52.86219997831563,52.86219997831563,1457.6311398075663,87.17725745276341,0.2692157660410982,1.3391216766816833e-06,4.671482714336892,0.017528308224288185
OIII_4363,4364.436,3.058028028110243,3.058028028110243,84.32257609419018,86.96323874829844,0.2692157660410982,1.3391216766816833e-06,4.671482714336892,0.017528308224288185
OIII_5007,5008.24,750.2970625642195,750.2970625642195,20688.816639269196,122.86247654968518,0.2692157660410982,1.3391216766816833e-06,4.671482714336892,0.017528308224288185
OIII_4959,4960.295,253.75930256883112,253.75930256883112,6997.201433007108,91.78305790491373,0.2692157660410982,1.3391216766816833e-06,4.671482714336892,0.017528308224288185
OII_3726,3727.092,320.00401607536924,320.00401607536924,8823.844238156542,108.15771177105225,0.2692157660410982,1.3391216766816833e-06,4.671482714336892,0.017528308224288185
OII_3729,3729.875,375.98524915514713,375.98524915514713,10367.480118149853,109.61433603630059,0.2692157660410982,1.3391216766816833e-06,4.671482714336892,0.017528308224288185
OI_6300,6302.046,19.533256804247458,19.533256804247458,538.6132887282143,86.99186572381858,0.2692157660410982,1.3391216766816833e-06,4.671482714336892,0.017528308224288185
SII_6717,6718.29,78.36116403529695,78.36116403529695,2160.743837681215,87.43365575559432,0.2692157660410982,1.3391216766816833e-06,4.671482714336892,0.017528308224288185
SII_6731,6732.67,63.13092792699899,63.13092792699899,1740.7827610104882,87.26860349419228,0.2692157660410982,1.3391216766816833e-06,4.671482714336892,0.017528308224288185
NII_6548,6549.85,43.398268884395065,43.398268884395065,1196.6711216253784,87.10730270488082,0.2692157660410982,1.3391216766816833e-06,4.671482714336892,0.017528308224288185
NII_6584,6585.28,126.0582125593337,126.0582125593337,3475.950227768421,88.17658997348504,0.2692157660410982,1.3391216766816833e-06,4.671482714336892,0.017528308224288185
NII_5755,5756.24,0.0,0.0,0.0,10000000000.0,0.2692157660410982,1.3391216766816833e-06,4.671482714336892,0.017528308224288185
HeI_5876,5877.594,27.822706827031425,27.822706827031425,767.18796950285,87.02205437177976,0.2692157660410982,1.3391216766816833e-06,4.671482714336892,0.017528308224288185
HeII_4686,4687.02,0.0,0.0,0.0,10000000000.0,0.2692157660410982,1.3391216766816833e-06,4.671482714336892,0.017528308224288185
NeIII_3869,3870.16,68.4840290246575,3.15638429188762,1888.3900656191856,87.32261599748558,0.2692157660410982,1.3391216766816833e-06,4.671482714336892,0.017528308224288185
