line,wl,amp,amp_err,flux,flux_err,z,zerr,FWHM,FWHMerr
HI_6563,6564.61,16.54643915590384,16.54643915590384,412.2780558824414,68.96589164353135,0.26922180012207214,3.480332043792654e-05,4.221220266583407,0.44169148143818354
HI_4861,4862.683,2.5595380462140156,2.5595380462140156,63.774529353872616,49.852672682231415,0.26922180012207214,3.480332043792654e-05,4.221220266583407,0.44169148143818354
HI_4341,4341.684,2.6091561744918863,2.6091561744918863,65.01083556273008,49.87460532547709,0.26922180012207214,3.480332043792654e-05,4.221220266583407,0.44169148143818354
HI_4102,4102.892,2.4705354905757986,2.4705354905757986,61.556904143919176,49.814524823217404,0.26922180012207214,3.480332043792654e-05,4.221220266583407,0.44169148143818354
OIII_4363,4364.436,1.0369938063576,1.0369938063576,25.838174994569737,49.38380248733866,0.26922180012207214,3.480332043792654e-05,4.221220266583407,0.44169148143818354
OIII_5007,5008.24,15.850321020735691,15.850321020735691,394.9332828634541,67.56223364874785,0.26922180012207214,3.480332043792654e-05,4.221220266583407,0.44169148143818354
OIII_4959,4960.295,2.76371976017424,2.76371976017424,68.86200704530269,49.945200135497196,0.26922180012207214,3.480332043792654e-05,4.221220266583407,0.44169148143818354
OII_3726,3727.092,14.859053932357597,14.859053932357597,370.2344540576835,69.8079214114367,0.26922180012207214,3.480332043792654e-05,4.221220266583407,0.44169148143818354
OII_3729,3729.875,7.35989035560317,7.35989035560317,183.38213187296833,62.960253710075065,0.26922180012207214,3.480332043792654e-05,4.221220266583407,0.44169148143818354
OI_6300,6302.046,1.692608717698704,1.692608717698704,42.173752607884005,49.53752198242581,0.26922180012207214,3.480332043792654e-05,4.221220266583407,0.44169148143818354
SII_6717,6718.29,0.46970488426006796,0.46970488426006796,11.703364977602032,49.31019063988354,0.26922180012207214,3.480332043792654e-05,4.221220266583407,0.44169148143818354
SII_6731,6732.67,1.5342215175816136,1.5342215175816136,38.22731033558169,49.49369898473657,0.26922180012207214,3.480332043792654e-05,4.221220266583407,0.44169148143818354
NII_6548,6549.85,0.0,0.0,0.0,10000000000.0,0.26922180012207214,3.480332043792654e-05,4.221220266583407,0.44169148143818354
NII_6584,6585.28,2.854473766088745,2.854473766088745,71.12327212895217,49.98868924758171,0.26922180012207214,3.480332043792654e-05,4.221220266583407,0.44169148143818354
NII_5755,5756.24,1.7042487286176993,1.7042487286176993,42.46378002870352,49.540912061287635,0.26922180012207214,3.480332043792654e-05,4.221220266583407,0.44169148143818354
HeI_5876,5877.594,1.8942936017580223,1.8942936017580223,47.199018232553655,49.599518959026064,0.26922180012207214,3.480332043792654e-05,4.221220266583407,0.44169148143818354
HeII_4686,4687.02,0.0,0.0,0.0,10000000000.0,0.26922180012207214,3.480332043792654e-05,4.221220266583407,0.44169148143818354
NeIII_3869,3870.16,3.2959582414872557,1.985770206162401,82.12348549840296,50.21893900890129,0.26922180012207214,3.480332043792654e-05,4.221220266583407,0.44169148143818354
