line,wl,amp,amp_err,flux,flux_err,z,zerr,FWHM,FWHMerr
HI_6563,6564.61,365.7388491258994,365.7388491258994,10345.696068682888,160.03221894715762,0.2692209581447088,3.1110722485290126e-06,4.792266524677804,0.03671334541111185
HI_4861,4862.683,285.7576340941114,285.7576340941114,8083.2584197964,150.1715492703273,0.2692209581447088,3.1110722485290126e-06,4.792266524677804,0.03671334541111185
HI_4341,4341.684,118.36396249338281,118.36396249338281,3348.1747546593997,136.31013371983727,0.2692209581447088,3.1110722485290126e-06,4.792266524677804,0.03671334541111185
HI_4102,4102.892,46.00837234948358,46.00837234948358,1301.4440168993362,133.7246945756886,0.2692209581447088,3.1110722485290126e-06,4.792266524677804,0.03671334541111185
OIII_4363,4364.436,8.209099767896191,8.209099767896191,232.2117308542028,133.27412145416966,0.2692209581447088,3.1110722485290126e-06,4.792266524677804,0.03671334541111185
OIII_5007,5008.24,584.3838012214146,584.3838012214146,16530.530484655097,194.43520094956492,0.2692209581447088,3.1110722485290126e-06,4.792266524677804,0.03671334541111185
OIII_4959,4960.295,220.55596082923626,220.55596082923626,6238.891335522669,143.57434612349732,0.2692209581447088,3.1110722485290126e-06,4.792266524677804,0.03671334541111185
OII_3726,3727.092,330.9569911459905,330.9569911459905,9361.81772974176,184.3314832701836,0.2692209581447088,3.1110722485290126e-06,4.792266524677804,0.03671334541111185
OII_3729,3729.875,404.5102726831162,404.5102726831162,11442.427699002696,188.89147788953912,0.2692209581447088,3.1110722485290126e-06,4.792266524677804,0.03671334541111185
OI_6300,6302.046,24.8751680741766,24.8751680741766,703.6466844249468,133.3954970463433,0.2692209581447088,3.1110722485290126e-06,4.792266524677804,0.03671334541111185
SII_6717,6718.29,65.02976360206867,65.02976360206867,1839.5042562560998,134.1874745051564,0.2692209581447088,3.1110722485290126e-06,4.792266524677804,0.03671334541111185
SII_6731,6732.67,50.29739878821874,50.29739878821874,1422.7681914346606,133.8153256003249,0.2692209581447088,3.1110722485290126e-06,4.792266524677804,0.03671334541111185
NII_6548,6549.85,17.094365619251107,17.094365619251107,483.55024796076674,133.32362416360007,0.2692209581447088,3.1110722485290126e-06,4.792266524677804,0.03671334541111185
NII_6584,6585.28,77.48600429104363,77.48600429104363,2191.8553412843553,134.5752098932048,0.2692209581447088,3.1110722485290126e-06,4.792266524677804,0.03671334541111185
NII_5755,5756.24,0.0,0.0,0.0,10000000000.0,0.2692209581447088,3.1110722485290126e-06,4.792266524677804,0.03671334541111185
HeI_5876,5877.594,21.274081355839712,21.274081355839712,601.7823383377761,133.35892638411653,0.2692209581447088,3.1110722485290126e-06,4.792266524677804,0.03671334541111185
HeII_4686,4687.02,0.0,0.0,0.0,10000000000.0,0.2692209581447088,3.1110722485290126e-06,4.792266524677804,0.03671334541111185
NeIII_3869,3870.16,75.94777391623848,4.7199276878917615,2148.343245209836,134.52372567176346,0.2692209581447088,3.1110722485290126e-06,4.792266524677804,0.03671334541111185
