line,wl,amp,amp_err,flux,flux_err,z,zerr,FWHM,FWHMerr
HI_6563,6564.61,51.13142465274905,51.13142465274905,1473.3930509405195,89.00203094941607,0.2691548346247392,1.443183181304369e-05,4.881834650061246,0.1845294738635472
HI_4861,4862.683,22.316782671446163,22.316782671446163,643.0760091424665,69.15872842282188,0.2691548346247392,1.443183181304369e-05,4.881834650061246,0.1845294738635472
HI_4341,4341.684,5.564739107721152,5.564739107721152,160.3524248990875,63.95556910984972,0.2691548346247392,1.443183181304369e-05,4.881834650061246,0.1845294738635472
HI_4102,4102.892,3.9563717563643195,3.9563717563643195,114.00602843267578,63.777785071207944,0.2691548346247392,1.443183181304369e-05,4.881834650061246,0.1845294738635472
OIII_4363,4364.436,2.5991457303364314,2.5991457303364314,74.89647087808115,63.674248618848395,0.2691548346247392,1.443183181304369e-05,4.881834650061246,0.1845294738635472
OIII_5007,5008.24,50.49240925701747,50.49240925701747,1454.9793092951597,88.45901523503917,0.2691548346247392,1.443183181304369e-05,4.881834650061246,0.1845294738635472
OIII_4959,4960.295,13.962891482072223,13.962891482072223,402.3519278103216,65.82933217911508,0.2691548346247392,1.443183181304369e-05,4.881834650061246,0.1845294738635472
OII_3726,3727.092,30.11116384416505,30.11116384416505,867.6773601562248,85.71530352068619,0.2691548346247392,1.443183181304369e-05,4.881834650061246,0.1845294738635472
OII_3729,3729.875,32.07721775439313,32.07721775439313,924.3307819761224,86.30690757766324,0.2691548346247392,1.443183181304369e-05,4.881834650061246,0.1845294738635472
OI_6300,6302.046,1.7295702468470608,1.7295702468470608,49.83895520464301,63.63044554734111,0.2691548346247392,1.443183181304369e-05,4.881834650061246,0.1845294738635472
SII_6717,6718.29,6.32261038288857,6.32261038288857,182.1910941308291,64.05992480479992,0.2691548346247392,1.443183181304369e-05,4.881834650061246,0.1845294738635472
SII_6731,6732.67,2.5746955707930965,2.5746955707930965,74.19191990164752,63.672794972960354,0.2691548346247392,1.443183181304369e-05,4.881834650061246,0.1845294738635472
NII_6548,6549.85,0.28230153296783556,0.28230153296783556,8.134745311116657,63.596447031877716,0.2691548346247392,1.443183181304369e-05,4.881834650061246,0.1845294738635472
NII_6584,6585.28,6.047233767103421,6.047233767103421,174.25589586782624,64.02048932192,0.2691548346247392,1.443183181304369e-05,4.881834650061246,0.1845294738635472
NII_5755,5756.24,0.4178110579648546,0.4178110579648546,12.039561064301894,63.59757068589281,0.2691548346247392,1.443183181304369e-05,4.881834650061246,0.1845294738635472
HeI_5876,5877.594,0.0,0.0,0.0,10000000000.0,0.2691548346247392,1.443183181304369e-05,4.881834650061246,0.1845294738635472
HeII_4686,4687.02,0.0,0.0,0.0,10000000000.0,0.2691548346247392,1.443183181304369e-05,4.881834650061246,0.1845294738635472
NeIII_3869,3870.16,2.083889127267298,2.2073181919464573,60.04893819990725,63.64613247013707,0.2691548346247392,1.443183181304369e-05,4.881834650061246,0.1845294738635472
