line,wl,amp,amp_err,flux,flux_err,z,zerr,FWHM,FWHMerr
HI_6563,6564.61,3.419049021563069,3.419049021563069,201.8147716429316,74.99442785021161,0.2706901455419913,0.00011829395023394714,9.999999193754999,0.6791011317613942
HI_4861,4862.683,0.0,0.0,0.0,10000000000.0,0.2706901455419913,0.00011829395023394714,9.999999193754999,0.6791011317613942
HI_4341,4341.684,0.7893538860154194,0.7893538860154194,46.59286054308595,72.9662162574794,0.2706901455419913,0.00011829395023394714,9.999999193754999,0.6791011317613942
HI_4102,4102.892,0.4442595251169905,0.4442595251169905,26.223120536216857,72.88584066868275,0.2706901455419913,0.00011829395023394714,9.999999193754999,0.6791011317613942
OIII_4363,4364.436,0.0,0.0,0.0,10000000000.0,0.2706901455419913,0.00011829395023394714,9.999999193754999,0.6791011317613942
OIII_5007,5008.24,7.178715454076723,7.178715454076723,423.7350242471081,81.99985195104244,0.2706901455419913,0.00011829395023394714,9.999999193754999,0.6791011317613942
OIII_4959,4960.295,5.153336715472278,5.153336715472278,304.1838434819261,77.69800699332428,0.2706901455419913,0.00011829395023394714,9.999999193754999,0.6791011317613942
OII_3726,3727.092,14.675597163988868,14.675597163988868,866.2503145450834,150.80360270571074,0.2706901455419913,0.00011829395023394714,9.999999193754999,0.6791011317613942
OII_3729,3729.875,0.0,0.0,0.0,10000000000.0,0.2706901455419913,0.00011829395023394714,9.999999193754999,0.6791011317613942
OI_6300,6302.046,0.0,0.0,0.0,10000000000.0,0.2706901455419913,0.00011829395023394714,9.999999193754999,0.6791011317613942
SII_6717,6718.29,1.4284917232549788,1.4284917232549788,84.31898141978819,73.23614704028165,0.2706901455419913,0.00011829395023394714,9.999999193754999,0.6791011317613942
SII_6731,6732.67,0.036130437592760245,0.036130437592760245,2.132656176075712,72.85557940591895,0.2706901455419913,0.00011829395023394714,9.999999193754999,0.6791011317613942
NII_6548,6549.85,0.0,0.0,0.0,10000000000.0,0.2706901455419913,0.00011829395023394714,9.999999193754999,0.6791011317613942
NII_6584,6585.28,0.7434475751373384,0.7434475751373384,43.88316799746871,72.95350261693824,0.2706901455419913,0.00011829395023394714,9.999999193754999,0.6791011317613942
NII_5755,5756.24,0.0,0.0,0.0,10000000000.0,0.2706901455419913,0.00011829395023394714,9.999999193754999,0.6791011317613942
HeI_5876,5877.594,0.10409269013916855,0.10409269013916855,6.1442355338125205,72.85071490091028,0.2706901455419913,0.00011829395023394714,9.999999193754999,0.6791011317613942
HeII_4686,4687.02,0.0,0.0,0.0,10000000000.0,0.2706901455419913,0.00011829395023394714,9.999999193754999,0.6791011317613942
NeIII_3869,3870.16,0.0,10000000000.0,0.0,10000000000.0,0.2706901455419913,0.00011829395023394714,9.999999193754999,0.6791011317613942
