line,wl,amp,amp_err,flux,flux_err,z,zerr,FWHM,FWHMerr
HI_6563,6564.61,0.0,0.0,0.0,10000000000.0,0.270153388523833,1.7637831157083843e-05,1.882497320301955,0.28303317035965714
HI_4861,4862.683,0.3029618868433772,0.3029618868433772,3.366433359388722,33.16886145746861,0.270153388523833,1.7637831157083843e-05,1.882497320301955,0.28303317035965714
HI_4341,4341.684,3.266053124278301,3.266053124278301,36.29152929322199,33.565095444581026,0.270153388523833,1.7637831157083843e-05,1.882497320301955,0.28303317035965714
HI_4102,4102.892,0.19244819141692915,0.19244819141692915,2.1384340396417723,33.02641784098685,0.270153388523833,1.7637831157083843e-05,1.882497320301955,0.28303317035965714
OIII_4363,4364.436,0.0,0.0,0.0,10000000000.0,0.270153388523833,1.7637831157083843e-05,1.882497320301955,0.28303317035965714
OIII_5007,5008.24,0.0,0.0,0.0,10000000000.0,0.270153388523833,1.7637831157083843e-05,1.882497320301955,0.28303317035965714
OIII_4959,4960.295,34.34590380523696,34.34590380523696,381.6427126626646,75.73649056453878,0.270153388523833,1.7637831157083843e-05,1.882497320301955,0.28303317035965714
OII_3726,3727.092,2.687697048441123,2.687697048441123,29.864987632851456,33.9896000398412,0.270153388523833,1.7637831157083843e-05,1.882497320301955,0.28303317035965714
OII_3729,3729.875,11.825548015769414,11.825548015769414,131.40240096906933,39.33968599740151,0.270153388523833,1.7637831157083843e-05,1.882497320301955,0.28303317035965714
OI_6300,6302.046,0.0,0.0,0.0,10000000000.0,0.270153388523833,1.7637831157083843e-05,1.882497320301955,0.28303317035965714
SII_6717,6718.29,2.132614977353569,2.132614977353569,23.697060634582655,33.54245417529472,0.270153388523833,1.7637831157083843e-05,1.882497320301955,0.28303317035965714
SII_6731,6732.67,0.0,0.0,0.0,10000000000.0,0.270153388523833,1.7637831157083843e-05,1.882497320301955,0.28303317035965714
NII_6548,6549.85,4.884190833309958,4.884190833309958,54.271852892754964,35.12474868812251,0.270153388523833,1.7637831157083843e-05,1.882497320301955,0.28303317035965714
NII_6584,6585.28,1.9802037279671367,1.9802037279671367,22.003506637984234,34.01119007063104,0.270153388523833,1.7637831157083843e-05,1.882497320301955,0.28303317035965714
NII_5755,5756.24,0.8371503142857364,0.8371503142857364,9.302195646448398,33.0745022454782,0.270153388523833,1.7637831157083843e-05,1.882497320301955,0.28303317035965714
HeI_5876,5877.594,0.5233053067348692,0.5233053067348692,5.814831892198198,33.89618828348107,0.270153388523833,1.7637831157083843e-05,1.882497320301955,0.28303317035965714
HeII_4686,4687.02,0.0,0.0,0.0,10000000000.0,0.270153388523833,1.7637831157083843e-05,1.882497320301955,0.28303317035965714
NeIII_3869,3870.16,0.0,10000000000.0,0.0,10000000000.0,0.270153388523833,1.7637831157083843e-05,1.882497320301955,0.28303317035965714
