line,wl,amp,amp_err,flux,flux_err,z,zerr,FWHM,FWHMerr
HI_6563,6564.61,376.2627654046332,376.2627654046332,11234.043110672339,104.51510801134094,0.2692221249568081,2.2699502115338385e-06,5.058213832116111,0.029355083460111675
HI_4861,4862.683,143.66130495986272,143.66130495986272,4289.282495223671,79.90495138050915,0.2692221249568081,2.2699502115338385e-06,5.058213832116111,0.029355083460111675
HI_4341,4341.684,64.91588835857601,64.91588835857601,1938.1877651475304,75.94999775111089,0.2692221249568081,2.2699502115338385e-06,5.058213832116111,0.029355083460111675
HI_4102,4102.892,22.918430689692855,22.918430689692855,684.2734973259597,75.033068424472,0.2692221249568081,2.2699502115338385e-06,5.058213832116111,0.029355083460111675
OIII_4363,4364.436,0.0,0.0,0.0,10000000000.0,0.2692221249568081,2.2699502115338385e-06,5.058213832116111,0.029355083460111675
OIII_5007,5008.24,384.62071586619686,384.62071586619686,11483.585676227813,105.65069519320761,0.2692221249568081,2.2699502115338385e-06,5.058213832116111,0.029355083460111675
OIII_4959,4960.295,122.2454168901013,122.2454168901013,3649.870276025457,78.5562426581048,0.2692221249568081,2.2699502115338385e-06,5.058213832116111,0.029355083460111675
OII_3726,3727.092,155.79770013943767,155.79770013943767,4651.6377405238,96.796599394602,0.2692221249568081,2.2699502115338385e-06,5.058213832116111,0.029355083460111675
OII_3729,3729.875,226.3869947397543,226.3869947397543,6759.215879006652,99.69098145823794,0.2692221249568081,2.2699502115338385e-06,5.058213832116111,0.029355083460111675
OI_6300,6302.046,14.913406474073895,14.913406474073895,445.26821854550445,74.95728770117944,0.2692221249568081,2.2699502115338385e-06,5.058213832116111,0.029355083460111675
SII_6717,6718.29,52.58069715451802,52.58069715451802,1569.8970850539233,75.59104718790849,0.2692221249568081,2.2699502115338385e-06,5.058213832116111,0.029355083460111675
SII_6731,6732.67,36.28603867875836,36.28603867875836,1083.388951320549,75.23072177111511,0.2692221249568081,2.2699502115338385e-06,5.058213832116111,0.029355083460111675
NII_6548,6549.85,17.00358496672061,17.00358496672061,507.6744873936635,74.97398929871844,0.2692221249568081,2.2699502115338385e-06,5.058213832116111,0.029355083460111675
NII_6584,6585.28,57.830867173454635,57.830867173454635,1726.6509330400918,75.73481042932167,0.2692221249568081,2.2699502115338385e-06,5.058213832116111,0.029355083460111675
NII_5755,5756.24,0.0,0.0,0.0,10000000000.0,0.2692221249568081,2.2699502115338385e-06,5.058213832116111,0.029355083460111675
HeI_5876,5877.594,12.806542167224848,12.806542167224848,382.36376286271656,74.94266895709703,0.2692221249568081,2.2699502115338385e-06,5.058213832116111,0.029355083460111675
HeII_4686,4687.02,2.1600499167107046e-12,2.1600499167107046e-12,6.449241359143385e-11,74.90158746082336,0.2692221249568081,2.2699502115338385e-06,5.058213832116111,0.029355083460111675
NeIII_3869,3870.16,37.51342885292229,2.511045997746713,1120.0350279402885,75.25332134915645,0.2692221249568081,2.2699502115338385e-06,5.058213832116111,0.029355083460111675
