line,wl,amp,amp_err,flux,flux_err,z,zerr,FWHM,FWHMerr
HI_6563,6564.61,0.0,0.0,0.0,10000000000.0,0.27032782738082856,4.401209689558286e-06,0.4298762974264353,0.6535370323858086
HI_4861,4862.683,4.346825187830291,4.346825187830291,11.029690669757791,21.429244349913674,0.27032782738082856,4.401209689558286e-06,0.4298762974264353,0.6535370323858086
HI_4341,4341.684,0.0,0.0,0.0,10000000000.0,0.27032782738082856,4.401209689558286e-06,0.4298762974264353,0.6535370323858086
HI_4102,4102.892,15.911968077141978,15.911968077141978,40.37523439619599,198.49089859994334,0.27032782738082856,4.401209689558286e-06,0.4298762974264353,0.6535370323858086
OIII_4363,4364.436,0.0,0.0,0.0,10000000000.0,0.27032782738082856,4.401209689558286e-06,0.4298762974264353,0.6535370323858086
OIII_5007,5008.24,1.09502782263678,1.09502782263678,2.7785378147426028,17.900802916760174,0.27032782738082856,4.401209689558286e-06,0.4298762974264353,0.6535370323858086
OIII_4959,4960.295,52.972109059890045,52.972109059890045,134.41211730598638,219.69670097320378,0.27032782738082856,4.401209689558286e-06,0.4298762974264353,0.6535370323858086
OII_3726,3727.092,0.0,0.0,0.0,10000000000.0,0.27032782738082856,4.401209689558286e-06,0.4298762974264353,0.6535370323858086
OII_3729,3729.875,0.0,0.0,0.0,10000000000.0,0.27032782738082856,4.401209689558286e-06,0.4298762974264353,0.6535370323858086
OI_6300,6302.046,0.0,0.0,0.0,10000000000.0,0.27032782738082856,4.401209689558286e-06,0.4298762974264353,0.6535370323858086
SII_6717,6718.29,0.0,0.0,0.0,10000000000.0,0.27032782738082856,4.401209689558286e-06,0.4298762974264353,0.6535370323858086
SII_6731,6732.67,12.364727532089091,12.364727532089091,31.37442018064078,199.70322721295653,0.27032782738082856,4.401209689558286e-06,0.4298762974264353,0.6535370323858086
NII_6548,6549.85,0.0,0.0,0.0,10000000000.0,0.27032782738082856,4.401209689558286e-06,0.4298762974264353,0.6535370323858086
NII_6584,6585.28,2797.1052455361787,2797.1052455361787,7097.411166980994,127175.07879506167,0.27032782738082856,4.401209689558286e-06,0.4298762974264353,0.6535370323858086
NII_5755,5756.24,0.0,0.0,0.0,10000000000.0,0.27032782738082856,4.401209689558286e-06,0.4298762974264353,0.6535370323858086
HeI_5876,5877.594,0.0,0.0,0.0,10000000000.0,0.27032782738082856,4.401209689558286e-06,0.4298762974264353,0.6535370323858086
HeII_4686,4687.02,0.0,0.0,0.0,10000000000.0,0.27032782738082856,4.401209689558286e-06,0.4298762974264353,0.6535370323858086
NeIII_3869,3870.16,0.0,10000000000.0,0.0,10000000000.0,0.27032782738082856,4.401209689558286e-06,0.4298762974264353,0.6535370323858086
