line,wl,amp,amp_err,flux,flux_err,z,zerr,FWHM,FWHMerr
HI_6563,6564.61,0.0,0.0,0.0,10000000000.0,0.2700250151235369,1.2383364350442007e-05,0.6613504092122924,1.3135072594805857
HI_4861,4862.683,0.0,0.0,0.0,10000000000.0,0.2700250151235369,1.2383364350442007e-05,0.6613504092122924,1.3135072594805857
HI_4341,4341.684,0.2006399234746823,0.2006399234746823,0.783243209410602,53.246567177316074,0.2700250151235369,1.2383364350442007e-05,0.6613504092122924,1.3135072594805857
HI_4102,4102.892,2.2873227977852366,2.2873227977852366,8.929080604047428,35.585762110563174,0.2700250151235369,1.2383364350442007e-05,0.6613504092122924,1.3135072594805857
OIII_4363,4364.436,0.0,0.0,0.0,10000000000.0,0.2700250151235369,1.2383364350442007e-05,0.6613504092122924,1.3135072594805857
OIII_5007,5008.24,2.789418026425551,2.789418026425551,10.889122611138871,91.30855084936972,0.2700250151235369,1.2383364350442007e-05,0.6613504092122924,1.3135072594805857
OIII_4959,4960.295,50.03271267068476,50.03271267068476,195.31398222772208,394.1988188490942,0.2700250151235369,1.2383364350442007e-05,0.6613504092122924,1.3135072594805857
OII_3726,3727.092,0.0,0.0,0.0,10000000000.0,0.2700250151235369,1.2383364350442007e-05,0.6613504092122924,1.3135072594805857
OII_3729,3729.875,0.0,0.0,0.0,10000000000.0,0.2700250151235369,1.2383364350442007e-05,0.6613504092122924,1.3135072594805857
OI_6300,6302.046,0.0,0.0,0.0,10000000000.0,0.2700250151235369,1.2383364350442007e-05,0.6613504092122924,1.3135072594805857
SII_6717,6718.29,0.0,0.0,0.0,10000000000.0,0.2700250151235369,1.2383364350442007e-05,0.6613504092122924,1.3135072594805857
SII_6731,6732.67,0.0,0.0,0.0,10000000000.0,0.2700250151235369,1.2383364350442007e-05,0.6613504092122924,1.3135072594805857
NII_6548,6549.85,0.0,0.0,0.0,10000000000.0,0.2700250151235369,1.2383364350442007e-05,0.6613504092122924,1.3135072594805857
NII_6584,6585.28,4.20919071463868,4.20919071463868,16.431525626907018,35.8119200739084,0.2700250151235369,1.2383364350442007e-05,0.6613504092122924,1.3135072594805857
NII_5755,5756.24,0.0,0.0,0.0,10000000000.0,0.2700250151235369,1.2383364350442007e-05,0.6613504092122924,1.3135072594805857
HeI_5876,5877.594,0.0,0.0,0.0,10000000000.0,0.2700250151235369,1.2383364350442007e-05,0.6613504092122924,1.3135072594805857
HeII_4686,4687.02,0.0,0.0,0.0,10000000000.0,0.2700250151235369,1.2383364350442007e-05,0.6613504092122924,1.3135072594805857
NeIII_3869,3870.16,9.629480916636112,36.27919803285688,37.590851349462,160.09795492436103,0.2700250151235369,1.2383364350442007e-05,0.6613504092122924,1.3135072594805857
