line,wl,amp,amp_err,flux,flux_err,z,zerr,FWHM,FWHMerr
HI_6563,6564.61,116.93382463787157,116.93382463787157,2537.0472682384543,79.68435349420155,0.2698274287495643,5.705394739586956e-06,3.6757058190206844,0.07438467683380082
HI_4861,4862.683,35.17329404601128,35.17329404601128,763.1351309232699,57.90337864580835,0.2698274287495643,5.705394739586956e-06,3.6757058190206844,0.07438467683380082
HI_4341,4341.684,12.566771224950571,12.566771224950571,272.65415037585814,55.6124030450715,0.2698274287495643,5.705394739586956e-06,3.6757058190206844,0.07438467683380082
HI_4102,4102.892,5.447002355899372,5.447002355899372,118.180539205995,55.333838981065405,0.2698274287495643,5.705394739586956e-06,3.6757058190206844,0.07438467683380082
OIII_4363,4364.436,0.0,0.0,0.0,10000000000.0,0.2698274287495643,5.705394739586956e-06,3.6757058190206844,0.07438467683380082
OIII_5007,5008.24,106.6268007495496,106.6268007495496,2313.4215818255025,76.12053093308691,0.2698274287495643,5.705394739586956e-06,3.6757058190206844,0.07438467683380082
OIII_4959,4960.295,26.836344140883284,26.836344140883284,582.2530290357419,56.81749121467382,0.2698274287495643,5.705394739586956e-06,3.6757058190206844,0.07438467683380082
OII_3726,3727.092,60.83361552755537,60.83361552755537,1319.8726593371607,67.07931208789253,0.2698274287495643,5.705394739586956e-06,3.6757058190206844,0.07438467683380082
OII_3729,3729.875,58.85885756700395,58.85885756700395,1277.0274491957446,66.75868287225296,0.2698274287495643,5.705394739586956e-06,3.6757058190206844,0.07438467683380082
OI_6300,6302.046,2.7009568799373938,2.7009568799373938,58.60113867904486,55.28507712366485,0.2698274287495643,5.705394739586956e-06,3.6757058190206844,0.07438467683380082
SII_6717,6718.29,12.919158404445852,12.919158404445852,280.2996963405901,55.631834876692736,0.2698274287495643,5.705394739586956e-06,3.6757058190206844,0.07438467683380082
SII_6731,6732.67,12.752364665442201,12.752364665442201,276.6808666203704,55.62258474104301,0.2698274287495643,5.705394739586956e-06,3.6757058190206844,0.07438467683380082
NII_6548,6549.85,0.7157555802846218,0.7157555802846218,15.529345296890328,55.270299685333455,0.2698274287495643,5.705394739586956e-06,3.6757058190206844,0.07438467683380082
NII_6584,6585.28,4.973356826847862,4.973356826847862,107.9041191939508,55.323072381757335,0.2698274287495643,5.705394739586956e-06,3.6757058190206844,0.07438467683380082
NII_5755,5756.24,0.6412497935797319,0.6412497935797319,13.91283524761261,55.27008699688341,0.2698274287495643,5.705394739586956e-06,3.6757058190206844,0.07438467683380082
HeI_5876,5877.594,5.069857692532196,5.069857692532196,109.99784407146409,55.325188172808915,0.2698274287495643,5.705394739586956e-06,3.6757058190206844,0.07438467683380082
HeII_4686,4687.02,0.0,0.0,0.0,10000000000.0,0.2698274287495643,5.705394739586956e-06,3.6757058190206844,0.07438467683380082
NeIII_3869,3870.16,6.609290961464694,2.548263212400479,143.3980598060965,55.364334794659,0.2698274287495643,5.705394739586956e-06,3.6757058190206844,0.07438467683380082
