line,wl,amp,amp_err,flux,flux_err,z,zerr,FWHM,FWHMerr
HI_6563,6564.61,25.54175721397928,25.54175721397928,823.1840894709825,87.76825379153334,0.2692513787246739,2.8861651429650765e-05,5.460074106347232,0.3576000453260064
HI_4861,4862.683,8.56537464045357,8.56537464045357,276.0530556026346,66.91821965643106,0.2692513787246739,2.8861651429650765e-05,5.460074106347232,0.3576000453260064
HI_4341,4341.684,4.710866871476242,4.710866871476242,151.82630637851193,64.75345923636057,0.2692513787246739,2.8861651429650765e-05,5.460074106347232,0.3576000453260064
HI_4102,4102.892,2.8600419387922784,2.8600419387922784,92.17615685208176,64.14793393710188,0.2692513787246739,2.8861651429650765e-05,5.460074106347232,0.3576000453260064
OIII_4363,4364.436,0.0,0.0,0.0,10000000000.0,0.2692513787246739,2.8861651429650765e-05,5.460074106347232,0.3576000453260064
OIII_5007,5008.24,24.955798603813037,24.955798603813037,804.2992570400569,86.82436938236313,0.2692513787246739,2.8861651429650765e-05,5.460074106347232,0.3576000453260064
OIII_4959,4960.295,9.041739172593793,9.041739172593793,291.40578565800837,67.26573760627652,0.2692513787246739,2.8861651429650765e-05,5.460074106347232,0.3576000453260064
OII_3726,3727.092,14.301368155776231,14.301368155776231,460.91812027164116,91.43069046998522,0.2692513787246739,2.8861651429650765e-05,5.460074106347232,0.3576000453260064
OII_3729,3729.875,20.599070220506064,20.599070220506064,663.8864633062701,94.61434642967103,0.2692513787246739,2.8861651429650765e-05,5.460074106347232,0.3576000453260064
OI_6300,6302.046,0.0,0.0,0.0,10000000000.0,0.2692513787246739,2.8861651429650765e-05,5.460074106347232,0.3576000453260064
SII_6717,6718.29,3.945721857914805,3.945721857914805,127.16648379758522,64.46792630049201,0.2692513787246739,2.8861651429650765e-05,5.460074106347232,0.3576000453260064
SII_6731,6732.67,1.9636038652713523,1.9636038652713523,63.28489642953862,63.95992757882957,0.2692513787246739,2.8861651429650765e-05,5.460074106347232,0.3576000453260064
NII_6548,6549.85,0.0,0.0,0.0,10000000000.0,0.2692513787246739,2.8861651429650765e-05,5.460074106347232,0.3576000453260064
NII_6584,6585.28,1.9851833762919568,1.9851833762919568,63.98038147318327,63.963635971659166,0.2692513787246739,2.8861651429650765e-05,5.460074106347232,0.3576000453260064
NII_5755,5756.24,1.7114963852675373,1.7114963852675373,55.15973633827519,63.91957322143344,0.2692513787246739,2.8861651429650765e-05,5.460074106347232,0.3576000453260064
HeI_5876,5877.594,0.9686003281510693,0.9686003281510693,31.21697432602413,63.8327666675047,0.2692513787246739,2.8861651429650765e-05,5.460074106347232,0.3576000453260064
HeII_4686,4687.02,0.0,0.0,0.0,10000000000.0,0.2692513787246739,2.8861651429650765e-05,5.460074106347232,0.3576000453260064
NeIII_3869,3870.16,2.880243404881753,1.9815806431687586,92.82722895058802,64.1529914372951,0.2692513787246739,2.8861651429650765e-05,5.460074106347232,0.3576000453260064
