line,wl,amp,amp_err,flux,flux_err,z,zerr,FWHM,FWHMerr
HI_6563,6564.61,2673.406955684295,2673.406955684295,75517.56929883781,296.1363447783707,0.2692138096222889,9.172005659094722e-07,4.7855876058711555,0.012569287220498084
HI_4861,4862.683,775.9563366624955,775.9563366624955,21918.973578709523,206.550575798379,0.2692138096222889,9.172005659094722e-07,4.7855876058711555,0.012569287220498084
HI_4341,4341.684,283.25643094521274,283.25643094521274,8001.339679230129,197.667226610796,0.2692138096222889,9.172005659094722e-07,4.7855876058711555,0.012569287220498084
HI_4102,4102.892,123.81526252470985,123.81526252470985,3497.495077613522,196.5343666153657,0.2692138096222889,9.172005659094722e-07,4.7855876058711555,0.012569287220498084
OIII_4363,4364.436,16.863839692077136,16.863839692077136,476.3645055546558,196.27086357167124,0.2692138096222889,9.172005659094722e-07,4.7855876058711555,0.012569287220498084
OIII_5007,5008.24,2174.317633262458,2174.317633262458,61419.44914090106,266.55099634322704,0.2692138096222889,9.172005659094722e-07,4.7855876058711555,0.012569287220498084
OIII_4959,4960.295,737.7246429932522,737.7246429932522,20839.0165710642,205.5844218744491,0.2692138096222889,9.172005659094722e-07,4.7855876058711555,0.012569287220498084
OII_3726,3727.092,714.8107946116756,714.8107946116756,20191.753299238135,234.3832358947283,0.2692138096222889,9.172005659094722e-07,4.7855876058711555,0.012569287220498084
OII_3729,3729.875,822.7200291233414,822.7200291233414,23239.939838101014,235.88110908152424,0.2692138096222889,9.172005659094722e-07,4.7855876058711555,0.012569287220498084
OI_6300,6302.046,56.43500407272518,56.43500407272518,1594.158465803551,196.32169614046973,0.2692138096222889,9.172005659094722e-07,4.7855876058711555,0.012569287220498084
SII_6717,6718.29,272.8351502911071,272.8351502911071,7706.962580260689,197.56639423382242,0.2692138096222889,9.172005659094722e-07,4.7855876058711555,0.012569287220498084
SII_6731,6732.67,221.2866243850815,221.2866243850815,6250.835831924013,197.12235472490138,0.2692138096222889,9.172005659094722e-07,4.7855876058711555,0.012569287220498084
NII_6548,6549.85,142.49216384842862,142.49216384842862,4025.074384984804,196.62145805997812,0.2692138096222889,9.172005659094722e-07,4.7855876058711555,0.012569287220498084
NII_6584,6585.28,447.89830239541516,447.89830239541516,12652.092124642437,199.75142867450694,0.2692138096222889,9.172005659094722e-07,4.7855876058711555,0.012569287220498084
NII_5755,5756.24,3.542503776572403,3.542503776572403,100.06754634564246,196.26610216157889,0.2692138096222889,9.172005659094722e-07,4.7855876058711555,0.012569287220498084
HeI_5876,5877.594,99.42518537295928,99.42518537295928,2808.531754018117,196.43906987989388,0.2692138096222889,9.172005659094722e-07,4.7855876058711555,0.012569287220498084
HeII_4686,4687.02,0.0,0.0,0.0,10000000000.0,0.2692138096222889,9.172005659094722e-07,4.7855876058711555,0.012569287220498084
NeIII_3869,3870.16,160.00661024927604,6.951209235710601,4519.817026764243,196.71412720735918,0.2692138096222889,9.172005659094722e-07,4.7855876058711555,0.012569287220498084
