line,wl,amp,amp_err,flux,flux_err,z,zerr,FWHM,FWHMerr
HI_6563,6564.61,63.5145640848898,63.5145640848898,2136.422208721912,93.84470221121272,0.26931082548165963,1.257345548877723e-05,5.698572841376404,0.15604982162205505
HI_4861,4862.683,23.97751879829002,23.97751879829002,806.5253128754558,71.68093881828551,0.26931082548165963,1.257345548877723e-05,5.698572841376404,0.15604982162205505
HI_4341,4341.684,11.919263670077726,11.919263670077726,400.9250474006537,68.40389123297439,0.26931082548165963,1.257345548877723e-05,5.698572841376404,0.15604982162205505
HI_4102,4102.892,5.151078139702008,5.151078139702008,173.2654217985792,67.50233604056615,0.26931082548165963,1.257345548877723e-05,5.698572841376404,0.15604982162205505
OIII_4363,4364.436,0.0,0.0,0.0,10000000000.0,0.26931082548165963,1.257345548877723e-05,5.698572841376404,0.15604982162205505
OIII_5007,5008.24,56.660062918462245,56.660062918462245,1905.859207422027,89.06836481196663,0.26931082548165963,1.257345548877723e-05,5.698572841376404,0.15604982162205505
OIII_4959,4960.295,20.809773692010253,20.809773692010253,699.9727277458308,70.62358337517189,0.26931082548165963,1.257345548877723e-05,5.698572841376404,0.15604982162205505
OII_3726,3727.092,36.10382738720455,36.10382738720455,1214.414674196532,98.723551831158,0.26931082548165963,1.257345548877723e-05,5.698572841376404,0.15604982162205505
OII_3729,3729.875,48.198964331703564,48.198964331703564,1621.2555233476644,101.24206006437481,0.26931082548165963,1.257345548877723e-05,5.698572841376404,0.15604982162205505
OI_6300,6302.046,2.9180963796412698,2.9180963796412698,98.155218452326,67.36062471629765,0.26931082548165963,1.257345548877723e-05,5.698572841376404,0.15604982162205505
SII_6717,6718.29,9.494930333302932,9.494930333302932,319.3784028372416,68.00025797876262,0.26931082548165963,1.257345548877723e-05,5.698572841376404,0.15604982162205505
SII_6731,6732.67,9.666862598061812,9.666862598061812,325.16164191191723,68.02594549328155,0.26931082548165963,1.257345548877723e-05,5.698572841376404,0.15604982162205505
NII_6548,6549.85,0.8795382328729602,0.8795382328729602,29.584789586501298,67.29964834007839,0.26931082548165963,1.257345548877723e-05,5.698572841376404,0.15604982162205505
NII_6584,6585.28,6.36657061222445,6.36657061222445,214.15061325420376,67.61219833202696,0.26931082548165963,1.257345548877723e-05,5.698572841376404,0.15604982162205505
NII_5755,5756.24,0.0,0.0,0.0,10000000000.0,0.26931082548165963,1.257345548877723e-05,5.698572841376404,0.15604982162205505
HeI_5876,5877.594,0.0,0.0,0.0,10000000000.0,0.26931082548165963,1.257345548877723e-05,5.698572841376404,0.15604982162205505
HeII_4686,4687.02,2.1600499167107046e-12,2.1600499167107046e-12,7.265701466266582e-11,67.29354700151302,0.26931082548165963,1.257345548877723e-05,5.698572841376404,0.15604982162205505
NeIII_3869,3870.16,4.673871180002948,2.0016207421265397,157.21374040004028,67.4654765987674,0.26931082548165963,1.257345548877723e-05,5.698572841376404,0.15604982162205505
