line,wl,amp,amp_err,flux,flux_err,z,zerr,FWHM,FWHMerr
HI_6563,6564.61,56.996641728355826,56.996641728355826,1849.3362405952487,77.64632739931471,0.2692658950985353,1.0419997897640722e-05,5.496914154791153,0.12540610861918353
HI_4861,4862.683,28.823018152084842,28.823018152084842,935.2033806838612,66.12773322363748,0.2692658950985353,1.0419997897640722e-05,5.496914154791153,0.12540610861918353
HI_4341,4341.684,19.82792385165294,19.82792385165294,643.3448891495328,63.821149998714226,0.2692658950985353,1.0419997897640722e-05,5.496914154791153,0.12540610861918353
HI_4102,4102.892,6.761596720947523,6.761596720947523,219.38951982353868,61.92886815122646,0.2692658950985353,1.0419997897640722e-05,5.496914154791153,0.12540610861918353
OIII_4363,4364.436,0.9735181098731118,0.9735181098731118,31.587164907795835,61.68079543050966,0.2692658950985353,1.0419997897640722e-05,5.496914154791153,0.12540610861918353
OIII_5007,5008.24,76.43954172123608,76.43954172123608,2480.1884888815584,88.35023285667222,0.2692658950985353,1.0419997897640722e-05,5.496914154791153,0.12540610861918353
OIII_4959,4960.295,30.54044012391205,30.54044012391205,990.9275531365425,66.6538472817267,0.2692658950985353,1.0419997897640722e-05,5.496914154791153,0.12540610861918353
OII_3726,3727.092,49.21897364704182,49.21897364704182,1596.9788557751688,88.96194134843232,0.2692658950985353,1.0419997897640722e-05,5.496914154791153,0.12540610861918353
OII_3729,3729.875,39.78875340703598,39.78875340703598,1291.0020908676079,87.38823967776217,0.2692658950985353,1.0419997897640722e-05,5.496914154791153,0.12540610861918353
OI_6300,6302.046,3.1329534479593804,3.1329534479593804,101.65308298377633,61.72996735694752,0.2692658950985353,1.0419997897640722e-05,5.496914154791153,0.12540610861918353
SII_6717,6718.29,10.783976450079876,10.783976450079876,349.90129000770014,62.31790918753141,0.2692658950985353,1.0419997897640722e-05,5.496914154791153,0.12540610861918353
SII_6731,6732.67,8.895755786794552,8.895755786794552,288.63531368058784,62.11337381722029,0.2692658950985353,1.0419997897640722e-05,5.496914154791153,0.12540610861918353
NII_6548,6549.85,1.0541214261133973,1.0541214261133973,34.20245291977639,61.68164116984127,0.2692658950985353,1.0419997897640722e-05,5.496914154791153,0.12540610861918353
NII_6584,6585.28,14.345678415639327,14.345678415639327,465.4657219351254,62.8078337094448,0.2692658950985353,1.0419997897640722e-05,5.496914154791153,0.12540610861918353
NII_5755,5756.24,0.0,0.0,0.0,10000000000.0,0.2692658950985353,1.0419997897640722e-05,5.496914154791153,0.12540610861918353
HeI_5876,5877.594,1.9158809787529663,1.9158809787529663,62.163454183165676,61.69588264269717,0.2692658950985353,1.0419997897640722e-05,5.496914154791153,0.12540610861918353
HeII_4686,4687.02,0.0,0.0,0.0,10000000000.0,0.2692658950985353,1.0419997897640722e-05,5.496914154791153,0.12540610861918353
NeIII_3869,3870.16,11.124523154182725,1.9050740035981022,360.95080700405583,62.358907492122455,0.2692658950985353,1.0419997897640722e-05,5.496914154791153,0.12540610861918353
