line,wl,amp,amp_err,flux,flux_err,z,zerr,FWHM,FWHMerr
HI_6563,6564.61,0.0,0.0,0.0,10000000000.0,0.2699850589893021,2.343283946596662e-05,1.551563441218241,0.27342135235515064
HI_4861,4862.683,0.0,0.0,0.0,10000000000.0,0.2699850589893021,2.343283946596662e-05,1.551563441218241,0.27342135235515064
HI_4341,4341.684,4.2125191019327985,4.2125191019327985,38.579720714417014,33.092101830678715,0.2699850589893021,2.343283946596662e-05,1.551563441218241,0.27342135235515064
HI_4102,4102.892,1.397607083441244,1.397607083441244,12.799773637326588,34.215183367051836,0.2699850589893021,2.343283946596662e-05,1.551563441218241,0.27342135235515064
OIII_4363,4364.436,0.32198431427661944,0.32198431427661944,2.948844769277255,33.81035047897469,0.2699850589893021,2.343283946596662e-05,1.551563441218241,0.27342135235515064
OIII_5007,5008.24,0.0,0.0,0.0,10000000000.0,0.2699850589893021,2.343283946596662e-05,1.551563441218241,0.27342135235515064
OIII_4959,4960.295,38.35240960929332,38.35240960929332,351.2447577442614,82.40387700027357,0.2699850589893021,2.343283946596662e-05,1.551563441218241,0.27342135235515064
OII_3726,3727.092,12.352888058447661,12.352888058447661,113.13206178524062,38.59753186824986,0.2699850589893021,2.343283946596662e-05,1.551563441218241,0.27342135235515064
OII_3729,3729.875,0.0,0.0,0.0,10000000000.0,0.2699850589893021,2.343283946596662e-05,1.551563441218241,0.27342135235515064
OI_6300,6302.046,0.0,0.0,0.0,10000000000.0,0.2699850589893021,2.343283946596662e-05,1.551563441218241,0.27342135235515064
SII_6717,6718.29,0.0,0.0,0.0,10000000000.0,0.2699850589893021,2.343283946596662e-05,1.551563441218241,0.27342135235515064
SII_6731,6732.67,0.0,0.0,0.0,10000000000.0,0.2699850589893021,2.343283946596662e-05,1.551563441218241,0.27342135235515064
NII_6548,6549.85,0.0,0.0,0.0,10000000000.0,0.2699850589893021,2.343283946596662e-05,1.551563441218241,0.27342135235515064
NII_6584,6585.28,0.0,0.0,0.0,10000000000.0,0.2699850589893021,2.343283946596662e-05,1.551563441218241,0.27342135235515064
NII_5755,5756.24,3.2034739904370326,3.2034739904370326,29.338533280538535,34.97943554861707,0.2699850589893021,2.343283946596662e-05,1.551563441218241,0.27342135235515064
HeI_5876,5877.594,0.09443220601178837,0.09443220601178837,0.8648431131646427,33.14831606264212,0.2699850589893021,2.343283946596662e-05,1.551563441218241,0.27342135235515064
HeII_4686,4687.02,0.0,0.0,0.0,10000000000.0,0.2699850589893021,2.343283946596662e-05,1.551563441218241,0.27342135235515064
NeIII_3869,3870.16,6.037467738316536,3.4561784056691285,55.29323749764938,33.118723621866174,0.2699850589893021,2.343283946596662e-05,1.551563441218241,0.27342135235515064
