line,wl,amp,amp_err,flux,flux_err,z,zerr,FWHM,FWHMerr
HI_6563,6564.61,26.54102057681962,26.54102057681962,756.1524732382065,77.44065163028039,0.26924845993525176,2.35356023752063e-05,4.82663102439891,0.28729463865020494
HI_4861,4862.683,12.194248143007371,12.194248143007371,347.4135768791276,63.240824177256734,0.26924845993525176,2.35356023752063e-05,4.82663102439891,0.28729463865020494
HI_4341,4341.684,10.243608378132421,10.243608378132421,291.8399383923241,61.98444322401913,0.26924845993525176,2.35356023752063e-05,4.82663102439891,0.28729463865020494
HI_4102,4102.892,0.058280050330495214,0.058280050330495214,1.6603959923206466,58.86327148663101,0.26924845993525176,2.35356023752063e-05,4.82663102439891,0.28729463865020494
OIII_4363,4364.436,0.0,0.0,0.0,10000000000.0,0.26924845993525176,2.35356023752063e-05,4.82663102439891,0.28729463865020494
OIII_5007,5008.24,26.97220046886764,26.97220046886764,768.4367688190422,77.97427430421133,0.26924845993525176,2.35356023752063e-05,4.82663102439891,0.28729463865020494
OIII_4959,4960.295,10.840339308628359,10.840339308628359,308.8407755547927,62.34876404976376,0.26924845993525176,2.35356023752063e-05,4.82663102439891,0.28729463865020494
OII_3726,3727.092,17.729239529919482,17.729239529919482,505.1052306138418,81.63638472470078,0.26924845993525176,2.35356023752063e-05,4.82663102439891,0.28729463865020494
OII_3729,3729.875,24.944008430138865,24.944008430138865,710.6536695652691,85.21447902243798,0.26924845993525176,2.35356023752063e-05,4.82663102439891,0.28729463865020494
OI_6300,6302.046,6.583200953347614,6.583200953347614,187.55509677142996,60.17192983868663,0.26924845993525176,2.35356023752063e-05,4.82663102439891,0.28729463865020494
SII_6717,6718.29,5.3477093067066335,5.3477093067066335,152.35599575838714,59.72999583044416,0.26924845993525176,2.35356023752063e-05,4.82663102439891,0.28729463865020494
SII_6731,6732.67,2.5551069320039232,2.5551069320039232,72.79488068029552,59.06214220207187,0.26924845993525176,2.35356023752063e-05,4.82663102439891,0.28729463865020494
NII_6548,6549.85,3.8586823223776037,3.8586823223776037,109.93368446632668,59.31600758835644,0.26924845993525176,2.35356023752063e-05,4.82663102439891,0.28729463865020494
NII_6584,6585.28,2.576831988250092,2.576831988250092,73.41382654804136,59.06553486560481,0.26924845993525176,2.35356023752063e-05,4.82663102439891,0.28729463865020494
NII_5755,5756.24,0.7332917683858113,0.7332917683858113,20.891449244209586,58.87953683525767,0.26924845993525176,2.35356023752063e-05,4.82663102439891,0.28729463865020494
HeI_5876,5877.594,2.0604072561867497,2.0604072561867497,58.700909338967435,58.99261382022527,0.26924845993525176,2.35356023752063e-05,4.82663102439891,0.28729463865020494
HeII_4686,4687.02,0.0,0.0,0.0,10000000000.0,0.26924845993525176,2.35356023752063e-05,4.82663102439891,0.28729463865020494
NeIII_3869,3870.16,9.988160630676475,2.087368556023027,284.56224364570073,61.834134123929836,0.26924845993525176,2.35356023752063e-05,4.82663102439891,0.28729463865020494
