line,wl,amp,amp_err,flux,flux_err,z,zerr,FWHM,FWHMerr
HI_6563,6564.61,0.8555137067287433,0.8555137067287433,41.74434214921073,68.98763474088277,0.2685891770603135,0.00013636729095871633,8.266525145511409,1.2468429594332076
HI_4861,4862.683,1.5733655204544448,1.5733655204544448,76.77154450600305,69.83129021505586,0.2685891770603135,0.00013636729095871633,8.266525145511409,1.2468429594332076
HI_4341,4341.684,1.6068692048943376,1.6068692048943376,78.40633919779812,69.88292111283141,0.2685891770603135,0.00013636729095871633,8.266525145511409,1.2468429594332076
HI_4102,4102.892,0.08752241555123419,0.08752241555123419,4.270610314902358,68.62449704459242,0.2685891770603135,0.00013636729095871633,8.266525145511409,1.2468429594332076
OIII_4363,4364.436,0.25828394582958936,0.25828394582958936,12.602829529857187,68.65362184430083,0.2685891770603135,0.00013636729095871633,8.266525145511409,1.2468429594332076
OIII_5007,5008.24,2.8564228259010633,2.8564228259010633,139.3776520813085,72.53432704477571,0.2685891770603135,0.00013636729095871633,8.266525145511409,1.2468429594332076
OIII_4959,4960.295,0.0,0.0,0.0,10000000000.0,0.2685891770603135,0.00013636729095871633,8.266525145511409,1.2468429594332076
OII_3726,3727.092,0.0,0.0,0.0,10000000000.0,0.2685891770603135,0.00013636729095871633,8.266525145511409,1.2468429594332076
OII_3729,3729.875,7.497488978399815,7.497488978399815,365.8360382921296,140.5129697024305,0.2685891770603135,0.00013636729095871633,8.266525145511409,1.2468429594332076
OI_6300,6302.046,2.949165265239799,2.949165265239799,143.90297071625133,72.78518842999145,0.2685891770603135,0.00013636729095871633,8.266525145511409,1.2468429594332076
SII_6717,6718.29,0.3170863535206081,0.3170863535206081,15.472062140094682,68.67101528521665,0.2685891770603135,0.00013636729095871633,8.266525145511409,1.2468429594332076
SII_6731,6732.67,0.7705359188572629,0.7705359188572629,37.59789560593532,68.91391616827225,0.2685891770603135,0.00013636729095871633,8.266525145511409,1.2468429594332076
NII_6548,6549.85,2.963673907913062,2.963673907913062,144.6109123180162,72.8298029813159,0.2685891770603135,0.00013636729095871633,8.266525145511409,1.2468429594332076
NII_6584,6585.28,2.513435493118209,2.513435493118209,122.64176525691141,71.66959014879751,0.2685891770603135,0.00013636729095871633,8.266525145511409,1.2468429594332076
NII_5755,5756.24,0.0,0.0,0.0,10000000000.0,0.2685891770603135,0.00013636729095871633,8.266525145511409,1.2468429594332076
HeI_5876,5877.594,1.0004470610895169,1.0004470610895169,48.816289080842125,69.11273223581676,0.2685891770603135,0.00013636729095871633,8.266525145511409,1.2468429594332076
HeII_4686,4687.02,0.0,0.0,0.0,10000000000.0,0.2685891770603135,0.00013636729095871633,8.266525145511409,1.2468429594332076
NeIII_3869,3870.16,0.0,10000000000.0,0.0,10000000000.0,0.2685891770603135,0.00013636729095871633,8.266525145511409,1.2468429594332076
