line,wl,amp,amp_err,flux,flux_err,z,zerr,FWHM,FWHMerr
HI_6563,6564.61,279.30774738974196,279.30774738974196,8367.704554919455,104.15217616654166,0.2692364312839187,3.0600673460807875e-06,5.075463365116542,0.03957807312465573
HI_4861,4862.683,104.46633756218444,104.46633756218444,3129.6784884204344,79.1841532947479,0.2692364312839187,3.0600673460807875e-06,5.075463365116542,0.03957807312465573
HI_4341,4341.684,41.19895354007872,41.19895354007872,1234.268202070978,75.10940335875723,0.2692364312839187,3.0600673460807875e-06,5.075463365116542,0.03957807312465573
HI_4102,4102.892,20.832684217747442,20.832684217747442,624.1206992973164,74.53346231465004,0.2692364312839187,3.0600673460807875e-06,5.075463365116542,0.03957807312465573
OIII_4363,4364.436,5.436911243957184,5.436911243957184,162.8829397176406,74.34811743168372,0.2692364312839187,3.0600673460807875e-06,5.075463365116542,0.03957807312465573
OIII_5007,5008.24,283.3366535505379,283.3366535505379,8488.405454726553,104.89191288916008,0.2692364312839187,3.0600673460807875e-06,5.075463365116542,0.03957807312465573
OIII_4959,4960.295,83.54313317039305,83.54313317039305,2502.845919940332,77.47108421592264,0.2692364312839187,3.0600673460807875e-06,5.075463365116542,0.03957807312465573
OII_3726,3727.092,116.43311272171127,116.43311272171127,3488.187838575851,96.58311814492062,0.2692364312839187,3.0600673460807875e-06,5.075463365116542,0.03957807312465573
OII_3729,3729.875,170.92384227025764,170.92384227025764,5120.660729519375,99.62353714428008,0.2692364312839187,3.0600673460807875e-06,5.075463365116542,0.03957807312465573
OI_6300,6302.046,15.868434789481626,15.868434789481626,475.39810588248804,74.45001846718945,0.2692364312839187,3.0600673460807875e-06,5.075463365116542,0.03957807312465573
SII_6717,6718.29,37.198624095853575,37.198624095853575,1114.4234243143749,74.9668358458016,0.2692364312839187,3.0600673460807875e-06,5.075463365116542,0.03957807312465573
SII_6731,6732.67,27.46785430644013,27.46785430644013,822.9019486278112,74.67997036823265,0.2692364312839187,3.0600673460807875e-06,5.075463365116542,0.03957807312465573
NII_6548,6549.85,11.241670557674297,11.241670557674297,336.7861393371787,74.39252839592017,0.2692364312839187,3.0600673460807875e-06,5.075463365116542,0.03957807312465573
NII_6584,6585.28,38.272177512048756,38.272177512048756,1146.5857180373296,75.00368740440673,0.2692364312839187,3.0600673460807875e-06,5.075463365116542,0.03957807312465573
NII_5755,5756.24,3.4568854854505844,3.4568854854505844,103.56388855220911,74.34004813740941,0.2692364312839187,3.0600673460807875e-06,5.075463365116542,0.03957807312465573
HeI_5876,5877.594,10.26984580233011,10.26984580233011,307.67150679342103,74.38294592104825,0.2692364312839187,3.0600673460807875e-06,5.075463365116542,0.03957807312465573
HeII_4686,4687.02,0.0,0.0,0.0,10000000000.0,0.2692364312839187,3.0600673460807875e-06,5.075463365116542,0.03957807312465573
NeIII_3869,3870.16,21.452894392049757,2.482641952383284,642.7014065960481,74.54545434125393,0.2692364312839187,3.0600673460807875e-06,5.075463365116542,0.03957807312465573
