line,wl,amp,amp_err,flux,flux_err,z,zerr,FWHM,FWHMerr
HI_6563,6564.61,1.7625224215095159,1.7625224215095159,3.7679227820268038,7.124746051820096,0.2704204042979429,5.9529859529382045e-06,0.3621760145133224,0.12304990354038267
HI_4861,4862.683,0.0,0.0,0.0,10000000000.0,0.2704204042979429,5.9529859529382045e-06,0.3621760145133224,0.12304990354038267
HI_4341,4341.684,0.0,0.0,0.0,10000000000.0,0.2704204042979429,5.9529859529382045e-06,0.3621760145133224,0.12304990354038267
HI_4102,4102.892,0.0,0.0,0.0,10000000000.0,0.2704204042979429,5.9529859529382045e-06,0.3621760145133224,0.12304990354038267
OIII_4363,4364.436,0.0,0.0,0.0,10000000000.0,0.2704204042979429,5.9529859529382045e-06,0.3621760145133224,0.12304990354038267
OIII_5007,5008.24,13.214966619451388,13.214966619451388,28.250973253724247,39.75666738597263,0.2704204042979429,5.9529859529382045e-06,0.3621760145133224,0.12304990354038267
OIII_4959,4960.295,40826.19833843431,40826.19833843431,87278.30122647944,471242.1067689928,0.2704204042979429,5.9529859529382045e-06,0.3621760145133224,0.12304990354038267
OII_3726,3727.092,3.1037790113134633,3.1037790113134633,6.635262907514443,11.346977631701055,0.2704204042979429,5.9529859529382045e-06,0.3621760145133224,0.12304990354038267
OII_3729,3729.875,4.359437368451495,4.359437368451495,9.319611017112205,8.383855728712831,0.2704204042979429,5.9529859529382045e-06,0.3621760145133224,0.12304990354038267
OI_6300,6302.046,2.6016723584218653,2.6016723584218653,5.56185863568841,13.25338435463705,0.2704204042979429,5.9529859529382045e-06,0.3621760145133224,0.12304990354038267
SII_6717,6718.29,0.0,0.0,0.0,10000000000.0,0.2704204042979429,5.9529859529382045e-06,0.3621760145133224,0.12304990354038267
SII_6731,6732.67,0.0,0.0,0.0,10000000000.0,0.2704204042979429,5.9529859529382045e-06,0.3621760145133224,0.12304990354038267
NII_6548,6549.85,0.22941523779161344,0.22941523779161344,0.49044420114598225,7.017026505668519,0.2704204042979429,5.9529859529382045e-06,0.3621760145133224,0.12304990354038267
NII_6584,6585.28,0.0,0.0,0.0,10000000000.0,0.2704204042979429,5.9529859529382045e-06,0.3621760145133224,0.12304990354038267
NII_5755,5756.24,0.0,0.0,0.0,10000000000.0,0.2704204042979429,5.9529859529382045e-06,0.3621760145133224,0.12304990354038267
HeI_5876,5877.594,0.0,0.0,0.0,10000000000.0,0.2704204042979429,5.9529859529382045e-06,0.3621760145133224,0.12304990354038267
HeII_4686,4687.02,0.0,0.0,0.0,10000000000.0,0.2704204042979429,5.9529859529382045e-06,0.3621760145133224,0.12304990354038267
NeIII_3869,3870.16,12791.451828590023,62206.322431596134,27345.582769304106,133308.90206717362,0.2704204042979429,5.9529859529382045e-06,0.3621760145133224,0.12304990354038267
