line,wl,amp,amp_err,flux,flux_err,z,zerr,FWHM,FWHMerr
HI_6563,6564.61,0.0,0.0,0.0,10000000000.0,0.26967712804119465,3.706830867820294e-05,1.756849834195272,0.3814042517021845
HI_4861,4862.683,0.0,0.0,0.0,10000000000.0,0.26967712804119465,3.706830867820294e-05,1.756849834195272,0.3814042517021845
HI_4341,4341.684,0.9245591679371046,0.9245591679371046,9.587756806345805,30.117458772960454,0.26967712804119465,3.706830867820294e-05,1.756849834195272,0.3814042517021845
HI_4102,4102.892,1.3966380135128702,1.3966380135128702,14.483254381584624,31.402665489119382,0.26967712804119465,3.706830867820294e-05,1.756849834195272,0.3814042517021845
OIII_4363,4364.436,2.5502305768205815,2.5502305768205815,26.446106878392943,31.319555585722803,0.26967712804119465,3.706830867820294e-05,1.756849834195272,0.3814042517021845
OIII_5007,5008.24,2.6193517041498353,2.6193517041498353,27.16289881772552,30.98004950086553,0.26967712804119465,3.706830867820294e-05,1.756849834195272,0.3814042517021845
OIII_4959,4960.295,1.4946393377758795,1.4946393377758795,15.499536406920067,31.683774414637345,0.26967712804119465,3.706830867820294e-05,1.756849834195272,0.3814042517021845
OII_3726,3727.092,2.2229396873267433,2.2229396873267433,23.05207265946777,30.275126044537302,0.26967712804119465,3.706830867820294e-05,1.756849834195272,0.3814042517021845
OII_3729,3729.875,9.39793035619789,9.39793035619789,97.45733303282736,38.88009265660216,0.26967712804119465,3.706830867820294e-05,1.756849834195272,0.3814042517021845
OI_6300,6302.046,0.0,0.0,0.0,10000000000.0,0.26967712804119465,3.706830867820294e-05,1.756849834195272,0.3814042517021845
SII_6717,6718.29,1.705768351866709,1.705768351866709,17.688962148468857,30.41367796208268,0.26967712804119465,3.706830867820294e-05,1.756849834195272,0.3814042517021845
SII_6731,6732.67,1.4054420537009946,1.4054420537009946,14.574553023320417,30.459720543637015,0.26967712804119465,3.706830867820294e-05,1.756849834195272,0.3814042517021845
NII_6548,6549.85,0.0,0.0,0.0,10000000000.0,0.26967712804119465,3.706830867820294e-05,1.756849834195272,0.3814042517021845
NII_6584,6585.28,1.4055611601221472,1.4055611601221472,14.57578816698638,29.907099118611683,0.26967712804119465,3.706830867820294e-05,1.756849834195272,0.3814042517021845
NII_5755,5756.24,0.0,0.0,0.0,10000000000.0,0.26967712804119465,3.706830867820294e-05,1.756849834195272,0.3814042517021845
HeI_5876,5877.594,0.38415731183317803,0.38415731183317803,3.983743830537214,30.51132222037135,0.26967712804119465,3.706830867820294e-05,1.756849834195272,0.3814042517021845
HeII_4686,4687.02,0.0,0.0,0.0,10000000000.0,0.26967712804119465,3.706830867820294e-05,1.756849834195272,0.3814042517021845
NeIII_3869,3870.16,0.0,10000000000.0,0.0,10000000000.0,0.26967712804119465,3.706830867820294e-05,1.756849834195272,0.3814042517021845
