line,wl,amp,amp_err,flux,flux_err,z,zerr,FWHM,FWHMerr
HI_6563,6564.61,214.41962498564112,214.41962498564112,6241.213455754541,88.93236708414211,0.2692006828562557,3.4556163954657456e-06,4.931248016156712,0.04496914377132393
HI_4861,4862.683,74.27157741632732,74.27157741632732,2161.857938059257,65.92148199347395,0.2692006828562557,3.4556163954657456e-06,4.931248016156712,0.04496914377132393
HI_4341,4341.684,37.26519872602853,37.26519872602853,1084.6957676370869,63.1040499230101,0.2692006828562557,3.4556163954657456e-06,4.931248016156712,0.04496914377132393
HI_4102,4102.892,19.30715985959921,19.30715985959921,561.9826352937797,62.39108069902854,0.2692006828562557,3.4556163954657456e-06,4.931248016156712,0.04496914377132393
OIII_4363,4364.436,0.0,0.0,0.0,10000000000.0,0.2692006828562557,3.4556163954657456e-06,4.931248016156712,0.04496914377132393
OIII_5007,5008.24,197.9540500707849,197.9540500707849,5761.942177660399,85.50417122995248,0.2692006828562557,3.4556163954657456e-06,4.931248016156712,0.04496914377132393
OIII_4959,4960.295,63.5732440260349,63.5732440260349,1850.456487216721,64.92890291987725,0.2692006828562557,3.4556163954657456e-06,4.931248016156712,0.04496914377132393
OII_3726,3727.092,100.84532285528121,100.84532285528121,2935.352517272803,80.85833807322742,0.2692006828562557,3.4556163954657456e-06,4.931248016156712,0.04496914377132393
OII_3729,3729.875,116.69089047116177,116.69089047116177,3396.576949620938,81.91848841651934,0.2692006828562557,3.4556163954657456e-06,4.931248016156712,0.04496914377132393
OI_6300,6302.046,5.947732544640871,5.947732544640871,173.1234647543464,62.15249308197437,0.2692006828562557,3.4556163954657456e-06,4.931248016156712,0.04496914377132393
SII_6717,6718.29,26.858496407422535,26.858496407422535,781.7829603543337,62.636648405986485,0.2692006828562557,3.4556163954657456e-06,4.931248016156712,0.04496914377132393
SII_6731,6732.67,22.76780148358398,22.76780148358398,662.7131681011399,62.493765698829115,0.2692006828562557,3.4556163954657456e-06,4.931248016156712,0.04496914377132393
NII_6548,6549.85,10.248283500923321,10.248283500923321,298.3016358163726,62.201821922445724,0.2692006828562557,3.4556163954657456e-06,4.931248016156712,0.04496914377132393
NII_6584,6585.28,31.90410160094416,31.90410160094416,928.6477775479137,62.84474718004365,0.2692006828562557,3.4556163954657456e-06,4.931248016156712,0.04496914377132393
NII_5755,5756.24,1.2599968722423682,1.2599968722423682,36.67532500243073,62.12854970940478,0.2692006828562557,3.4556163954657456e-06,4.931248016156712,0.04496914377132393
HeI_5876,5877.594,10.115665764463643,10.115665764463643,294.4414686263624,62.199912199016055,0.2692006828562557,3.4556163954657456e-06,4.931248016156712,0.04496914377132393
HeII_4686,4687.02,2.1600499167107046e-12,2.1600499167107046e-12,6.287359473825738e-11,62.127425646529986,0.2692006828562557,3.4556163954657456e-06,4.931248016156712,0.04496914377132393
NeIII_3869,3870.16,19.079872001201466,2.1361871322077297,555.3668600807756,62.38492209423037,0.2692006828562557,3.4556163954657456e-06,4.931248016156712,0.04496914377132393
