line,wl,amp,amp_err,flux,flux_err,z,zerr,FWHM,FWHMerr
HI_6563,6564.61,0.0,0.0,0.0,10000000000.0,0.27013221965918943,1.655095338016038e-05,2.594430633633833,0.19747506059586983
HI_4861,4862.683,0.6263467462591734,0.6263467462591734,9.591897904238794,39.021481844288985,0.27013221965918943,1.655095338016038e-05,2.594430633633833,0.19747506059586983
HI_4341,4341.684,2.2373870274337833,2.2373870274337833,34.26343006902601,39.134085565497216,0.27013221965918943,1.655095338016038e-05,2.594430633633833,0.19747506059586983
HI_4102,4102.892,0.1647812758950522,0.1647812758950522,2.5234667288612846,39.01138024223778,0.27013221965918943,1.655095338016038e-05,2.594430633633833,0.19747506059586983
OIII_4363,4364.436,0.0,0.0,0.0,10000000000.0,0.27013221965918943,1.655095338016038e-05,2.594430633633833,0.19747506059586983
OIII_5007,5008.24,5.534190280915141,5.534190280915141,84.75080053374059,39.66455899327314,0.27013221965918943,1.655095338016038e-05,2.594430633633833,0.19747506059586983
OIII_4959,4960.295,44.13815356780492,44.13815356780492,675.9333631611364,69.57141403715413,0.27013221965918943,1.655095338016038e-05,2.594430633633833,0.19747506059586983
OII_3726,3727.092,15.653918206669005,15.653918206669005,239.72469903682332,43.99782952354671,0.27013221965918943,1.655095338016038e-05,2.594430633633833,0.19747506059586983
OII_3729,3729.875,0.0,0.0,0.0,10000000000.0,0.27013221965918943,1.655095338016038e-05,2.594430633633833,0.19747506059586983
OI_6300,6302.046,0.0,0.0,0.0,10000000000.0,0.27013221965918943,1.655095338016038e-05,2.594430633633833,0.19747506059586983
SII_6717,6718.29,0.0,0.0,0.0,10000000000.0,0.27013221965918943,1.655095338016038e-05,2.594430633633833,0.19747506059586983
SII_6731,6732.67,0.0,0.0,0.0,10000000000.0,0.27013221965918943,1.655095338016038e-05,2.594430633633833,0.19747506059586983
NII_6548,6549.85,0.0,0.0,0.0,10000000000.0,0.27013221965918943,1.655095338016038e-05,2.594430633633833,0.19747506059586983
NII_6584,6585.28,7.728516922203198,7.728516922203198,118.35480221091541,40.32802994501735,0.27013221965918943,1.655095338016038e-05,2.594430633633833,0.19747506059586983
NII_5755,5756.24,0.0,0.0,0.0,10000000000.0,0.27013221965918943,1.655095338016038e-05,2.594430633633833,0.19747506059586983
HeI_5876,5877.594,3.333427624523779,3.333427624523779,51.048237476388174,39.28118643034273,0.27013221965918943,1.655095338016038e-05,2.594430633633833,0.19747506059586983
HeII_4686,4687.02,0.0,0.0,0.0,10000000000.0,0.27013221965918943,1.655095338016038e-05,2.594430633633833,0.19747506059586983
NeIII_3869,3870.16,0.0,10000000000.0,0.0,10000000000.0,0.27013221965918943,1.655095338016038e-05,2.594430633633833,0.19747506059586983
