line,wl,amp,amp_err,flux,flux_err,z,zerr,FWHM,FWHMerr
HI_6563,6564.61,84.54507947865318,84.54507947865318,2598.959381616845,83.31714244465287,0.26920976363166643,8.095930887467949e-06,5.207910320721567,0.10206034652262382
HI_4861,4862.683,34.63291689000516,34.63291689000516,1064.6337411837426,65.14122274993234,0.26920976363166643,8.095930887467949e-06,5.207910320721567,0.10206034652262382
HI_4341,4341.684,17.944338483162937,17.944338483162937,551.6182270489177,62.010931662485,0.26920976363166643,8.095930887467949e-06,5.207910320721567,0.10206034652262382
HI_4102,4102.892,7.270330890603304,7.270330890603304,223.49372420145505,61.01856179854027,0.26920976363166643,8.095930887467949e-06,5.207910320721567,0.10206034652262382
OIII_4363,4364.436,1.097536312172565,1.097536312172565,33.738832736046554,60.82624145692459,0.26920976363166643,8.095930887467949e-06,5.207910320721567,0.10206034652262382
OIII_5007,5008.24,86.51888765966032,86.51888765966032,2659.635263893777,84.23101973995871,0.26920976363166643,8.095930887467949e-06,5.207910320721567,0.10206034652262382
OIII_4959,4960.295,29.685630613174226,29.685630613174226,912.5516074628737,64.02373455134932,0.26920976363166643,8.095930887467949e-06,5.207910320721567,0.10206034652262382
OII_3726,3727.092,45.40007770108696,45.40007770108696,1395.6218220501614,83.45336627856877,0.26920976363166643,8.095930887467949e-06,5.207910320721567,0.10206034652262382
OII_3729,3729.875,62.62614542902793,62.62614542902793,1925.1600353438555,86.05871195398745,0.26920976363166643,8.095930887467949e-06,5.207910320721567,0.10206034652262382
OI_6300,6302.046,1.8301265395238033,1.8301265395238033,56.259034455604386,60.83426131826614,0.26920976363166643,8.095930887467949e-06,5.207910320721567,0.10206034652262382
SII_6717,6718.29,11.364615552079158,11.364615552079158,349.35414798447766,61.30151268688168,0.26920976363166643,8.095930887467949e-06,5.207910320721567,0.10206034652262382
SII_6731,6732.67,11.139761120388698,11.139761120388698,342.4420066943675,61.28276380296096,0.26920976363166643,8.095930887467949e-06,5.207910320721567,0.10206034652262382
NII_6548,6549.85,0.0,0.0,0.0,10000000000.0,0.26920976363166643,8.095930887467949e-06,5.207910320721567,0.10206034652262382
NII_6584,6585.28,14.333102200787607,14.333102200787607,440.60695976772433,61.58310771601953,0.26920976363166643,8.095930887467949e-06,5.207910320721567,0.10206034652262382
NII_5755,5756.24,3.2516411294299132,3.2516411294299132,99.95712667248522,60.86118619841087,0.26920976363166643,8.095930887467949e-06,5.207910320721567,0.10206034652262382
HeI_5876,5877.594,3.2011343912072334,3.2011343912072334,98.40452347016826,60.85996106189625,0.26920976363166643,8.095930887467949e-06,5.207910320721567,0.10206034652262382
HeII_4686,4687.02,0.0,0.0,0.0,10000000000.0,0.26920976363166643,8.095930887467949e-06,5.207910320721567,0.10206034652262382
NeIII_3869,3870.16,0.4911451305461014,1.9785603810328596,15.09805482045251,60.822687032990814,0.26920976363166643,8.095930887467949e-06,5.207910320721567,0.10206034652262382
