line,wl,amp,amp_err,flux,flux_err,z,zerr,FWHM,FWHMerr
HI_6563,6564.61,15.129833913176185,15.129833913176185,571.4740100257729,88.77741964668799,0.2694099354390781,4.8827211145271974e-05,6.399037646051852,0.5439542816819071
HI_4861,4862.683,5.966148074039552,5.966148074039552,225.34937156908774,73.41450155892575,0.2694099354390781,4.8827211145271974e-05,6.399037646051852,0.5439542816819071
HI_4341,4341.684,4.06590536138674,4.06590536138674,153.5746693976225,71.72179578438329,0.2694099354390781,4.8827211145271974e-05,6.399037646051852,0.5439542816819071
HI_4102,4102.892,0.0,0.0,0.0,10000000000.0,0.2694099354390781,4.8827211145271974e-05,6.399037646051852,0.5439542816819071
OIII_4363,4364.436,0.0,0.0,0.0,10000000000.0,0.2694099354390781,4.8827211145271974e-05,6.399037646051852,0.5439542816819071
OIII_5007,5008.24,13.467401931963423,13.467401931963423,508.68173641916155,85.2564263640198,0.2694099354390781,4.8827211145271974e-05,6.399037646051852,0.5439542816819071
OIII_4959,4960.295,10.944049576307975,10.944049576307975,413.37135180624307,80.46372151810033,0.2694099354390781,4.8827211145271974e-05,6.399037646051852,0.5439542816819071
OII_3726,3727.092,21.633833136321755,21.633833136321755,817.138736987421,119.80210628178139,0.2694099354390781,4.8827211145271974e-05,6.399037646051852,0.5439542816819071
OII_3729,3729.875,0.9150164891113945,0.9150164891113945,34.56139342129892,109.70455380205982,0.2694099354390781,4.8827211145271974e-05,6.399037646051852,0.5439542816819071
OI_6300,6302.046,1.074368709128862,1.074368709128862,40.580339346447815,70.3264211704016,0.2694099354390781,4.8827211145271974e-05,6.399037646051852,0.5439542816819071
SII_6717,6718.29,0.7344539666505625,0.7344539666505625,27.741306078423484,70.27006884512187,0.2694099354390781,4.8827211145271974e-05,6.399037646051852,0.5439542816819071
SII_6731,6732.67,0.3736701740067474,0.3736701740067474,14.114020946435858,70.23335638254919,0.2694099354390781,4.8827211145271974e-05,6.399037646051852,0.5439542816819071
NII_6548,6549.85,0.0,0.0,0.0,10000000000.0,0.2694099354390781,4.8827211145271974e-05,6.399037646051852,0.5439542816819071
NII_6584,6585.28,3.2208703279535484,3.2208703279535484,121.65656891221201,71.16620357994118,0.2694099354390781,4.8827211145271974e-05,6.399037646051852,0.5439542816819071
NII_5755,5756.24,0.0,0.0,0.0,10000000000.0,0.2694099354390781,4.8827211145271974e-05,6.399037646051852,0.5439542816819071
HeI_5876,5877.594,0.036102185443610324,0.036102185443610324,1.3636277043455625,70.22070102359993,0.2694099354390781,4.8827211145271974e-05,6.399037646051852,0.5439542816819071
HeII_4686,4687.02,0.0,0.0,0.0,10000000000.0,0.2694099354390781,4.8827211145271974e-05,6.399037646051852,0.5439542816819071
NeIII_3869,3870.16,6.450520601795915,1.8792303964149086,243.64476809304995,73.94092798635118,0.2694099354390781,4.8827211145271974e-05,6.399037646051852,0.5439542816819071
