line,wl,amp,amp_err,flux,flux_err,z,zerr,FWHM,FWHMerr
HI_6563,6564.61,10.13139090993127,10.13139090993127,467.2072338608274,91.6249886107245,0.26923517221013255,7.977017064017769e-05,7.812550321747573,0.9075389441306521
HI_4861,4862.683,3.194594027305129,3.194594027305129,147.3181177268063,71.2652987645783,0.26923517221013255,7.977017064017769e-05,7.812550321747573,0.9075389441306521
HI_4341,4341.684,0.24220661692584144,0.24220661692584144,11.169313722342503,68.66355723054788,0.26923517221013255,7.977017064017769e-05,7.812550321747573,0.9075389441306521
HI_4102,4102.892,2.9714238723564677,2.9714238723564677,137.02666695752947,70.9180512719296,0.26923517221013255,7.977017064017769e-05,7.812550321747573,0.9075389441306521
OIII_4363,4364.436,0.6270391446638541,0.6270391446638541,28.915795166257762,68.75092087721917,0.26923517221013255,7.977017064017769e-05,7.812550321747573,0.9075389441306521
OIII_5007,5008.24,9.599206359591108,9.599206359591108,442.6656409168451,89.54571971564641,0.26923517221013255,7.977017064017769e-05,7.812550321747573,0.9075389441306521
OIII_4959,4960.295,2.274580101405604,2.274580101405604,104.89184425120575,69.98709056699072,0.26923517221013255,7.977017064017769e-05,7.812550321747573,0.9075389441306521
OII_3726,3727.092,5.22685799186911,5.22685799186911,241.03559776483763,122.34654860160809,0.26923517221013255,7.977017064017769e-05,7.812550321747573,0.9075389441306521
OII_3729,3729.875,8.91593578612435,8.91593578612435,411.15674372337276,124.81038686487989,0.26923517221013255,7.977017064017769e-05,7.812550321747573,0.9075389441306521
OI_6300,6302.046,0.29676078089812563,0.29676078089812563,13.685068989479245,68.67123764146967,0.26923517221013255,7.977017064017769e-05,7.812550321747573,0.9075389441306521
SII_6717,6718.29,0.0,0.0,0.0,10000000000.0,0.26923517221013255,7.977017064017769e-05,7.812550321747573,0.9075389441306521
SII_6731,6732.67,1.5481359813685458,1.5481359813685458,71.39200687504837,69.27158628296988,0.26923517221013255,7.977017064017769e-05,7.812550321747573,0.9075389441306521
NII_6548,6549.85,0.0,0.0,0.0,10000000000.0,0.26923517221013255,7.977017064017769e-05,7.812550321747573,0.9075389441306521
NII_6584,6585.28,1.4572513539609417,1.4572513539609417,67.20087894907373,69.20111579289322,0.26923517221013255,7.977017064017769e-05,7.812550321747573,0.9075389441306521
NII_5755,5756.24,1.8836507854871343,1.8836507854871343,86.86421053841154,69.56920123241989,0.26923517221013255,7.977017064017769e-05,7.812550321747573,0.9075389441306521
HeI_5876,5877.594,0.600488594988974,0.600488594988974,27.691421436987717,68.74238936174211,0.26923517221013255,7.977017064017769e-05,7.812550321747573,0.9075389441306521
HeII_4686,4687.02,0.0,0.0,0.0,10000000000.0,0.26923517221013255,7.977017064017769e-05,7.812550321747573,0.9075389441306521
NeIII_3869,3870.16,0.059062749731424447,1.4886403633982441,2.7236678726100343,68.64910646886881,0.26923517221013255,7.977017064017769e-05,7.812550321747573,0.9075389441306521
