line,wl,amp,amp_err,flux,flux_err,z,zerr,FWHM,FWHMerr
HI_6563,6564.61,3.164298826410004,3.164298826410004,20.64360355809885,20.331657242435654,0.27024629139574097,2.2655001099173367e-05,1.1052495884885472,0.2414093493408277
HI_4861,4862.683,3.6241983153497586,3.6241983153497586,23.643946840157255,33.34942967483212,0.27024629139574097,2.2655001099173367e-05,1.1052495884885472,0.2414093493408277
HI_4341,4341.684,0.0,0.0,0.0,10000000000.0,0.27024629139574097,2.2655001099173367e-05,1.1052495884885472,0.2414093493408277
HI_4102,4102.892,0.0,0.0,0.0,10000000000.0,0.27024629139574097,2.2655001099173367e-05,1.1052495884885472,0.2414093493408277
OIII_4363,4364.436,9.497797935771246,9.497797935771246,61.96278733997994,28.962382676607813,0.27024629139574097,2.2655001099173367e-05,1.1052495884885472,0.2414093493408277
OIII_5007,5008.24,0.0,0.0,0.0,10000000000.0,0.27024629139574097,2.2655001099173367e-05,1.1052495884885472,0.2414093493408277
OIII_4959,4960.295,30.381045016487406,30.381045016487406,198.20323029120152,63.14575692306064,0.27024629139574097,2.2655001099173367e-05,1.1052495884885472,0.2414093493408277
OII_3726,3727.092,13.76585296745941,13.76585296745941,89.80719802045945,49.54673193313028,0.27024629139574097,2.2655001099173367e-05,1.1052495884885472,0.2414093493408277
OII_3729,3729.875,9.760655143239433,9.760655143239433,63.677644337072884,39.57753758341052,0.27024629139574097,2.2655001099173367e-05,1.1052495884885472,0.2414093493408277
OI_6300,6302.046,5.980353026446096,5.980353026446096,39.01529020743423,26.335431793622153,0.27024629139574097,2.2655001099173367e-05,1.1052495884885472,0.2414093493408277
SII_6717,6718.29,1.0065142429526759,1.0065142429526759,6.566409225853177,23.70712029070295,0.27024629139574097,2.2655001099173367e-05,1.1052495884885472,0.2414093493408277
SII_6731,6732.67,0.0,0.0,0.0,10000000000.0,0.27024629139574097,2.2655001099173367e-05,1.1052495884885472,0.2414093493408277
NII_6548,6549.85,0.0,0.0,0.0,10000000000.0,0.27024629139574097,2.2655001099173367e-05,1.1052495884885472,0.2414093493408277
NII_6584,6585.28,0.9570152277716488,0.9570152277716488,6.2434820618998454,19.893024514226425,0.27024629139574097,2.2655001099173367e-05,1.1052495884885472,0.2414093493408277
NII_5755,5756.24,1.4418850838765138,1.4418850838765138,9.406729794117764,30.553053905083814,0.27024629139574097,2.2655001099173367e-05,1.1052495884885472,0.2414093493408277
HeI_5876,5877.594,0.0,0.0,0.0,10000000000.0,0.27024629139574097,2.2655001099173367e-05,1.1052495884885472,0.2414093493408277
HeII_4686,4687.02,0.0,0.0,0.0,10000000000.0,0.27024629139574097,2.2655001099173367e-05,1.1052495884885472,0.2414093493408277
NeIII_3869,3870.16,4.659164116403645,2.982013383989508,30.395971495611928,20.556046132797626,0.27024629139574097,2.2655001099173367e-05,1.1052495884885472,0.2414093493408277
