line,wl,amp,amp_err,flux,flux_err,z,zerr,FWHM,FWHMerr
HI_6563,6564.61,13936.583578720754,13936.583578720754,33198.687505001064,1069975.4602396477,0.2709038217255607,2.419083570862299e-05,0.4035681951713427,0.9750148881638421
HI_4861,4862.683,0.2262076920326308,0.2262076920326308,0.5388550527178882,12.643787574816367,0.2709038217255607,2.419083570862299e-05,0.4035681951713427,0.9750148881638421
HI_4341,4341.684,0.0,0.0,0.0,10000000000.0,0.2709038217255607,2.419083570862299e-05,0.4035681951713427,0.9750148881638421
HI_4102,4102.892,0.0,0.0,0.0,10000000000.0,0.2709038217255607,2.419083570862299e-05,0.4035681951713427,0.9750148881638421
OIII_4363,4364.436,0.0,0.0,0.0,10000000000.0,0.2709038217255607,2.419083570862299e-05,0.4035681951713427,0.9750148881638421
OIII_5007,5008.24,14.903839063229952,14.903839063229952,35.50281120837046,101.24281159289579,0.2709038217255607,2.419083570862299e-05,0.4035681951713427,0.9750148881638421
OIII_4959,4960.295,0.0,0.0,0.0,10000000000.0,0.2709038217255607,2.419083570862299e-05,0.4035681951713427,0.9750148881638421
OII_3726,3727.092,0.0,0.0,0.0,10000000000.0,0.2709038217255607,2.419083570862299e-05,0.4035681951713427,0.9750148881638421
OII_3729,3729.875,0.0,0.0,0.0,10000000000.0,0.2709038217255607,2.419083570862299e-05,0.4035681951713427,0.9750148881638421
OI_6300,6302.046,183.3140505472959,183.3140505472959,436.6770266916636,11652.706112195856,0.2709038217255607,2.419083570862299e-05,0.4035681951713427,0.9750148881638421
SII_6717,6718.29,2.037148247050368,2.037148247050368,4.852742257323994,49.6167777225117,0.2709038217255607,2.419083570862299e-05,0.4035681951713427,0.9750148881638421
SII_6731,6732.67,0.0,0.0,0.0,10000000000.0,0.2709038217255607,2.419083570862299e-05,0.4035681951713427,0.9750148881638421
NII_6548,6549.85,0.0,0.0,0.0,10000000000.0,0.2709038217255607,2.419083570862299e-05,0.4035681951713427,0.9750148881638421
NII_6584,6585.28,55.75119278247462,55.75119278247462,132.80632349828286,4493.840401029892,0.2709038217255607,2.419083570862299e-05,0.4035681951713427,0.9750148881638421
NII_5755,5756.24,115.95549331351435,115.95549331351435,276.22050736174447,5308.567283256611,0.2709038217255607,2.419083570862299e-05,0.4035681951713427,0.9750148881638421
HeI_5876,5877.594,4.537352695319441,4.537352695319441,10.808542379201317,27.222706137135653,0.2709038217255607,2.419083570862299e-05,0.4035681951713427,0.9750148881638421
HeII_4686,4687.02,0.0,0.0,0.0,10000000000.0,0.2709038217255607,2.419083570862299e-05,0.4035681951713427,0.9750148881638421
NeIII_3869,3870.16,6.557098249764408,3.205187635037287,15.619829243222576,38.50192151666365,0.2709038217255607,2.419083570862299e-05,0.4035681951713427,0.9750148881638421
