line,wl,amp,amp_err,flux,flux_err,z,zerr,FWHM,FWHMerr
HI_6563,6564.61,15.064632237857609,15.064632237857609,378.2527629092068,65.36223948940831,0.26924284163484874,3.383342427033331e-05,4.2537887344646075,0.42679417579306234
HI_4861,4862.683,10.224196822524164,10.224196822524164,256.71590488141146,57.456378879982125,0.26924284163484874,3.383342427033331e-05,4.2537887344646075,0.42679417579306234
HI_4341,4341.684,5.106469950564815,5.106469950564815,128.2166293220227,51.75846870251313,0.26924284163484874,3.383342427033331e-05,4.2537887344646075,0.42679417579306234
HI_4102,4102.892,0.6117250370516558,0.6117250370516558,15.359597350411788,49.75010913929774,0.26924284163484874,3.383342427033331e-05,4.2537887344646075,0.42679417579306234
OIII_4363,4364.436,1.8554569959834453,1.8554569959834453,46.588043047359854,49.99414785934869,0.26924284163484874,3.383342427033331e-05,4.2537887344646075,0.42679417579306234
OIII_5007,5008.24,17.364429447812313,17.364429447812313,435.99759431705036,69.74029281923387,0.26924284163484874,3.383342427033331e-05,4.2537887344646075,0.42679417579306234
OIII_4959,4960.295,3.154947678733606,3.154947678733606,79.2165157086296,50.50815738658396,0.26924284163484874,3.383342427033331e-05,4.2537887344646075,0.42679417579306234
OII_3726,3727.092,10.009292868752482,10.009292868752482,251.3199540881373,62.76070023071363,0.26924284163484874,3.383342427033331e-05,4.2537887344646075,0.42679417579306234
OII_3729,3729.875,8.521984027241501,8.521984027241501,213.9756187125247,61.61774931140642,0.26924284163484874,3.383342427033331e-05,4.2537887344646075,0.42679417579306234
OI_6300,6302.046,0.0,0.0,0.0,10000000000.0,0.26924284163484874,3.383342427033331e-05,4.2537887344646075,0.42679417579306234
SII_6717,6718.29,3.661991767141444,3.661991767141444,91.9477144746421,50.778612651431004,0.26924284163484874,3.383342427033331e-05,4.2537887344646075,0.42679417579306234
SII_6731,6732.67,2.0158490613392814,2.0158490613392814,50.61527324532631,50.0433230319871,0.26924284163484874,3.383342427033331e-05,4.2537887344646075,0.42679417579306234
NII_6548,6549.85,0.7394101296694089,0.7394101296694089,18.565599216399033,49.7638585179897,0.26924284163484874,3.383342427033331e-05,4.2537887344646075,0.42679417579306234
NII_6584,6585.28,1.6703616458338502,1.6703616458338502,41.94054641483083,49.942342914641124,0.26924284163484874,3.383342427033331e-05,4.2537887344646075,0.42679417579306234
NII_5755,5756.24,1.7130042010830948,1.7130042010830948,43.01124393242447,49.95378197304578,0.26924284163484874,3.383342427033331e-05,4.2537887344646075,0.42679417579306234
HeI_5876,5877.594,2.0298240958298948,2.0298240958298948,50.966167666402306,50.04780584021513,0.26924284163484874,3.383342427033331e-05,4.2537887344646075,0.42679417579306234
HeII_4686,4687.02,0.0,0.0,0.0,10000000000.0,0.26924284163484874,3.383342427033331e-05,4.2537887344646075,0.42679417579306234
NeIII_3869,3870.16,0.0,10000000000.0,0.0,10000000000.0,0.26924284163484874,3.383342427033331e-05,4.2537887344646075,0.42679417579306234
