line,wl,amp,amp_err,flux,flux_err,z,zerr,FWHM,FWHMerr
HI_6563,6564.61,2.772998379358114,2.772998379358114,39.25181148973459,40.231615936125465,0.2700406094322695,1.766451113510676e-05,2.3980731717984356,0.1868941530945901
HI_4861,4862.683,0.0,0.0,0.0,10000000000.0,0.2700406094322695,1.766451113510676e-05,2.3980731717984356,0.1868941530945901
HI_4341,4341.684,0.6309195956991971,0.6309195956991971,8.930671297866724,40.20427271855776,0.2700406094322695,1.766451113510676e-05,2.3980731717984356,0.1868941530945901
HI_4102,4102.892,6.42831558837554,6.42831558837554,90.99285219555233,40.896686453053114,0.2700406094322695,1.766451113510676e-05,2.3980731717984356,0.1868941530945901
OIII_4363,4364.436,2.0277149705632382,2.0277149705632382,28.70231961617106,40.279016563186495,0.2700406094322695,1.766451113510676e-05,2.3980731717984356,0.1868941530945901
OIII_5007,5008.24,3.4092437076352553,3.4092437076352553,48.2578685695586,40.39354759900132,0.2700406094322695,1.766451113510676e-05,2.3980731717984356,0.1868941530945901
OIII_4959,4960.295,44.25956554677123,44.25956554677123,626.4944604336748,67.41670277609191,0.2700406094322695,1.766451113510676e-05,2.3980731717984356,0.1868941530945901
OII_3726,3727.092,13.806662206503233,13.806662206503233,195.43340027394964,43.51912643603231,0.2700406094322695,1.766451113510676e-05,2.3980731717984356,0.1868941530945901
OII_3729,3729.875,0.0,0.0,0.0,10000000000.0,0.2700406094322695,1.766451113510676e-05,2.3980731717984356,0.1868941530945901
OI_6300,6302.046,1.2810480568607545,1.2810480568607545,18.13324422094636,40.165258131457605,0.2700406094322695,1.766451113510676e-05,2.3980731717984356,0.1868941530945901
SII_6717,6718.29,2.1239188159645437,2.1239188159645437,30.06408572191026,40.19252253273135,0.2700406094322695,1.766451113510676e-05,2.3980731717984356,0.1868941530945901
SII_6731,6732.67,0.0,0.0,0.0,10000000000.0,0.2700406094322695,1.766451113510676e-05,2.3980731717984356,0.1868941530945901
NII_6548,6549.85,0.0,0.0,0.0,10000000000.0,0.2700406094322695,1.766451113510676e-05,2.3980731717984356,0.1868941530945901
NII_6584,6585.28,0.0,0.0,0.0,10000000000.0,0.2700406094322695,1.766451113510676e-05,2.3980731717984356,0.1868941530945901
NII_5755,5756.24,0.0,0.0,0.0,10000000000.0,0.2700406094322695,1.766451113510676e-05,2.3980731717984356,0.1868941530945901
HeI_5876,5877.594,0.33674948784027947,0.33674948784027947,4.7666913599246294,40.091778950186,0.2700406094322695,1.766451113510676e-05,2.3980731717984356,0.1868941530945901
HeII_4686,4687.02,0.0,0.0,0.0,10000000000.0,0.2700406094322695,1.766451113510676e-05,2.3980731717984356,0.1868941530945901
NeIII_3869,3870.16,0.0,10000000000.0,0.0,10000000000.0,0.2700406094322695,1.766451113510676e-05,2.3980731717984356,0.1868941530945901
