line,wl,amp,amp_err,flux,flux_err,z,zerr,FWHM,FWHMerr
HI_6563,6564.61,0.8174321679072136,0.8174321679072136,5.7331431612532615,25.111220732973813,0.27020785858964624,1.4388513572308084e-05,1.1882105501334044,0.2801942909970836
HI_4861,4862.683,5.9514243985330495,5.9514243985330495,41.74091677541928,38.644138162480736,0.27020785858964624,1.4388513572308084e-05,1.1882105501334044,0.2801942909970836
HI_4341,4341.684,0.0,0.0,0.0,10000000000.0,0.27020785858964624,1.4388513572308084e-05,1.1882105501334044,0.2801942909970836
HI_4102,4102.892,0.0,0.0,0.0,10000000000.0,0.27020785858964624,1.4388513572308084e-05,1.1882105501334044,0.2801942909970836
OIII_4363,4364.436,6.431814688957388,6.431814688957388,45.110182650201175,27.244081862112143,0.27020785858964624,1.4388513572308084e-05,1.1882105501334044,0.2801942909970836
OIII_5007,5008.24,7.221742438283627,7.221742438283627,50.65042079072902,35.06172538973324,0.27020785858964624,1.4388513572308084e-05,1.1882105501334044,0.2801942909970836
OIII_4959,4960.295,96.70809423460969,96.70809423460969,678.2719971963752,280.8143283537677,0.27020785858964624,1.4388513572308084e-05,1.1882105501334044,0.2801942909970836
OII_3726,3727.092,15.20937857564968,15.20937857564968,106.67251448048665,57.80715226470427,0.27020785858964624,1.4388513572308084e-05,1.1882105501334044,0.2801942909970836
OII_3729,3729.875,9.39596810223793,9.39596810223793,65.89957232367415,35.504544612944315,0.27020785858964624,1.4388513572308084e-05,1.1882105501334044,0.2801942909970836
OI_6300,6302.046,0.0,0.0,0.0,10000000000.0,0.27020785858964624,1.4388513572308084e-05,1.1882105501334044,0.2801942909970836
SII_6717,6718.29,2.3581457453406074,2.3581457453406074,16.53909362014804,24.315495916747945,0.27020785858964624,1.4388513572308084e-05,1.1882105501334044,0.2801942909970836
SII_6731,6732.67,0.0,0.0,0.0,10000000000.0,0.27020785858964624,1.4388513572308084e-05,1.1882105501334044,0.2801942909970836
NII_6548,6549.85,0.0,0.0,0.0,10000000000.0,0.27020785858964624,1.4388513572308084e-05,1.1882105501334044,0.2801942909970836
NII_6584,6585.28,1.4328772614713898,1.4328772614713898,10.049629553424266,25.12204249433929,0.27020785858964624,1.4388513572308084e-05,1.1882105501334044,0.2801942909970836
NII_5755,5756.24,5.185315983955434,5.185315983955434,36.367737947555,37.9183655612871,0.27020785858964624,1.4388513572308084e-05,1.1882105501334044,0.2801942909970836
HeI_5876,5877.594,0.5003882962648731,0.5003882962648731,3.509523910769027,28.424082358069075,0.27020785858964624,1.4388513572308084e-05,1.1882105501334044,0.2801942909970836
HeII_4686,4687.02,0.0,0.0,0.0,10000000000.0,0.27020785858964624,1.4388513572308084e-05,1.1882105501334044,0.2801942909970836
NeIII_3869,3870.16,0.0,10000000000.0,0.0,10000000000.0,0.27020785858964624,1.4388513572308084e-05,1.1882105501334044,0.2801942909970836
