line,wl,amp,amp_err,flux,flux_err,z,zerr,FWHM,FWHMerr
HI_6563,6564.61,36.071265523987904,36.071265523987904,772.7992179622429,61.4468568615031,0.2694455931752199,1.3198188887313261e-05,3.6295905568819045,0.16476924141696966
HI_4861,4862.683,13.068549131895338,13.068549131895338,279.98364909913244,49.389898406822375,0.2694455931752199,1.3198188887313261e-05,3.6295905568819045,0.16476924141696966
HI_4341,4341.684,7.048382615294031,7.048382615294031,151.00619548198475,47.91852309437768,0.2694455931752199,1.3198188887313261e-05,3.6295905568819045,0.16476924141696966
HI_4102,4102.892,1.7869561796695734,1.7869561796695734,38.28416658304063,47.34156092610904,0.2694455931752199,1.3198188887313261e-05,3.6295905568819045,0.16476924141696966
OIII_4363,4364.436,0.02282169343629903,0.02282169343629903,0.4889372907755997,47.30178321742191,0.2694455931752199,1.3198188887313261e-05,3.6295905568819045,0.16476924141696966
OIII_5007,5008.24,44.853818739994495,44.853818739994495,960.958689454257,67.94113185471946,0.2694455931752199,1.3198188887313261e-05,3.6295905568819045,0.16476924141696966
OIII_4959,4960.295,16.955074288294668,16.955074288294668,363.24947184822935,50.76749328931248,0.2694455931752199,1.3198188887313261e-05,3.6295905568819045,0.16476924141696966
OII_3726,3727.092,7.994196413937516,7.994196413937516,171.26953122338003,52.82546448346765,0.2694455931752199,1.3198188887313261e-05,3.6295905568819045,0.16476924141696966
OII_3729,3729.875,33.68564261156712,33.68564261156712,721.6890754626522,61.246614937135604,0.2694455931752199,1.3198188887313261e-05,3.6295905568819045,0.16476924141696966
OI_6300,6302.046,1.2948266783382678,1.2948266783382678,27.740669196954602,47.32265969555494,0.2694455931752199,1.3198188887313261e-05,3.6295905568819045,0.16476924141696966
SII_6717,6718.29,5.990694617441818,5.990694617441818,128.34604076563107,47.74808069857235,0.2694455931752199,1.3198188887313261e-05,3.6295905568819045,0.16476924141696966
SII_6731,6732.67,6.7194508386827465,6.7194508386827465,143.95908426934693,47.862675781599194,0.2694455931752199,1.3198188887313261e-05,3.6295905568819045,0.16476924141696966
NII_6548,6549.85,0.0,0.0,0.0,10000000000.0,0.2694455931752199,1.3198188887313261e-05,3.6295905568819045,0.16476924141696966
NII_6584,6585.28,2.7262822171907146,2.7262822171907146,58.408507014766535,47.39443786586343,0.2694455931752199,1.3198188887313261e-05,3.6295905568819045,0.16476924141696966
NII_5755,5756.24,0.0,0.0,0.0,10000000000.0,0.2694455931752199,1.3198188887313261e-05,3.6295905568819045,0.16476924141696966
HeI_5876,5877.594,0.3664547142718675,0.3664547142718675,7.851011393530039,47.30338905392475,0.2694455931752199,1.3198188887313261e-05,3.6295905568819045,0.16476924141696966
HeII_4686,4687.02,0.0,0.0,0.0,10000000000.0,0.2694455931752199,1.3198188887313261e-05,3.6295905568819045,0.16476924141696966
NeIII_3869,3870.16,1.8527693690659817,2.208262490667863,39.69416372504061,47.34463556692556,0.2694455931752199,1.3198188887313261e-05,3.6295905568819045,0.16476924141696966
