line,wl,amp,amp_err,flux,flux_err,z,zerr,FWHM,FWHMerr
HI_6563,6564.61,0.0,0.0,0.0,10000000000.0,0.270222640177065,2.24301877435023e-05,1.3036299100432491,0.31934439875245635
HI_4861,4862.683,3.7881471481581457,3.7881471481581457,29.149345977624517,33.50082826814442,0.270222640177065,2.24301877435023e-05,1.3036299100432491,0.31934439875245635
HI_4341,4341.684,0.0,0.0,0.0,10000000000.0,0.270222640177065,2.24301877435023e-05,1.3036299100432491,0.31934439875245635
HI_4102,4102.892,2.5972820499056297,2.5972820499056297,19.9857793567982,31.208993400845586,0.270222640177065,2.24301877435023e-05,1.3036299100432491,0.31934439875245635
OIII_4363,4364.436,0.0,0.0,0.0,10000000000.0,0.270222640177065,2.24301877435023e-05,1.3036299100432491,0.31934439875245635
OIII_5007,5008.24,0.0,0.0,0.0,10000000000.0,0.270222640177065,2.24301877435023e-05,1.3036299100432491,0.31934439875245635
OIII_4959,4960.295,54.26735265837715,54.26735265837715,417.58088481275615,154.3688104917501,0.270222640177065,2.24301877435023e-05,1.3036299100432491,0.31934439875245635
OII_3726,3727.092,0.3403263899272133,0.3403263899272133,2.6187714725199323,31.46488414040305,0.270222640177065,2.24301877435023e-05,1.3036299100432491,0.31934439875245635
OII_3729,3729.875,8.961156148683926,8.961156148683926,68.95504074188622,35.83448196671971,0.270222640177065,2.24301877435023e-05,1.3036299100432491,0.31934439875245635
OI_6300,6302.046,2.248635621417293,2.248635621417293,17.30298616783484,24.783628608385886,0.270222640177065,2.24301877435023e-05,1.3036299100432491,0.31934439875245635
SII_6717,6718.29,0.7081819304409009,0.7081819304409009,5.4493765152604485,24.161810023247124,0.270222640177065,2.24301877435023e-05,1.3036299100432491,0.31934439875245635
SII_6731,6732.67,0.0,0.0,0.0,10000000000.0,0.270222640177065,2.24301877435023e-05,1.3036299100432491,0.31934439875245635
NII_6548,6549.85,0.06125483289008571,0.06125483289008571,0.47134872191615834,23.560996370145038,0.270222640177065,2.24301877435023e-05,1.3036299100432491,0.31934439875245635
NII_6584,6585.28,2.3585547632285397,2.3585547632285397,18.148801013168253,23.972962359244015,0.270222640177065,2.24301877435023e-05,1.3036299100432491,0.31934439875245635
NII_5755,5756.24,1.342893254480714,1.342893254480714,10.333405370725666,31.792207472758033,0.270222640177065,2.24301877435023e-05,1.3036299100432491,0.31934439875245635
HeI_5876,5877.594,0.0,0.0,0.0,10000000000.0,0.270222640177065,2.24301877435023e-05,1.3036299100432491,0.31934439875245635
HeII_4686,4687.02,0.0,0.0,0.0,10000000000.0,0.270222640177065,2.24301877435023e-05,1.3036299100432491,0.31934439875245635
NeIII_3869,3870.16,2.9534303440531176,3.1072088871879266,22.726298518123162,24.54918617893768,0.270222640177065,2.24301877435023e-05,1.3036299100432491,0.31934439875245635
