line,wl,amp,amp_err,flux,flux_err,z,zerr,FWHM,FWHMerr
HI_6563,6564.61,232.30710029334955,232.30710029334955,4968.046417524046,72.9430258376604,0.2695131843458464,2.5702438387312244e-06,3.623059804292643,0.03362992693804864
HI_4861,4862.683,78.7798826374742,78.7798826374742,1684.7617365799167,54.48138134580702,0.2695131843458464,2.5702438387312244e-06,3.623059804292643,0.03362992693804864
HI_4341,4341.684,31.818216730084714,31.818216730084714,680.4543530451288,52.080662978207634,0.2695131843458464,2.5702438387312244e-06,3.623059804292643,0.03362992693804864
HI_4102,4102.892,10.653651659314846,10.653651659314846,227.83563607299453,51.653800722890196,0.2695131843458464,2.5702438387312244e-06,3.623059804292643,0.03362992693804864
OIII_4363,4364.436,0.37746191054827705,0.37746191054827705,8.072281432996018,51.59973181929997,0.2695131843458464,2.5702438387312244e-06,3.623059804292643,0.03362992693804864
OIII_5007,5008.24,231.31541506261692,231.31541506261692,4946.838549785042,72.78777043735462,0.2695131843458464,2.5702438387312244e-06,3.623059804292643,0.03362992693804864
OIII_4959,4960.295,83.59348628885368,83.59348628885368,1787.7039468929825,54.833519062767294,0.2695131843458464,2.5702438387312244e-06,3.623059804292643,0.03362992693804864
OII_3726,3727.092,90.55760944809504,90.55760944809504,1936.6364895004879,58.72194324182371,0.2695131843458464,2.5702438387312244e-06,3.623059804292643,0.03362992693804864
OII_3729,3729.875,103.85843999218127,103.85843999218127,2221.0838587423214,59.54774820870767,0.2695131843458464,2.5702438387312244e-06,3.623059804292643,0.03362992693804864
OI_6300,6302.046,4.018067369095434,4.018067369095434,85.92912215424138,51.60738483440406,0.2695131843458464,2.5702438387312244e-06,3.623059804292643,0.03362992693804864
SII_6717,6718.29,26.95972541874289,26.95972541874289,576.5521893858872,51.94541493724668,0.2695131843458464,2.5702438387312244e-06,3.623059804292643,0.03362992693804864
SII_6731,6732.67,23.870789622699704,23.870789622699704,510.4931821660658,51.870897142195844,0.2695131843458464,2.5702438387312244e-06,3.623059804292643,0.03362992693804864
NII_6548,6549.85,7.176586719030524,7.176586719030524,153.4762213230162,51.62424067630321,0.2695131843458464,2.5702438387312244e-06,3.623059804292643,0.03362992693804864
NII_6584,6585.28,18.926776755676997,18.926776755676997,404.7620814756919,51.77035975498901,0.2695131843458464,2.5702438387312244e-06,3.623059804292643,0.03362992693804864
NII_5755,5756.24,0.506301114862481,0.506301114862481,10.82759604293071,51.59978467479364,0.2695131843458464,2.5702438387312244e-06,3.623059804292643,0.03362992693804864
HeI_5876,5877.594,8.126288887972919,8.126288887972919,173.78625253674642,51.63118879294265,0.2695131843458464,2.5702438387312244e-06,3.623059804292643,0.03362992693804864
HeII_4686,4687.02,2.1600499167107046e-12,2.1600499167107046e-12,4.619414661384304e-11,51.59967336936416,0.2695131843458464,2.5702438387312244e-06,3.623059804292643,0.03362992693804864
NeIII_3869,3870.16,18.329485606925687,2.4143123676247473,391.9886012504828,51.75976832531122,0.2695131843458464,2.5702438387312244e-06,3.623059804292643,0.03362992693804864
