line,wl,amp,amp_err,flux,flux_err,z,zerr,FWHM,FWHMerr
HI_6563,6564.61,0.0,0.0,0.0,10000000000.0,0.2703060325397002,2.883221923849628e-05,1.6966243797053386,0.25342851124903853
HI_4861,4862.683,0.9823751227172579,0.9823751227172579,9.838088331220314,32.037738848614275,0.2703060325397002,2.883221923849628e-05,1.6966243797053386,0.25342851124903853
HI_4341,4341.684,1.276449592086692,1.276449592086692,12.783124843963849,33.27900734731358,0.2703060325397002,2.883221923849628e-05,1.6966243797053386,0.25342851124903853
HI_4102,4102.892,10.95969290755886,10.95969290755886,109.7568784207148,38.301526516061344,0.2703060325397002,2.883221923849628e-05,1.6966243797053386,0.25342851124903853
OIII_4363,4364.436,1.8683999458539802,1.8683999458539802,18.71126749883015,33.911595058889404,0.2703060325397002,2.883221923849628e-05,1.6966243797053386,0.25342851124903853
OIII_5007,5008.24,0.0,0.0,0.0,10000000000.0,0.2703060325397002,2.883221923849628e-05,1.6966243797053386,0.25342851124903853
OIII_4959,4960.295,22.098579187373275,22.098579187373275,221.30830577070537,46.39394606371655,0.2703060325397002,2.883221923849628e-05,1.6966243797053386,0.25342851124903853
OII_3726,3727.092,1.7621795241656173,1.7621795241656173,17.647513066349116,32.40095874632447,0.2703060325397002,2.883221923849628e-05,1.6966243797053386,0.25342851124903853
OII_3729,3729.875,0.0,0.0,0.0,10000000000.0,0.2703060325397002,2.883221923849628e-05,1.6966243797053386,0.25342851124903853
OI_6300,6302.046,1.0461765015697893,1.0461765015697893,10.477033257949195,33.71775535845121,0.2703060325397002,2.883221923849628e-05,1.6966243797053386,0.25342851124903853
SII_6717,6718.29,0.0,0.0,0.0,10000000000.0,0.2703060325397002,2.883221923849628e-05,1.6966243797053386,0.25342851124903853
SII_6731,6732.67,0.0,0.0,0.0,10000000000.0,0.2703060325397002,2.883221923849628e-05,1.6966243797053386,0.25342851124903853
NII_6548,6549.85,0.0,0.0,0.0,10000000000.0,0.2703060325397002,2.883221923849628e-05,1.6966243797053386,0.25342851124903853
NII_6584,6585.28,0.0,0.0,0.0,10000000000.0,0.2703060325397002,2.883221923849628e-05,1.6966243797053386,0.25342851124903853
NII_5755,5756.24,0.0,0.0,0.0,10000000000.0,0.2703060325397002,2.883221923849628e-05,1.6966243797053386,0.25342851124903853
HeI_5876,5877.594,0.0,0.0,0.0,10000000000.0,0.2703060325397002,2.883221923849628e-05,1.6966243797053386,0.25342851124903853
HeII_4686,4687.02,0.0,0.0,0.0,10000000000.0,0.2703060325397002,2.883221923849628e-05,1.6966243797053386,0.25342851124903853
NeIII_3869,3870.16,0.0,10000000000.0,0.0,10000000000.0,0.2703060325397002,2.883221923849628e-05,1.6966243797053386,0.25342851124903853
