line,wl,amp,amp_err,flux,flux_err,z,zerr,FWHM,FWHMerr
HI_6563,6564.61,122.29402591686471,122.29402591686471,2445.431819098822,65.25748401450826,0.269375125774581,4.392754520838319e-06,3.3876821702868782,0.056738620251173655
HI_4861,4862.683,38.92016407479309,38.92016407479309,778.2604826318075,48.723359804849174,0.269375125774581,4.392754520838319e-06,3.3876821702868782,0.056738620251173655
HI_4341,4341.684,14.83550101365995,14.83550101365995,296.65558852187445,46.823575695448675,0.269375125774581,4.392754520838319e-06,3.3876821702868782,0.056738620251173655
HI_4102,4102.892,4.9656530554748315,4.9656530554748315,99.29484202865596,46.5302212412676,0.269375125774581,4.392754520838319e-06,3.3876821702868782,0.056738620251173655
OIII_4363,4364.436,1.7871177799565885,1.7871177799565885,35.73579862808666,46.497756235011664,0.269375125774581,4.392754520838319e-06,3.3876821702868782,0.056738620251173655
OIII_5007,5008.24,118.06811744781248,118.06811744781248,2360.929154660866,64.15545022433702,0.269375125774581,4.392754520838319e-06,3.3876821702868782,0.056738620251173655
OIII_4959,4960.295,45.5556143419592,45.5556143419592,910.9451423747662,49.52343033991859,0.269375125774581,4.392754520838319e-06,3.3876821702868782,0.056738620251173655
OII_3726,3727.092,44.52706614602994,44.52706614602994,890.3779522201796,52.432103480211055,0.269375125774581,4.392754520838319e-06,3.3876821702868782,0.056738620251173655
OII_3729,3729.875,73.3273763638224,73.3273763638224,1466.2784876591245,55.98109469983718,0.269375125774581,4.392754520838319e-06,3.3876821702868782,0.056738620251173655
OI_6300,6302.046,3.49736473312646,3.49736473312646,69.9344627610471,46.511351505020194,0.269375125774581,4.392754520838319e-06,3.3876821702868782,0.056738620251173655
SII_6717,6718.29,15.502261062645971,15.502261062645971,309.98834314557723,46.85403109129477,0.269375125774581,4.392754520838319e-06,3.3876821702868782,0.056738620251173655
SII_6731,6732.67,12.37621613356339,12.37621613356339,247.47891408558533,46.72328687876809,0.269375125774581,4.392754520838319e-06,3.3876821702868782,0.056738620251173655
NII_6548,6549.85,4.150911962448731,4.150911962448731,83.00300946957573,46.51902504549171,0.269375125774581,4.392754520838319e-06,3.3876821702868782,0.056738620251173655
NII_6584,6585.28,7.721911048831885,7.721911048831885,154.409889129835,46.582881681984915,0.269375125774581,4.392754520838319e-06,3.3876821702868782,0.056738620251173655
NII_5755,5756.24,1.14934563156487,1.14934563156487,22.98269565908017,46.49503716643494,0.269375125774581,4.392754520838319e-06,3.3876821702868782,0.056738620251173655
HeI_5876,5877.594,6.758804199590713,6.758804199590713,135.15128580339416,46.56174820863285,0.269375125774581,4.392754520838319e-06,3.3876821702868782,0.056738620251173655
HeII_4686,4687.02,2.1600499167107046e-12,2.1600499167107046e-12,4.319307306766551e-11,46.492935530462496,0.269375125774581,4.392754520838319e-06,3.3876821702868782,0.056738620251173655
NeIII_3869,3870.16,4.0062554748222965,2.325319303359225,80.11041046460687,46.5172086965112,0.269375125774581,4.392754520838319e-06,3.3876821702868782,0.056738620251173655
