line,wl,amp,amp_err,flux,flux_err,z,zerr,FWHM,FWHMerr
HI_6563,6564.61,1386.1172501581832,1386.1172501581832,38593.32441281419,160.99061159493965,0.26922985200499266,9.535036201060628e-07,4.716985742992797,0.012878452341624897
HI_4861,4862.683,416.6101917109934,416.6101917109934,11599.575923719456,115.29713324880835,0.26922985200499266,9.535036201060628e-07,4.716985742992797,0.012878452341624897
HI_4341,4341.684,167.89808699050855,167.89808699050855,4674.745472488801,110.64968935795183,0.26922985200499266,9.535036201060628e-07,4.716985742992797,0.012878452341624897
HI_4102,4102.892,75.78605159216909,75.78605159216909,2110.0925442844564,109.91462136936683,0.26922985200499266,9.535036201060628e-07,4.716985742992797,0.012878452341624897
OIII_4363,4364.436,10.147593475850499,10.147593475850499,282.53696934957156,109.72919938798127,0.26922985200499266,9.535036201060628e-07,4.716985742992797,0.012878452341624897
OIII_5007,5008.24,1253.765231149539,1253.765231149539,34908.279438654434,152.95159484924923,0.26922985200499266,9.535036201060628e-07,4.716985742992797,0.012878452341624897
OIII_4959,4960.295,409.95974659184776,409.95974659184776,11414.409202835264,115.12481575514835,0.26922985200499266,9.535036201060628e-07,4.716985742992797,0.012878452341624897
OII_3726,3727.092,403.41256469851464,403.41256469851464,11232.117614753324,131.39408055771668,0.26922985200499266,9.535036201060628e-07,4.716985742992797,0.012878452341624897
OII_3729,3729.875,524.1006234241897,524.1006234241897,14592.405788514387,133.28364533467743,0.26922985200499266,9.535036201060628e-07,4.716985742992797,0.012878452341624897
OI_6300,6302.046,34.20732283667394,34.20732283667394,952.4261438770543,109.76430876759366,0.26922985200499266,9.535036201060628e-07,4.716985742992797,0.012878452341624897
SII_6717,6718.29,159.89564570778475,159.89564570778475,4451.935452280618,110.56410672912608,0.26922985200499266,9.535036201060628e-07,4.716985742992797,0.012878452341624897
SII_6731,6732.67,120.28615338122745,120.28615338122745,3349.0980213120256,110.20100226258064,0.26922985200499266,9.535036201060628e-07,4.716985742992797,0.012878452341624897
NII_6548,6549.85,66.40340286112882,66.40340286112882,1848.8537448342709,109.87084644427478,0.26922985200499266,9.535036201060628e-07,4.716985742992797,0.012878452341624897
NII_6584,6585.28,237.91296733803574,237.91296733803574,6624.152703852614,111.5733314744282,0.26922985200499266,9.535036201060628e-07,4.716985742992797,0.012878452341624897
NII_5755,5756.24,0.1704247306877278,0.1704247306877278,4.745094196502767,109.72580578453342,0.26922985200499266,9.535036201060628e-07,4.716985742992797,0.012878452341624897
HeI_5876,5877.594,55.57592039337419,55.57592039337419,1547.38679216167,109.82743208929193,0.26922985200499266,9.535036201060628e-07,4.716985742992797,0.012878452341624897
HeII_4686,4687.02,0.0,0.0,0.0,10000000000.0,0.26922985200499266,9.535036201060628e-07,4.716985742992797,0.012878452341624897
NeIII_3869,3870.16,95.94892120577151,3.9430852659634263,2671.4824036215573,110.02837812881862,0.26922985200499266,9.535036201060628e-07,4.716985742992797,0.012878452341624897
