line,wl,amp,amp_err,flux,flux_err,z,zerr,FWHM,FWHMerr
HI_6563,6564.61,0.008837019683255676,0.008837019683255676,0.06430121263870935,23.0750721886944,0.27020976625788257,9.879169408350952e-06,1.2327235212654142,0.21468998887828378
HI_4861,4862.683,1.0238850300457898,1.0238850300457898,7.450141721344496,31.622454430486474,0.27020976625788257,9.879169408350952e-06,1.2327235212654142,0.21468998887828378
HI_4341,4341.684,0.2505957620434174,0.2505957620434174,1.823421465502125,22.259954365601576,0.27020976625788257,9.879169408350952e-06,1.2327235212654142,0.21468998887828378
HI_4102,4102.892,0.0,0.0,0.0,10000000000.0,0.27020976625788257,9.879169408350952e-06,1.2327235212654142,0.21468998887828378
OIII_4363,4364.436,0.0,0.0,0.0,10000000000.0,0.27020976625788257,9.879169408350952e-06,1.2327235212654142,0.21468998887828378
OIII_5007,5008.24,0.0,0.0,0.0,10000000000.0,0.27020976625788257,9.879169408350952e-06,1.2327235212654142,0.21468998887828378
OIII_4959,4960.295,55.05691461629954,55.05691461629954,400.6131592851307,115.28863014175215,0.27020976625788257,9.879169408350952e-06,1.2327235212654142,0.21468998887828378
OII_3726,3727.092,39.9154529205407,39.9154529205407,290.43864535882824,92.94205519949749,0.27020976625788257,9.879169408350952e-06,1.2327235212654142,0.21468998887828378
OII_3729,3729.875,12.5517760429816,12.5517760429816,91.33106513981117,33.87234852480689,0.27020976625788257,9.879169408350952e-06,1.2327235212654142,0.21468998887828378
OI_6300,6302.046,1.5296140988817797,1.5296140988817797,11.13000139783885,22.633135567766427,0.27020976625788257,9.879169408350952e-06,1.2327235212654142,0.21468998887828378
SII_6717,6718.29,0.0,0.0,0.0,10000000000.0,0.27020976625788257,9.879169408350952e-06,1.2327235212654142,0.21468998887828378
SII_6731,6732.67,6.343990943782842,6.343990943782842,46.16107299468427,31.45141424460878,0.27020976625788257,9.879169408350952e-06,1.2327235212654142,0.21468998887828378
NII_6548,6549.85,0.0,0.0,0.0,10000000000.0,0.27020976625788257,9.879169408350952e-06,1.2327235212654142,0.21468998887828378
NII_6584,6585.28,0.29354868709799575,0.29354868709799575,2.13596180900982,23.02052195294563,0.27020976625788257,9.879169408350952e-06,1.2327235212654142,0.21468998887828378
NII_5755,5756.24,1.1511650157697204,1.1511650157697204,8.376274933675553,31.712815609682952,0.27020976625788257,9.879169408350952e-06,1.2327235212654142,0.21468998887828378
HeI_5876,5877.594,3.723168239558049,3.723168239558049,27.091060249094244,26.3602818442342,0.27020976625788257,9.879169408350952e-06,1.2327235212654142,0.21468998887828378
HeII_4686,4687.02,0.0,0.0,0.0,10000000000.0,0.27020976625788257,9.879169408350952e-06,1.2327235212654142,0.21468998887828378
NeIII_3869,3870.16,0.0,10000000000.0,0.0,10000000000.0,0.27020976625788257,9.879169408350952e-06,1.2327235212654142,0.21468998887828378
