line,wl,amp,amp_err,flux,flux_err,z,zerr,FWHM,FWHMerr
HI_6563,6564.61,0.45666655794377675,0.45666655794377675,6.342287088992701,36.392317450135174,0.2701217295198352,2.7228645340296115e-05,2.3528759446288423,0.32037139545816823
HI_4861,4862.683,3.252822947261393,3.252822947261393,45.17593115223264,36.902699717397724,0.2701217295198352,2.7228645340296115e-05,2.3528759446288423,0.32037139545816823
HI_4341,4341.684,3.0208141248957645,3.0208141248957645,41.95374084066819,36.89740689055194,0.2701217295198352,2.7228645340296115e-05,2.3528759446288423,0.32037139545816823
HI_4102,4102.892,0.4004807572550817,0.4004807572550817,5.5619661478291045,36.27072564291564,0.2701217295198352,2.7228645340296115e-05,2.3528759446288423,0.32037139545816823
OIII_4363,4364.436,1.074109252405492,1.074109252405492,14.917469048691897,36.35973481223064,0.2701217295198352,2.7228645340296115e-05,2.3528759446288423,0.32037139545816823
OIII_5007,5008.24,3.371254329454132,3.371254329454132,46.82073262312346,36.935868296102406,0.2701217295198352,2.7228645340296115e-05,2.3528759446288423,0.32037139545816823
OIII_4959,4960.295,24.890390330122727,24.890390330122727,345.6832966738974,64.04289980374992,0.2701217295198352,2.7228645340296115e-05,2.3528759446288423,0.32037139545816823
OII_3726,3727.092,7.077116839188079,7.077116839188079,98.28857834166497,39.37452407139509,0.2701217295198352,2.7228645340296115e-05,2.3528759446288423,0.32037139545816823
OII_3729,3729.875,1.9079150625793773,1.9079150625793773,26.497550253683485,36.644789820952305,0.2701217295198352,2.7228645340296115e-05,2.3528759446288423,0.32037139545816823
OI_6300,6302.046,1.2154727506572272,1.2154727506572272,16.880756866073973,36.45911280525105,0.2701217295198352,2.7228645340296115e-05,2.3528759446288423,0.32037139545816823
SII_6717,6718.29,0.0,0.0,0.0,10000000000.0,0.2701217295198352,2.7228645340296115e-05,2.3528759446288423,0.32037139545816823
SII_6731,6732.67,0.0,0.0,0.0,10000000000.0,0.2701217295198352,2.7228645340296115e-05,2.3528759446288423,0.32037139545816823
NII_6548,6549.85,0.0,0.0,0.0,10000000000.0,0.2701217295198352,2.7228645340296115e-05,2.3528759446288423,0.32037139545816823
NII_6584,6585.28,0.0,0.0,0.0,10000000000.0,0.2701217295198352,2.7228645340296115e-05,2.3528759446288423,0.32037139545816823
NII_5755,5756.24,3.097598338402804,3.097598338402804,43.02013713681237,36.83236290851414,0.2701217295198352,2.7228645340296115e-05,2.3528759446288423,0.32037139545816823
HeI_5876,5877.594,0.8816308173403513,0.8816308173403513,12.244285579510743,36.40622922622573,0.2701217295198352,2.7228645340296115e-05,2.3528759446288423,0.32037139545816823
HeII_4686,4687.02,0.0,0.0,0.0,10000000000.0,0.2701217295198352,2.7228645340296115e-05,2.3528759446288423,0.32037139545816823
NeIII_3869,3870.16,3.2179250468597047,2.6290901823109327,44.6912613219145,37.01699368905953,0.2701217295198352,2.7228645340296115e-05,2.3528759446288423,0.32037139545816823
