line,wl,amp,amp_err,flux,flux_err,z,zerr,FWHM,FWHMerr
HI_6563,6564.61,0.0,0.0,0.0,10000000000.0,0.2701067129175235,2.14157242031115e-05,1.7866724807261476,0.22996998795529922
HI_4861,4862.683,1.2814985909869847,1.2814985909869847,13.51483473811552,29.866267735564502,0.2701067129175235,2.14157242031115e-05,1.7866724807261476,0.22996998795529922
HI_4341,4341.684,1.33774484000935,1.33774484000935,14.108014290182524,31.092758057743875,0.2701067129175235,2.14157242031115e-05,1.7866724807261476,0.22996998795529922
HI_4102,4102.892,0.0,0.0,0.0,10000000000.0,0.2701067129175235,2.14157242031115e-05,1.7866724807261476,0.22996998795529922
OIII_4363,4364.436,0.6608464015782829,0.6608464015782829,6.969363811574822,30.455339318659693,0.2701067129175235,2.14157242031115e-05,1.7866724807261476,0.22996998795529922
OIII_5007,5008.24,0.0,0.0,0.0,10000000000.0,0.2701067129175235,2.14157242031115e-05,1.7866724807261476,0.22996998795529922
OIII_4959,4960.295,31.363692268174646,31.363692268174646,330.76518441977504,56.85799854190193,0.2701067129175235,2.14157242031115e-05,1.7866724807261476,0.22996998795529922
OII_3726,3727.092,9.991746133805009,9.991746133805009,105.37412892477448,33.69340879137272,0.2701067129175235,2.14157242031115e-05,1.7866724807261476,0.22996998795529922
OII_3729,3729.875,0.0,0.0,0.0,10000000000.0,0.2701067129175235,2.14157242031115e-05,1.7866724807261476,0.22996998795529922
OI_6300,6302.046,0.0,0.0,0.0,10000000000.0,0.2701067129175235,2.14157242031115e-05,1.7866724807261476,0.22996998795529922
SII_6717,6718.29,0.0,0.0,0.0,10000000000.0,0.2701067129175235,2.14157242031115e-05,1.7866724807261476,0.22996998795529922
SII_6731,6732.67,0.0,0.0,0.0,10000000000.0,0.2701067129175235,2.14157242031115e-05,1.7866724807261476,0.22996998795529922
NII_6548,6549.85,0.0,0.0,0.0,10000000000.0,0.2701067129175235,2.14157242031115e-05,1.7866724807261476,0.22996998795529922
NII_6584,6585.28,0.0,0.0,0.0,10000000000.0,0.2701067129175235,2.14157242031115e-05,1.7866724807261476,0.22996998795529922
NII_5755,5756.24,0.0,0.0,0.0,10000000000.0,0.2701067129175235,2.14157242031115e-05,1.7866724807261476,0.22996998795529922
HeI_5876,5877.594,0.0,0.0,0.0,10000000000.0,0.2701067129175235,2.14157242031115e-05,1.7866724807261476,0.22996998795529922
HeII_4686,4687.02,0.0,0.0,0.0,10000000000.0,0.2701067129175235,2.14157242031115e-05,1.7866724807261476,0.22996998795529922
NeIII_3869,3870.16,0.0,10000000000.0,0.0,10000000000.0,0.2701067129175235,2.14157242031115e-05,1.7866724807261476,0.22996998795529922
