line,wl,amp,amp_err,flux,flux_err,z,zerr,FWHM,FWHMerr
HI_6563,6564.61,0.0,0.0,0.0,10000000000.0,0.2701518858968359,1.3258637196749941e-05,1.1764464426882693,0.2972948555803668
HI_4861,4862.683,8.537328573898662,8.537328573898662,59.28458927015703,32.55424292795637,0.2701518858968359,1.3258637196749941e-05,1.1764464426882693,0.2972948555803668
HI_4341,4341.684,3.0947202218662824,3.0947202218662824,21.49023733493352,27.173294391924784,0.2701518858968359,1.3258637196749941e-05,1.1764464426882693,0.2972948555803668
HI_4102,4102.892,0.0,0.0,0.0,10000000000.0,0.2701518858968359,1.3258637196749941e-05,1.1764464426882693,0.2972948555803668
OIII_4363,4364.436,0.0,0.0,0.0,10000000000.0,0.2701518858968359,1.3258637196749941e-05,1.1764464426882693,0.2972948555803668
OIII_5007,5008.24,4.054873271769452,4.054873271769452,28.157695276522833,26.126099016447117,0.2701518858968359,1.3258637196749941e-05,1.1764464426882693,0.2972948555803668
OIII_4959,4960.295,81.93287289882937,81.93287289882937,568.9551099604587,260.74514868105365,0.2701518858968359,1.3258637196749941e-05,1.1764464426882693,0.2972948555803668
OII_3726,3727.092,13.692026746125634,13.692026746125634,95.07964638982841,46.69165980860359,0.2701518858968359,1.3258637196749941e-05,1.1764464426882693,0.2972948555803668
OII_3729,3729.875,0.9172776331732848,0.9172776331732848,6.369724119045655,25.615516192525313,0.2701518858968359,1.3258637196749941e-05,1.1764464426882693,0.2972948555803668
OI_6300,6302.046,0.0,0.0,0.0,10000000000.0,0.2701518858968359,1.3258637196749941e-05,1.1764464426882693,0.2972948555803668
SII_6717,6718.29,0.0,0.0,0.0,10000000000.0,0.2701518858968359,1.3258637196749941e-05,1.1764464426882693,0.2972948555803668
SII_6731,6732.67,0.0,0.0,0.0,10000000000.0,0.2701518858968359,1.3258637196749941e-05,1.1764464426882693,0.2972948555803668
NII_6548,6549.85,0.0,0.0,0.0,10000000000.0,0.2701518858968359,1.3258637196749941e-05,1.1764464426882693,0.2972948555803668
NII_6584,6585.28,0.0,0.0,0.0,10000000000.0,0.2701518858968359,1.3258637196749941e-05,1.1764464426882693,0.2972948555803668
NII_5755,5756.24,1.6586115602851805,1.6586115602851805,11.517666710271376,26.543632001475636,0.2701518858968359,1.3258637196749941e-05,1.1764464426882693,0.2972948555803668
HeI_5876,5877.594,0.0,0.0,0.0,10000000000.0,0.2701518858968359,1.3258637196749941e-05,1.1764464426882693,0.2972948555803668
HeII_4686,4687.02,0.0,0.0,0.0,10000000000.0,0.2701518858968359,1.3258637196749941e-05,1.1764464426882693,0.2972948555803668
NeIII_3869,3870.16,8.291516873308751,4.679028366739335,57.57763309749366,35.60103726545667,0.2701518858968359,1.3258637196749941e-05,1.1764464426882693,0.2972948555803668
