line,wl,amp,amp_err,flux,flux_err,z,zerr,FWHM,FWHMerr
HI_6563,6564.61,12.836053475284757,12.836053475284757,430.4397359514262,72.60974624996766,0.26918542522140515,4.487807021012008e-05,5.681109765285832,0.5405025544419352
HI_4861,4862.683,7.627656432611616,7.627656432611616,255.78316786411685,62.58126342968504,0.26918542522140515,4.487807021012008e-05,5.681109765285832,0.5405025544419352
HI_4341,4341.684,0.0,0.0,0.0,10000000000.0,0.26918542522140515,4.487807021012008e-05,5.681109765285832,0.5405025544419352
HI_4102,4102.892,1.1093685888014306,1.1093685888014306,37.20117895706264,56.49712877150414,0.26918542522140515,4.487807021012008e-05,5.681109765285832,0.5405025544419352
OIII_4363,4364.436,3.9247832100102187,3.9247832100102187,131.6123099546305,58.07094119563844,0.26918542522140515,4.487807021012008e-05,5.681109765285832,0.5405025544419352
OIII_5007,5008.24,13.951639750355866,13.951639750355866,467.8494166291542,75.1821997860357,0.26918542522140515,4.487807021012008e-05,5.681109765285832,0.5405025544419352
OIII_4959,4960.295,3.9756117019694557,3.9756117019694557,133.31677485888392,58.11434610777493,0.26918542522140515,4.487807021012008e-05,5.681109765285832,0.5405025544419352
OII_3726,3727.092,11.181539536335663,11.181539536335663,374.9578431422032,84.50975707647186,0.26918542522140515,4.487807021012008e-05,5.681109765285832,0.5405025544419352
OII_3729,3729.875,9.26987022608148,9.26987022608148,310.85259188903325,83.15159224452132,0.26918542522140515,4.487807021012008e-05,5.681109765285832,0.5405025544419352
OI_6300,6302.046,1.2235092759804047,1.2235092759804047,41.02873291242991,56.52710146889444,0.26918542522140515,4.487807021012008e-05,5.681109765285832,0.5405025544419352
SII_6717,6718.29,1.684610132388002,1.684610132388002,56.49112805290042,56.67780260108008,0.26918542522140515,4.487807021012008e-05,5.681109765285832,0.5405025544419352
SII_6731,6732.67,3.7141606320791425,3.7141606320791425,124.54936595828275,57.89432930558615,0.26918542522140515,4.487807021012008e-05,5.681109765285832,0.5405025544419352
NII_6548,6549.85,0.0,0.0,0.0,10000000000.0,0.26918542522140515,4.487807021012008e-05,5.681109765285832,0.5405025544419352
NII_6584,6585.28,3.6449785415892393,3.6449785415892393,122.22943788846135,57.83840871479531,0.26918542522140515,4.487807021012008e-05,5.681109765285832,0.5405025544419352
NII_5755,5756.24,0.8367965734787504,0.8367965734787504,28.060844154847285,56.437371595404564,0.26918542522140515,4.487807021012008e-05,5.681109765285832,0.5405025544419352
HeI_5876,5877.594,1.4094973727729894,1.4094973727729894,47.26559281860387,56.582144060619086,0.26918542522140515,4.487807021012008e-05,5.681109765285832,0.5405025544419352
HeII_4686,4687.02,0.0,0.0,0.0,10000000000.0,0.26918542522140515,4.487807021012008e-05,5.681109765285832,0.5405025544419352
NeIII_3869,3870.16,0.0,10000000000.0,0.0,10000000000.0,0.26918542522140515,4.487807021012008e-05,5.681109765285832,0.5405025544419352
