line,wl,amp,amp_err,flux,flux_err,z,zerr,FWHM,FWHMerr
HI_6563,6564.61,0.0,0.0,0.0,10000000000.0,0.26998898258525866,1.0448202914866202e-05,0.5678470034157423,0.36688151390610957
HI_4861,4862.683,0.0,0.0,0.0,10000000000.0,0.26998898258525866,1.0448202914866202e-05,0.5678470034157423,0.36688151390610957
HI_4341,4341.684,8.95989901279188,8.95989901279188,30.031851738708397,47.91702760318537,0.26998898258525866,1.0448202914866202e-05,0.5678470034157423,0.36688151390610957
HI_4102,4102.892,0.0,0.0,0.0,10000000000.0,0.26998898258525866,1.0448202914866202e-05,0.5678470034157423,0.36688151390610957
OIII_4363,4364.436,21.50773483667706,21.50773483667706,72.08977499951455,197.43465499961434,0.26998898258525866,1.0448202914866202e-05,0.5678470034157423,0.36688151390610957
OIII_5007,5008.24,0.0,0.0,0.0,10000000000.0,0.26998898258525866,1.0448202914866202e-05,0.5678470034157423,0.36688151390610957
OIII_4959,4960.295,74.03447549132534,74.03447549132534,248.1492691306261,281.30995420957055,0.26998898258525866,1.0448202914866202e-05,0.5678470034157423,0.36688151390610957
OII_3726,3727.092,0.0,0.0,0.0,10000000000.0,0.26998898258525866,1.0448202914866202e-05,0.5678470034157423,0.36688151390610957
OII_3729,3729.875,0.0,0.0,0.0,10000000000.0,0.26998898258525866,1.0448202914866202e-05,0.5678470034157423,0.36688151390610957
OI_6300,6302.046,2.5424691684841036,2.5424691684841036,8.52186581669516,11.931520267387912,0.26998898258525866,1.0448202914866202e-05,0.5678470034157423,0.36688151390610957
SII_6717,6718.29,1.5220473650217627,1.5220473650217627,5.10160892889152,13.955030099513717,0.26998898258525866,1.0448202914866202e-05,0.5678470034157423,0.36688151390610957
SII_6731,6732.67,115.01744339556285,115.01744339556285,385.51626558394815,1666.1165079011455,0.26998898258525866,1.0448202914866202e-05,0.5678470034157423,0.36688151390610957
NII_6548,6549.85,0.0,0.0,0.0,10000000000.0,0.26998898258525866,1.0448202914866202e-05,0.5678470034157423,0.36688151390610957
NII_6584,6585.28,23.64888865494197,23.64888865494197,79.26650923815912,107.65761268593795,0.26998898258525866,1.0448202914866202e-05,0.5678470034157423,0.36688151390610957
NII_5755,5756.24,0.0,0.0,0.0,10000000000.0,0.26998898258525866,1.0448202914866202e-05,0.5678470034157423,0.36688151390610957
HeI_5876,5877.594,0.05620916951534127,0.05620916951534127,0.1884022847613168,29.688429069209214,0.26998898258525866,1.0448202914866202e-05,0.5678470034157423,0.36688151390610957
HeII_4686,4687.02,0.0,0.0,0.0,10000000000.0,0.26998898258525866,1.0448202914866202e-05,0.5678470034157423,0.36688151390610957
NeIII_3869,3870.16,3.9859199949880804,5.60019925154584,13.360034321919857,20.660364107435473,0.26998898258525866,1.0448202914866202e-05,0.5678470034157423,0.36688151390610957
