line,wl,amp,amp_err,flux,flux_err,z,zerr,FWHM,FWHMerr
HI_6563,6564.61,60.718044380767424,60.718044380767424,1507.318849548645,66.61867428994623,0.26933403066205486,8.907607084775565e-06,4.2057136182,0.11355387763824758
HI_4861,4862.683,23.888715335158395,23.888715335158395,593.0347606450844,51.84869284166887,0.26933403066205486,8.907607084775565e-06,4.2057136182,0.11355387763824758
HI_4341,4341.684,10.676611176212077,10.676611176212077,265.04571152333926,49.313710163038,0.26933403066205486,8.907607084775565e-06,4.2057136182,0.11355387763824758
HI_4102,4102.892,0.0,0.0,0.0,10000000000.0,0.26933403066205486,8.907607084775565e-06,4.2057136182,0.11355387763824758
OIII_4363,4364.436,0.8548042968568552,0.8548042968568552,21.22042372194116,48.664523070581254,0.26933403066205486,8.907607084775565e-06,4.2057136182,0.11355387763824758
OIII_5007,5008.24,64.7589831875814,64.7589831875814,1607.6347160345003,68.722174334836,0.26933403066205486,8.907607084775565e-06,4.2057136182,0.11355387763824758
OIII_4959,4960.295,19.81915151271062,19.81915151271062,492.0082812586738,50.876283134452166,0.26933403066205486,8.907607084775565e-06,4.2057136182,0.11355387763824758
OII_3726,3727.092,34.587999584741965,34.587999584741965,858.6433287495041,61.89640829083777,0.26933403066205486,8.907607084775565e-06,4.2057136182,0.11355387763824758
OII_3729,3729.875,42.76423053458484,42.76423053458484,1061.617373033198,63.74030741448627,0.26933403066205486,8.907607084775565e-06,4.2057136182,0.11355387763824758
OI_6300,6302.046,1.427637212425907,1.427637212425907,35.440938563697756,48.672149840507224,0.26933403066205486,8.907607084775565e-06,4.2057136182,0.11355387763824758
SII_6717,6718.29,10.2089367912007,10.2089367912007,253.4357457682167,49.258065377932994,0.26933403066205486,8.907607084775565e-06,4.2057136182,0.11355387763824758
SII_6731,6732.67,6.899941183918713,6.899941183918713,171.2902896225693,48.93428082852529,0.26933403066205486,8.907607084775565e-06,4.2057136182,0.11355387763824758
NII_6548,6549.85,0.6159551132561774,0.6159551132561774,15.291018710427903,48.66253107814511,0.26933403066205486,8.907607084775565e-06,4.2057136182,0.11355387763824758
NII_6584,6585.28,7.047285698033988,7.047285698033988,174.9481011639089,48.9460881080646,0.26933403066205486,8.907607084775565e-06,4.2057136182,0.11355387763824758
NII_5755,5756.24,3.531940336857815,3.531940336857815,87.68003481537174,48.7322962841968,0.26933403066205486,8.907607084775565e-06,4.2057136182,0.11355387763824758
HeI_5876,5877.594,4.9317708810082195,4.9317708810082195,122.43067586270077,48.800504539343095,0.26933403066205486,8.907607084775565e-06,4.2057136182,0.11355387763824758
HeII_4686,4687.02,2.1600499167107046e-12,2.1600499167107046e-12,5.362300430834254e-11,48.66036557355074,0.26933403066205486,8.907607084775565e-06,4.2057136182,0.11355387763824758
NeIII_3869,3870.16,6.060859541944183,1.9618511446852192,150.46017909847188,48.87187531284555,0.26933403066205486,8.907607084775565e-06,4.2057136182,0.11355387763824758
