line,wl,amp,amp_err,flux,flux_err,z,zerr,FWHM,FWHMerr
HI_6563,6564.61,1493.8620738257423,1493.8620738257423,39700.192170432645,187.37017526085683,0.26924485968868483,1.0085350041963478e-06,4.50230020166864,0.013334218587786243
HI_4861,4862.683,540.3250288420868,540.3250288420868,14359.429732752991,141.73110064951763,0.26924485968868483,1.0085350041963478e-06,4.50230020166864,0.013334218587786243
HI_4341,4341.684,215.7910136414016,215.7910136414016,5734.762840773092,134.86124378029353,0.26924485968868483,1.0085350041963478e-06,4.50230020166864,0.013334218587786243
HI_4102,4102.892,94.3680853476701,94.3680853476701,2507.8828820279095,133.77561610698513,0.26924485968868483,1.0085350041963478e-06,4.50230020166864,0.013334218587786243
OIII_4363,4364.436,17.882837643180437,17.882837643180437,475.24607755034646,133.5268096296888,0.26924485968868483,1.0085350041963478e-06,4.50230020166864,0.013334218587786243
OIII_5007,5008.24,1589.239753450241,1589.239753450241,42234.90556613818,193.35115342088315,0.26924485968868483,1.0085350041963478e-06,4.50230020166864,0.013334218587786243
OIII_4959,4960.295,519.3516223744548,519.3516223744548,13802.05011797959,141.12263682050283,0.26924485968868483,1.0085350041963478e-06,4.50230020166864,0.013334218587786243
OII_3726,3727.092,540.2644579506859,540.2644579506859,14357.820028570335,158.37495931006046,0.26924485968868483,1.0085350041963478e-06,4.50230020166864,0.013334218587786243
OII_3729,3729.875,567.0761134145384,567.0761134145384,15070.35426648455,158.83813775172567,0.26924485968868483,1.0085350041963478e-06,4.50230020166864,0.013334218587786243
OI_6300,6302.046,29.97733336103147,29.97733336103147,796.6638393477923,133.54358703712813,0.26924485968868483,1.0085350041963478e-06,4.50230020166864,0.013334218587786243
SII_6717,6718.29,165.9726675933082,165.9726675933082,4410.813363524946,134.31396258824168,0.26924485968868483,1.0085350041963478e-06,4.50230020166864,0.013334218587786243
SII_6731,6732.67,128.3238776095493,128.3238776095493,3410.276417358496,133.99418550847147,0.26924485968868483,1.0085350041963478e-06,4.50230020166864,0.013334218587786243
NII_6548,6549.85,79.56589270780887,79.56589270780887,2114.5066107893617,133.70099748225863,0.26924485968868483,1.0085350041963478e-06,4.50230020166864,0.013334218587786243
NII_6584,6585.28,250.9744434311117,250.9744434311117,6669.781507047464,135.33174425316162,0.26924485968868483,1.0085350041963478e-06,4.50230020166864,0.013334218587786243
NII_5755,5756.24,1.1930285016624111,1.1930285016624111,31.7053773642599,133.5175783506873,0.26924485968868483,1.0085350041963478e-06,4.50230020166864,0.013334218587786243
HeI_5876,5877.594,64.43322002876425,64.43322002876425,1712.347653857166,133.63786024924585,0.26924485968868483,1.0085350041963478e-06,4.50230020166864,0.013334218587786243
HeII_4686,4687.02,2.1600499167107046e-12,2.1600499167107046e-12,5.7404494225847236e-11,133.51753465768965,0.26924485968868483,1.0085350041963478e-06,4.50230020166864,0.013334218587786243
NeIII_3869,3870.16,111.97957628443282,5.026812922835915,2975.9177741694125,133.88069413836251,0.26924485968868483,1.0085350041963478e-06,4.50230020166864,0.013334218587786243
