line,wl,amp,amp_err,flux,flux_err,z,zerr,FWHM,FWHMerr
HI_6563,6564.61,2.100748236952427,2.100748236952427,11.816922986201362,31.713934102442817,0.26934867174775334,1.4050560257622345e-05,0.9529777023735958,0.36392909411457974
HI_4861,4862.683,0.0,0.0,0.0,10000000000.0,0.26934867174775334,1.4050560257622345e-05,0.9529777023735958,0.36392909411457974
HI_4341,4341.684,1.3302189077663797,1.3302189077663797,7.482616960644474,17.511523753519885,0.26934867174775334,1.4050560257622345e-05,0.9529777023735958,0.36392909411457974
HI_4102,4102.892,31.029296906572654,31.029296906572654,174.54295827132415,173.72422853294265,0.26934867174775334,1.4050560257622345e-05,0.9529777023735958,0.36392909411457974
OIII_4363,4364.436,0.0,0.0,0.0,10000000000.0,0.26934867174775334,1.4050560257622345e-05,0.9529777023735958,0.36392909411457974
OIII_5007,5008.24,0.0,0.0,0.0,10000000000.0,0.26934867174775334,1.4050560257622345e-05,0.9529777023735958,0.36392909411457974
OIII_4959,4960.295,0.026203401390034742,0.026203401390034742,0.14739680403195998,21.264423478910718,0.26934867174775334,1.4050560257622345e-05,0.9529777023735958,0.36392909411457974
OII_3726,3727.092,3.8456658979138183,3.8456658979138183,21.632262708564454,19.618162607698217,0.26934867174775334,1.4050560257622345e-05,0.9529777023735958,0.36392909411457974
OII_3729,3729.875,15.993337158949657,15.993337158949657,89.96415190324421,49.630278179027904,0.26934867174775334,1.4050560257622345e-05,0.9529777023735958,0.36392909411457974
OI_6300,6302.046,6.772639635359951,6.772639635359951,38.096788361677355,31.747019943433944,0.26934867174775334,1.4050560257622345e-05,0.9529777023735958,0.36392909411457974
SII_6717,6718.29,9.994403147498929,9.994403147498929,56.21953654873774,57.29512614684063,0.26934867174775334,1.4050560257622345e-05,0.9529777023735958,0.36392909411457974
SII_6731,6732.67,0.6942486271062762,0.6942486271062762,3.9052193001919813,17.3260981050654,0.26934867174775334,1.4050560257622345e-05,0.9529777023735958,0.36392909411457974
NII_6548,6549.85,0.5303873847213936,0.5303873847213936,2.9834831075226056,31.90688124001849,0.26934867174775334,1.4050560257622345e-05,0.9529777023735958,0.36392909411457974
NII_6584,6585.28,7.4425544383994975,7.4425544383994975,41.865127420868404,39.21220372432641,0.26934867174775334,1.4050560257622345e-05,0.9529777023735958,0.36392909411457974
NII_5755,5756.24,0.0,0.0,0.0,10000000000.0,0.26934867174775334,1.4050560257622345e-05,0.9529777023735958,0.36392909411457974
HeI_5876,5877.594,0.0,0.0,0.0,10000000000.0,0.26934867174775334,1.4050560257622345e-05,0.9529777023735958,0.36392909411457974
HeII_4686,4687.02,0.0,0.0,0.0,10000000000.0,0.26934867174775334,1.4050560257622345e-05,0.9529777023735958,0.36392909411457974
NeIII_3869,3870.16,0.0,10000000000.0,0.0,10000000000.0,0.26934867174775334,1.4050560257622345e-05,0.9529777023735958,0.36392909411457974
