line,wl,amp,amp_err,flux,flux_err,z,zerr,FWHM,FWHMerr
HI_6563,6564.61,0.0,0.0,0.0,10000000000.0,0.27028895578996986,1.7290657394611253e-05,2.1734134340041544,0.16915332648565876
HI_4861,4862.683,0.0,0.0,0.0,10000000000.0,0.27028895578996986,1.7290657394611253e-05,2.1734134340041544,0.16915332648565876
HI_4341,4341.684,3.812773358734262,3.812773358734262,48.91375408171546,36.90867643805943,0.27028895578996986,1.7290657394611253e-05,2.1734134340041544,0.16915332648565876
HI_4102,4102.892,0.0,0.0,0.0,10000000000.0,0.27028895578996986,1.7290657394611253e-05,2.1734134340041544,0.16915332648565876
OIII_4363,4364.436,0.81161077326351,0.81161077326351,10.412087485488838,36.77358979479406,0.27028895578996986,1.7290657394611253e-05,2.1734134340041544,0.16915332648565876
OIII_5007,5008.24,3.8570025695590857,3.8570025695590857,49.48116696938629,36.961060093711446,0.27028895578996986,1.7290657394611253e-05,2.1734134340041544,0.16915332648565876
OIII_4959,4960.295,44.533239641077216,44.533239641077216,571.3132482096671,60.95328351154716,0.27028895578996986,1.7290657394611253e-05,2.1734134340041544,0.16915332648565876
OII_3726,3727.092,0.0,0.0,0.0,10000000000.0,0.27028895578996986,1.7290657394611253e-05,2.1734134340041544,0.16915332648565876
OII_3729,3729.875,1.3956643423421156,1.3956643423421156,17.904862418731398,36.822243425018456,0.27028895578996986,1.7290657394611253e-05,2.1734134340041544,0.16915332648565876
OI_6300,6302.046,0.0,0.0,0.0,10000000000.0,0.27028895578996986,1.7290657394611253e-05,2.1734134340041544,0.16915332648565876
SII_6717,6718.29,1.8703389933796188,1.8703389933796188,23.99442425866734,36.84660927016693,0.27028895578996986,1.7290657394611253e-05,2.1734134340041544,0.16915332648565876
SII_6731,6732.67,1.1145622212494573,1.1145622212494573,14.298626555936913,36.493659315722624,0.27028895578996986,1.7290657394611253e-05,2.1734134340041544,0.16915332648565876
NII_6548,6549.85,0.0,0.0,0.0,10000000000.0,0.27028895578996986,1.7290657394611253e-05,2.1734134340041544,0.16915332648565876
NII_6584,6585.28,0.8026238583998975,0.8026238583998975,10.296795097971216,36.68349583887169,0.27028895578996986,1.7290657394611253e-05,2.1734134340041544,0.16915332648565876
NII_5755,5756.24,2.926135523252924,2.926135523252924,37.53915062018794,36.70361374690304,0.27028895578996986,1.7290657394611253e-05,2.1734134340041544,0.16915332648565876
HeI_5876,5877.594,0.40062909246489653,0.40062909246489653,5.139637492986005,36.50529423710001,0.27028895578996986,1.7290657394611253e-05,2.1734134340041544,0.16915332648565876
HeII_4686,4687.02,0.0,0.0,0.0,10000000000.0,0.27028895578996986,1.7290657394611253e-05,2.1734134340041544,0.16915332648565876
NeIII_3869,3870.16,0.0,10000000000.0,0.0,10000000000.0,0.27028895578996986,1.7290657394611253e-05,2.1734134340041544,0.16915332648565876
