line,wl,amp,amp_err,flux,flux_err,z,zerr,FWHM,FWHMerr
HI_6563,6564.61,106.48178770989625,106.48178770989625,2504.629744787785,76.6408382015455,0.2697816797983613,5.8490671594283535e-06,3.984928577562377,0.07544571796457367
HI_4861,4862.683,34.2930139326063,34.2930139326063,806.6290450347602,57.91905331152106,0.2697816797983613,5.8490671594283535e-06,3.984928577562377,0.07544571796457367
HI_4341,4341.684,12.883588949895511,12.883588949895511,303.04356075840496,55.71568067325177,0.2697816797983613,5.8490671594283535e-06,3.984928577562377,0.07544571796457367
HI_4102,4102.892,5.593004998206197,5.593004998206197,131.55683222955577,55.41518949829857,0.2697816797983613,5.8490671594283535e-06,3.984928577562377,0.07544571796457367
OIII_4363,4364.436,0.0,0.0,0.0,10000000000.0,0.2697816797983613,5.8490671594283535e-06,3.984928577562377,0.07544571796457367
OIII_5007,5008.24,108.72250482438426,108.72250482438426,2557.3351590685047,77.41671597358184,0.2697816797983613,5.8490671594283535e-06,3.984928577562377,0.07544571796457367
OIII_4959,4960.295,53.331197288830936,53.331197288830936,1254.4389601972975,61.385312446470984,0.2697816797983613,5.8490671594283535e-06,3.984928577562377,0.07544571796457367
OII_3726,3727.092,54.910673179348805,54.910673179348805,1291.590874920444,67.23854764779395,0.2697816797983613,5.8490671594283535e-06,3.984928577562377,0.07544571796457367
OII_3729,3729.875,58.46710383490199,58.46710383490199,1375.2440723051625,67.75483574393789,0.2697816797983613,5.8490671594283535e-06,3.984928577562377,0.07544571796457367
OI_6300,6302.046,4.127851646941053,4.127851646941053,97.0939748416615,55.38332265384866,0.2697816797983613,5.8490671594283535e-06,3.984928577562377,0.07544571796457367
SII_6717,6718.29,14.238682697420927,14.238682697420927,334.9176321843552,55.797371240791705,0.2697816797983613,5.8490671594283535e-06,3.984928577562377,0.07544571796457367
SII_6731,6732.67,8.754821959043056,8.754821959043056,205.9280554969739,55.5165659927964,0.2697816797983613,5.8490671594283535e-06,3.984928577562377,0.07544571796457367
NII_6548,6549.85,0.0,0.0,0.0,10000000000.0,0.2697816797983613,5.8490671594283535e-06,3.984928577562377,0.07544571796457367
NII_6584,6585.28,12.308873503377527,12.308873503377527,289.5252922066068,55.683454388622856,0.2697816797983613,5.8490671594283535e-06,3.984928577562377,0.07544571796457367
NII_5755,5756.24,1.7198924042312456,1.7198924042312456,40.454745981615446,55.3518049294251,0.2697816797983613,5.8490671594283535e-06,3.984928577562377,0.07544571796457367
HeI_5876,5877.594,3.6855246755652615,3.6855246755652615,86.68970465371143,55.37558362848784,0.2697816797983613,5.8490671594283535e-06,3.984928577562377,0.07544571796457367
HeII_4686,4687.02,0.0,0.0,0.0,10000000000.0,0.2697816797983613,5.8490671594283535e-06,3.984928577562377,0.07544571796457367
NeIII_3869,3870.16,5.312849925089836,2.3534807275187917,124.96711633192136,55.408340425928344,0.2697816797983613,5.8490671594283535e-06,3.984928577562377,0.07544571796457367
