line,wl,amp,amp_err,flux,flux_err,z,zerr,FWHM,FWHMerr
HI_6563,6564.61,0.0,0.0,0.0,10000000000.0,0.2680066031270226,0.00022935779440458974,9.999998591036888,2.1013749823696304
HI_4861,4862.683,0.0,0.0,0.0,10000000000.0,0.2680066031270226,0.00022935779440458974,9.999998591036888,2.1013749823696304
HI_4341,4341.684,0.0,0.0,0.0,10000000000.0,0.2680066031270226,0.00022935779440458974,9.999998591036888,2.1013749823696304
HI_4102,4102.892,0.0,0.0,0.0,10000000000.0,0.2680066031270226,0.00022935779440458974,9.999998591036888,2.1013749823696304
OIII_4363,4364.436,1.3064517745020794,1.3064517745020794,77.1153759362479,86.35470665333239,0.2680066031270226,0.00022935779440458974,9.999998591036888,2.1013749823696304
OIII_5007,5008.24,2.390368424955682,2.390368424955682,141.0952652935455,90.78892824093133,0.2680066031270226,0.00022935779440458974,9.999998591036888,2.1013749823696304
OIII_4959,4960.295,0.0,0.0,0.0,10000000000.0,0.2680066031270226,0.00022935779440458974,9.999998591036888,2.1013749823696304
OII_3726,3727.092,0.0,0.0,0.0,10000000000.0,0.2680066031270226,0.00022935779440458974,9.999998591036888,2.1013749823696304
OII_3729,3729.875,5.485931374803158,5.485931374803158,323.81574933344734,180.7428558756438,0.2680066031270226,0.00022935779440458974,9.999998591036888,2.1013749823696304
OI_6300,6302.046,0.32637770501128216,0.32637770501128216,19.264958653944394,84.51939493147086,0.2680066031270226,0.00022935779440458974,9.999998591036888,2.1013749823696304
SII_6717,6718.29,0.08488146879233227,0.08488146879233227,5.010262532221145,84.40751825008316,0.2680066031270226,0.00022935779440458974,9.999998591036888,2.1013749823696304
SII_6731,6732.67,0.0,0.0,0.0,10000000000.0,0.2680066031270226,0.00022935779440458974,9.999998591036888,2.1013749823696304
NII_6548,6549.85,0.0,0.0,0.0,10000000000.0,0.2680066031270226,0.00022935779440458974,9.999998591036888,2.1013749823696304
NII_6584,6585.28,0.0,0.0,0.0,10000000000.0,0.2680066031270226,0.00022935779440458974,9.999998591036888,2.1013749823696304
NII_5755,5756.24,0.0,0.0,0.0,10000000000.0,0.2680066031270226,0.00022935779440458974,9.999998591036888,2.1013749823696304
HeI_5876,5877.594,0.0,0.0,0.0,10000000000.0,0.2680066031270226,0.00022935779440458974,9.999998591036888,2.1013749823696304
HeII_4686,4687.02,0.0,0.0,0.0,10000000000.0,0.2680066031270226,0.00022935779440458974,9.999998591036888,2.1013749823696304
NeIII_3869,3870.16,3.3508203714865203,1.476527954638602,197.78745582897866,96.55741702917489,0.2680066031270226,0.00022935779440458974,9.999998591036888,2.1013749823696304
