line,wl,amp,amp_err,flux,flux_err,z,zerr,FWHM,FWHMerr
HI_6563,6564.61,250.5448048279436,250.5448048279436,5014.523073007613,79.97986863740056,0.2694514567799195,2.6268903951454383e-06,3.3907562730337353,0.034020247877878496
HI_4861,4862.683,77.65494830185708,77.65494830185708,1554.2231269185154,59.4709388851063,0.2694514567799195,2.6268903951454383e-06,3.3907562730337353,0.034020247877878496
HI_4341,4341.684,29.46526584618391,29.46526584618391,589.7318666793333,57.241407715754015,0.2694514567799195,2.6268903951454383e-06,3.3907562730337353,0.034020247877878496
HI_4102,4102.892,11.525554081727023,11.525554081727023,230.67792968889074,56.91652524245384,0.2694514567799195,2.6268903951454383e-06,3.3907562730337353,0.034020247877878496
OIII_4363,4364.436,1.9124504290800814,1.9124504290800814,38.27669389988401,56.85949546369886,0.2694514567799195,2.6268903951454383e-06,3.3907562730337353,0.034020247877878496
OIII_5007,5008.24,251.40133502249387,251.40133502249387,5031.666076336896,80.11629864730013,0.2694514567799195,2.6268903951454383e-06,3.3907562730337353,0.034020247877878496
OIII_4959,4960.295,79.91268543756087,79.91268543756087,1599.4105534450705,59.621450755625396,0.2694514567799195,2.6268903951454383e-06,3.3907562730337353,0.034020247877878496
OII_3726,3727.092,105.46437440513637,105.46437440513637,2110.8142282097965,64.65673399988133,0.2694514567799195,2.6268903951454383e-06,3.3907562730337353,0.034020247877878496
OII_3729,3729.875,118.8877061373039,118.8877061373039,2379.475183817374,65.59887600031831,0.2694514567799195,2.6268903951454383e-06,3.3907562730337353,0.034020247877878496
OI_6300,6302.046,3.5788678133599205,3.5788678133599205,71.62916524117065,56.863440178862945,0.2694514567799195,2.6268903951454383e-06,3.3907562730337353,0.034020247877878496
SII_6717,6718.29,31.534008953860393,31.534008953860393,631.1366767000126,57.29671014903853,0.2694514567799195,2.6268903951454383e-06,3.3907562730337353,0.034020247877878496
SII_6731,6732.67,28.198160825463447,28.198160825463447,564.3714231982162,57.20923987470911,0.2694514567799195,2.6268903951454383e-06,3.3907562730337353,0.034020247877878496
NII_6548,6549.85,5.231318003516549,5.231318003516549,104.70209050588184,56.869795011185246,0.2694514567799195,2.6268903951454383e-06,3.3907562730337353,0.034020247877878496
NII_6584,6585.28,21.38672879734645,21.38672879734645,428.04417790302165,57.06005222204322,0.2694514567799195,2.6268903951454383e-06,3.3907562730337353,0.034020247877878496
NII_5755,5756.24,0.0,0.0,0.0,10000000000.0,0.2694514567799195,2.6268903951454383e-06,3.3907562730337353,0.034020247877878496
HeI_5876,5877.594,8.47622374441346,8.47622374441346,169.64717974306097,56.8895527634795,0.2694514567799195,2.6268903951454383e-06,3.3907562730337353,0.034020247877878496
HeII_4686,4687.02,2.1600499167107046e-12,2.1600499167107046e-12,4.323226799147717e-11,56.85766351206119,0.2694514567799195,2.6268903951454383e-06,3.3907562730337353,0.034020247877878496
NeIII_3869,3870.16,25.56579328530097,2.8437315435973503,511.6859652983971,57.14686866780337,0.2694514567799195,2.6268903951454383e-06,3.3907562730337353,0.034020247877878496
