line,wl,amp,amp_err,flux,flux_err,z,zerr,FWHM,FWHMerr
HI_6563,6564.61,15.542594740553909,15.542594740553909,34.64030080147814,1694.0399076452175,0.2701730523887017,8.549392443087288e-05,0.3775812962496816,3.6263322123202033
HI_4861,4862.683,25.269634885752566,25.269634885752566,56.31928054471032,3218.219723803035,0.2701730523887017,8.549392443087288e-05,0.3775812962496816,3.6263322123202033
HI_4341,4341.684,0.8408957780991386,0.8408957780991386,1.8741325487979028,23.112110905357376,0.2701730523887017,8.549392443087288e-05,0.3775812962496816,3.6263322123202033
HI_4102,4102.892,0.0,0.0,0.0,10000000000.0,0.2701730523887017,8.549392443087288e-05,0.3775812962496816,3.6263322123202033
OIII_4363,4364.436,0.0,0.0,0.0,10000000000.0,0.2701730523887017,8.549392443087288e-05,0.3775812962496816,3.6263322123202033
OIII_5007,5008.24,12.946024396023518,12.946024396023518,28.85323761877529,844.7248859601692,0.2701730523887017,8.549392443087288e-05,0.3775812962496816,3.6263322123202033
OIII_4959,4960.295,27513.82679492286,27513.82679492286,61320.9861213901,8782747.08598076,0.2701730523887017,8.549392443087288e-05,0.3775812962496816,3.6263322123202033
OII_3726,3727.092,1190.40156623431,1190.40156623431,2653.087789860088,235229.17818535533,0.2701730523887017,8.549392443087288e-05,0.3775812962496816,3.6263322123202033
OII_3729,3729.875,0.0,0.0,0.0,10000000000.0,0.2701730523887017,8.549392443087288e-05,0.3775812962496816,3.6263322123202033
OI_6300,6302.046,0.0,0.0,0.0,10000000000.0,0.2701730523887017,8.549392443087288e-05,0.3775812962496816,3.6263322123202033
SII_6717,6718.29,4.141603295773734,4.141603295773734,9.23052980283024,123.07983016401796,0.2701730523887017,8.549392443087288e-05,0.3775812962496816,3.6263322123202033
SII_6731,6732.67,0.0,0.0,0.0,10000000000.0,0.2701730523887017,8.549392443087288e-05,0.3775812962496816,3.6263322123202033
NII_6548,6549.85,3.5968748922650775,3.5968748922650775,8.016475388645832,408.3042438980788,0.2701730523887017,8.549392443087288e-05,0.3775812962496816,3.6263322123202033
NII_6584,6585.28,36.82580188108682,36.82580188108682,82.0748964835343,3905.4912637278426,0.2701730523887017,8.549392443087288e-05,0.3775812962496816,3.6263322123202033
NII_5755,5756.24,0.0,0.0,0.0,10000000000.0,0.2701730523887017,8.549392443087288e-05,0.3775812962496816,3.6263322123202033
HeI_5876,5877.594,0.0,0.0,0.0,10000000000.0,0.2701730523887017,8.549392443087288e-05,0.3775812962496816,3.6263322123202033
HeII_4686,4687.02,0.0,0.0,0.0,10000000000.0,0.2701730523887017,8.549392443087288e-05,0.3775812962496816,3.6263322123202033
NeIII_3869,3870.16,0.0,10000000000.0,0.0,10000000000.0,0.2701730523887017,8.549392443087288e-05,0.3775812962496816,3.6263322123202033
