line,wl,amp,amp_err,flux,flux_err,z,zerr,FWHM,FWHMerr
HI_6563,6564.61,0.0,0.0,0.0,10000000000.0,0.27017958150116067,4.254952260506551e-06,0.8144453127341844,0.5778168981391636
HI_4861,4862.683,11.61584448742542,11.61584448742542,55.84192428941905,71.53989989521654,0.27017958150116067,4.254952260506551e-06,0.8144453127341844,0.5778168981391636
HI_4341,4341.684,3.6910594482911847,3.6910594482911847,17.744371705591373,19.83173421608617,0.27017958150116067,4.254952260506551e-06,0.8144453127341844,0.5778168981391636
HI_4102,4102.892,0.0,0.0,0.0,10000000000.0,0.27017958150116067,4.254952260506551e-06,0.8144453127341844,0.5778168981391636
OIII_4363,4364.436,0.0,0.0,0.0,10000000000.0,0.27017958150116067,4.254952260506551e-06,0.8144453127341844,0.5778168981391636
OIII_5007,5008.24,0.2608134438542038,0.2608134438542038,1.2538326077914965,20.305897285004246,0.27017958150116067,4.254952260506551e-06,0.8144453127341844,0.5778168981391636
OIII_4959,4960.295,137.46383038109957,137.46383038109957,660.8425945254968,1608.504695830807,0.27017958150116067,4.254952260506551e-06,0.8144453127341844,0.5778168981391636
OII_3726,3727.092,0.0,0.0,0.0,10000000000.0,0.27017958150116067,4.254952260506551e-06,0.8144453127341844,0.5778168981391636
OII_3729,3729.875,8.301747960119542,8.301747960119542,39.90976132305171,39.072932886270415,0.27017958150116067,4.254952260506551e-06,0.8144453127341844,0.5778168981391636
OI_6300,6302.046,1.0200918001013406,1.0200918001013406,4.903981723514098,15.487551920399094,0.27017958150116067,4.254952260506551e-06,0.8144453127341844,0.5778168981391636
SII_6717,6718.29,4.21359641071831,4.21359641071831,20.256412007600098,21.583767636968332,0.27017958150116067,4.254952260506551e-06,0.8144453127341844,0.5778168981391636
SII_6731,6732.67,2.9116411552244017,2.9116411552244017,13.99740200757759,62.53404710492237,0.27017958150116067,4.254952260506551e-06,0.8144453127341844,0.5778168981391636
NII_6548,6549.85,5.435691615473274,5.435691615473274,26.13150339439213,36.275760769692695,0.27017958150116067,4.254952260506551e-06,0.8144453127341844,0.5778168981391636
NII_6584,6585.28,1.3735039730323706,1.3735039730323706,6.602972771916799,24.56285306890338,0.27017958150116067,4.254952260506551e-06,0.8144453127341844,0.5778168981391636
NII_5755,5756.24,0.0,0.0,0.0,10000000000.0,0.27017958150116067,4.254952260506551e-06,0.8144453127341844,0.5778168981391636
HeI_5876,5877.594,8.896304060363263,8.896304060363263,42.768025891896755,81.30895296584036,0.27017958150116067,4.254952260506551e-06,0.8144453127341844,0.5778168981391636
HeII_4686,4687.02,0.0,0.0,0.0,10000000000.0,0.27017958150116067,4.254952260506551e-06,0.8144453127341844,0.5778168981391636
NeIII_3869,3870.16,7.575736664534702,5.673102536566432,36.41954002702801,37.5688894646128,0.27017958150116067,4.254952260506551e-06,0.8144453127341844,0.5778168981391636
