line,wl,amp,amp_err,flux,flux_err,z,zerr,FWHM,FWHMerr
HI_6563,6564.61,383.5196376192928,383.5196376192928,11062.986890383307,100.7444957549552,0.26923878794104183,2.1665543848794792e-06,4.886941420816125,0.028270748420802797
HI_4861,4862.683,133.23813541106392,133.23813541106392,3843.380105649032,75.15008665864714,0.26923878794104183,2.1665543848794792e-06,4.886941420816125,0.028270748420802797
HI_4341,4341.684,64.32347791532447,64.32347791532447,1855.4715928979008,71.92792089020242,0.26923878794104183,2.1665543848794792e-06,4.886941420816125,0.028270748420802797
HI_4102,4102.892,32.574627190830824,32.574627190830824,939.645948270881,71.17963122968453,0.26923878794104183,2.1665543848794792e-06,4.886941420816125,0.028270748420802797
OIII_4363,4364.436,5.0008645275922845,5.0008645275922845,144.25466985931797,70.92587891735786,0.26923878794104183,2.1665543848794792e-06,4.886941420816125,0.028270748420802797
OIII_5007,5008.24,367.4641583969394,367.4641583969394,10599.851398134964,98.63953848956417,0.26923878794104183,2.1665543848794792e-06,4.886941420816125,0.028270748420802797
OIII_4959,4960.295,115.65951286061704,115.65951286061704,3336.3081026773452,74.12989693387232,0.26923878794104183,2.1665543848794792e-06,4.886941420816125,0.028270748420802797
OII_3726,3727.092,164.8782053250659,164.8782053250659,4756.0678648528565,91.07022466588951,0.26923878794104183,2.1665543848794792e-06,4.886941420816125,0.028270748420802797
OII_3729,3729.875,223.24120664895872,223.24120664895872,6439.603869782502,93.54295979888761,0.26923878794104183,2.1665543848794792e-06,4.886941420816125,0.028270748420802797
OI_6300,6302.046,9.93466511996985,9.93466511996985,286.5748170415092,70.94395375440477,0.26923878794104183,2.1665543848794792e-06,4.886941420816125,0.028270748420802797
SII_6717,6718.29,39.500504783950646,39.500504783950646,1139.4294417386734,71.3016093093807,0.26923878794104183,2.1665543848794792e-06,4.886941420816125,0.028270748420802797
SII_6731,6732.67,34.512221467623704,34.512221467623704,995.5376888245154,71.21144237775961,0.26923878794104183,2.1665543848794792e-06,4.886941420816125,0.028270748420802797
NII_6548,6549.85,19.568800688582428,19.568800688582428,564.4805747684113,71.01364235764503,0.26923878794104183,2.1665543848794792e-06,4.886941420816125,0.028270748420802797
NII_6584,6585.28,68.5702470759395,68.5702470759395,1977.9736682596993,72.0643714308575,0.26923878794104183,2.1665543848794792e-06,4.886941420816125,0.028270748420802797
NII_5755,5756.24,0.5968979000286936,0.5968979000286936,17.218084799792734,70.91982738423528,0.26923878794104183,2.1665543848794792e-06,4.886941420816125,0.028270748420802797
HeI_5876,5877.594,17.44420465185783,17.44420465185783,503.1945914807014,70.99437698503398,0.26923878794104183,2.1665543848794792e-06,4.886941420816125,0.028270748420802797
HeII_4686,4687.02,0.0,0.0,0.0,10000000000.0,0.26923878794104183,2.1665543848794792e-06,4.886941420816125,0.028270748420802797
NeIII_3869,3870.16,34.08278938337071,2.460543849850241,983.1503139618053,71.20422499859421,0.26923878794104183,2.1665543848794792e-06,4.886941420816125,0.028270748420802797
