line,wl,amp,amp_err,flux,flux_err,z,zerr,FWHM,FWHMerr
HI_6563,6564.61,85.11506847067949,85.11506847067949,2543.0564849257003,97.70531159387257,0.26921043495465113,9.714165860166583e-06,5.061764032820917,0.124705007205165
HI_4861,4862.683,28.972507597722597,28.972507597722597,865.6366569960345,72.16949983884396,0.26921043495465113,9.714165860166583e-06,5.061764032820917,0.124705007205165
HI_4341,4341.684,7.0805113176426175,7.0805113176426175,211.5505579264575,68.36596587087283,0.26921043495465113,9.714165860166583e-06,5.061764032820917,0.124705007205165
HI_4102,4102.892,4.663400946380193,4.663400946380193,139.33246170842355,68.22523350182949,0.26921043495465113,9.714165860166583e-06,5.061764032820917,0.124705007205165
OIII_4363,4364.436,4.9227737841013095,4.9227737841013095,147.0819682156936,68.23755364796888,0.26921043495465113,9.714165860166583e-06,5.061764032820917,0.124705007205165
OIII_5007,5008.24,73.34948407989987,73.34948407989987,2191.5259484235794,91.01438586456506,0.26921043495465113,9.714165860166583e-06,5.061764032820917,0.124705007205165
OIII_4959,4960.295,26.332018623950717,26.332018623950717,786.7444851541175,71.48109424321592,0.26921043495465113,9.714165860166583e-06,5.061764032820917,0.124705007205165
OII_3726,3727.092,43.78756391471893,43.78756391471893,1308.278902586843,93.63083533633213,0.26921043495465113,9.714165860166583e-06,5.061764032820917,0.124705007205165
OII_3729,3729.875,61.09271251096925,61.09271251096925,1825.3197879555385,97.09243818288907,0.26921043495465113,9.714165860166583e-06,5.061764032820917,0.124705007205165
OI_6300,6302.046,3.2097160408777654,3.2097160408777654,95.89946103769002,68.16839548224777,0.26921043495465113,9.714165860166583e-06,5.061764032820917,0.124705007205165
SII_6717,6718.29,9.221592268884251,9.221592268884251,275.5214845277981,68.5386298033993,0.26921043495465113,9.714165860166583e-06,5.061764032820917,0.124705007205165
SII_6731,6732.67,7.090896992681451,7.090896992681451,211.86085971828336,68.36668855817526,0.26921043495465113,9.714165860166583e-06,5.061764032820917,0.124705007205165
NII_6548,6549.85,0.0,0.0,0.0,10000000000.0,0.26921043495465113,9.714165860166583e-06,5.061764032820917,0.124705007205165
NII_6584,6585.28,11.287440785774947,11.287440785774947,337.24462664760716,68.74764956024912,0.26921043495465113,9.714165860166583e-06,5.061764032820917,0.124705007205165
NII_5755,5756.24,0.0,0.0,0.0,10000000000.0,0.26921043495465113,9.714165860166583e-06,5.061764032820917,0.124705007205165
HeI_5876,5877.594,2.5658361028179115,2.5658361028179115,76.66170347704457,68.14990593398836,0.26921043495465113,9.714165860166583e-06,5.061764032820917,0.124705007205165
HeII_4686,4687.02,2.1600499167107046e-12,2.1600499167107046e-12,6.453767878183232e-11,68.11718283864292,0.26921043495465113,9.714165860166583e-06,5.061764032820917,0.124705007205165
NeIII_3869,3870.16,6.4750590684082,2.2812495118682676,193.46093764660262,68.3253079188175,0.26921043495465113,9.714165860166583e-06,5.061764032820917,0.124705007205165
