line,wl,amp,amp_err,flux,flux_err,z,zerr,FWHM,FWHMerr
HI_6563,6564.61,145.5788813653919,145.5788813653919,4166.077438689159,79.59891140424602,0.2692730638961734,4.4050768669776955e-06,4.848208651316755,0.05566991239585151
HI_4861,4862.683,64.9379340181822,64.9379340181822,1858.34964035208,63.59815197370775,0.2692730638961734,4.4050768669776955e-06,4.848208651316755,0.05566991239585151
HI_4341,4341.684,28.431893134900747,28.431893134900747,813.6445851045664,59.872175980824146,0.2692730638961734,4.4050768669776955e-06,4.848208651316755,0.05566991239585151
HI_4102,4102.892,17.289317422935596,17.289317422935596,494.7739299166683,59.295161268491434,0.2692730638961734,4.4050768669776955e-06,4.848208651316755,0.05566991239585151
OIII_4363,4364.436,1.417692640628843,1.417692640628843,40.570564011240926,58.95623617171118,0.2692730638961734,4.4050768669776955e-06,4.848208651316755,0.05566991239585151
OIII_5007,5008.24,161.9930616135557,161.9930616135557,4635.807287998943,83.76970739268958,0.2692730638961734,4.4050768669776955e-06,4.848208651316755,0.05566991239585151
OIII_4959,4960.295,55.95805756780328,55.95805756780328,1601.3696420771837,62.435558118722454,0.2692730638961734,4.4050768669776955e-06,4.848208651316755,0.05566991239585151
OII_3726,3727.092,87.51585256341855,87.51585256341855,2504.469161134657,78.2192728012022,0.2692730638961734,4.4050768669776955e-06,4.848208651316755,0.05566991239585151
OII_3729,3729.875,94.87925959224026,94.87925959224026,2715.1901366425236,78.87251917820348,0.2692730638961734,4.4050768669776955e-06,4.848208651316755,0.05566991239585151
OI_6300,6302.046,4.049118458831117,4.049118458831117,115.87491880485315,58.972733104071054,0.2692730638961734,4.4050768669776955e-06,4.848208651316755,0.05566991239585151
SII_6717,6718.29,17.929837050222318,17.929837050222318,513.1038850808325,59.320804405661825,0.2692730638961734,4.4050768669776955e-06,4.848208651316755,0.05566991239585151
SII_6731,6732.67,12.581263070980867,12.581263070980867,360.04203177430685,59.13486867021498,0.2692730638961734,4.4050768669776955e-06,4.848208651316755,0.05566991239585151
NII_6548,6549.85,4.736043490490374,4.736043490490374,135.5328722774012,58.97965731474887,0.2692730638961734,4.4050768669776955e-06,4.848208651316755,0.05566991239585151
NII_6584,6585.28,25.70982203118342,25.70982203118342,735.7462051655077,59.70579476683925,0.2692730638961734,4.4050768669776955e-06,4.848208651316755,0.05566991239585151
NII_5755,5756.24,0.0,0.0,0.0,10000000000.0,0.2692730638961734,4.4050768669776955e-06,4.848208651316755,0.05566991239585151
HeI_5876,5877.594,7.090822181070621,7.090822181070621,202.92032768248524,59.0114915508078,0.2692730638961734,4.4050768669776955e-06,4.848208651316755,0.05566991239585151
HeII_4686,4687.02,0.0,0.0,0.0,10000000000.0,0.2692730638961734,4.4050768669776955e-06,4.848208651316755,0.05566991239585151
NeIII_3869,3870.16,16.158408696900324,2.062167753810555,462.41035297086904,59.2520970716359,0.2692730638961734,4.4050768669776955e-06,4.848208651316755,0.05566991239585151
