line,wl,amp,amp_err,flux,flux_err,z,zerr,FWHM,FWHMerr
HI_6563,6564.61,0.0,0.0,0.0,10000000000.0,0.2701512125530601,1.679187931269431e-05,1.376860612415633,0.38928363835682217
HI_4861,4862.683,0.0,0.0,0.0,10000000000.0,0.2701512125530601,1.679187931269431e-05,1.376860612415633,0.38928363835682217
HI_4341,4341.684,2.0212119990967494,2.0212119990967494,16.42666885644333,26.20772466741109,0.2701512125530601,1.679187931269431e-05,1.376860612415633,0.38928363835682217
HI_4102,4102.892,0.0,0.0,0.0,10000000000.0,0.2701512125530601,1.679187931269431e-05,1.376860612415633,0.38928363835682217
OIII_4363,4364.436,0.0,0.0,0.0,10000000000.0,0.2701512125530601,1.679187931269431e-05,1.376860612415633,0.38928363835682217
OIII_5007,5008.24,0.7667635875959604,0.7667635875959604,6.2315934945201255,24.858443725834757,0.2701512125530601,1.679187931269431e-05,1.376860612415633,0.38928363835682217
OIII_4959,4960.295,32.68254042676472,32.68254042676472,265.6155164414735,113.90750377291151,0.2701512125530601,1.679187931269431e-05,1.376860612415633,0.38928363835682217
OII_3726,3727.092,1.4592359173283285,1.4592359173283285,11.859411683728768,28.46354957880167,0.2701512125530601,1.679187931269431e-05,1.376860612415633,0.38928363835682217
OII_3729,3729.875,0.0,0.0,0.0,10000000000.0,0.2701512125530601,1.679187931269431e-05,1.376860612415633,0.38928363835682217
OI_6300,6302.046,0.0,0.0,0.0,10000000000.0,0.2701512125530601,1.679187931269431e-05,1.376860612415633,0.38928363835682217
SII_6717,6718.29,4.99035363630378,4.99035363630378,40.55729270197458,29.999225780022257,0.2701512125530601,1.679187931269431e-05,1.376860612415633,0.38928363835682217
SII_6731,6732.67,0.0,0.0,0.0,10000000000.0,0.2701512125530601,1.679187931269431e-05,1.376860612415633,0.38928363835682217
NII_6548,6549.85,0.0,0.0,0.0,10000000000.0,0.2701512125530601,1.679187931269431e-05,1.376860612415633,0.38928363835682217
NII_6584,6585.28,0.0,0.0,0.0,10000000000.0,0.2701512125530601,1.679187931269431e-05,1.376860612415633,0.38928363835682217
NII_5755,5756.24,0.0,0.0,0.0,10000000000.0,0.2701512125530601,1.679187931269431e-05,1.376860612415633,0.38928363835682217
HeI_5876,5877.594,2.1588616260961544,2.1588616260961544,17.545366371569223,31.526175362597886,0.2701512125530601,1.679187931269431e-05,1.376860612415633,0.38928363835682217
HeII_4686,4687.02,0.0,0.0,0.0,10000000000.0,0.2701512125530601,1.679187931269431e-05,1.376860612415633,0.38928363835682217
NeIII_3869,3870.16,8.087499413524597,3.7568447303910752,65.7282238587626,35.74317475948252,0.2701512125530601,1.679187931269431e-05,1.376860612415633,0.38928363835682217
