line,wl,amp,amp_err,flux,flux_err,z,zerr,FWHM,FWHMerr
HI_6563,6564.61,1.1956851367376657,1.1956851367376657,6.755928082211677,21.518168392090207,0.27037557829585696,1.7034980157436737e-05,0.9572393185507488,0.1960728519696632
HI_4861,4862.683,0.0,0.0,0.0,10000000000.0,0.27037557829585696,1.7034980157436737e-05,0.9572393185507488,0.1960728519696632
HI_4341,4341.684,0.0,0.0,0.0,10000000000.0,0.27037557829585696,1.7034980157436737e-05,0.9572393185507488,0.1960728519696632
HI_4102,4102.892,0.0,0.0,0.0,10000000000.0,0.27037557829585696,1.7034980157436737e-05,0.9572393185507488,0.1960728519696632
OIII_4363,4364.436,0.0,0.0,0.0,10000000000.0,0.27037557829585696,1.7034980157436737e-05,0.9572393185507488,0.1960728519696632
OIII_5007,5008.24,0.0,0.0,0.0,10000000000.0,0.27037557829585696,1.7034980157436737e-05,0.9572393185507488,0.1960728519696632
OIII_4959,4960.295,47.46303611527355,47.46303611527355,268.1783428646533,102.44422125020172,0.27037557829585696,1.7034980157436737e-05,0.9572393185507488,0.1960728519696632
OII_3726,3727.092,5.480298333660812,5.480298333660812,30.965092961091262,17.349223217317466,0.27037557829585696,1.7034980157436737e-05,0.9572393185507488,0.1960728519696632
OII_3729,3729.875,4.025464410044378,4.025464410044378,22.744907681937043,19.728258225557603,0.27037557829585696,1.7034980157436737e-05,0.9572393185507488,0.1960728519696632
OI_6300,6302.046,0.8963837402553736,0.8963837402553736,5.064798329560474,16.80398565749903,0.27037557829585696,1.7034980157436737e-05,0.9572393185507488,0.1960728519696632
SII_6717,6718.29,0.0,0.0,0.0,10000000000.0,0.27037557829585696,1.7034980157436737e-05,0.9572393185507488,0.1960728519696632
SII_6731,6732.67,10.943002809142627,10.943002809142627,61.8307761052551,44.024039495221515,0.27037557829585696,1.7034980157436737e-05,0.9572393185507488,0.1960728519696632
NII_6548,6549.85,0.0,0.0,0.0,10000000000.0,0.27037557829585696,1.7034980157436737e-05,0.9572393185507488,0.1960728519696632
NII_6584,6585.28,1.4828707133303851,1.4828707133303851,8.378600341066216,21.22703921310402,0.27037557829585696,1.7034980157436737e-05,0.9572393185507488,0.1960728519696632
NII_5755,5756.24,0.0,0.0,0.0,10000000000.0,0.27037557829585696,1.7034980157436737e-05,0.9572393185507488,0.1960728519696632
HeI_5876,5877.594,8.078428440507992,8.078428440507992,45.645195281322394,41.763520097338564,0.27037557829585696,1.7034980157436737e-05,0.9572393185507488,0.1960728519696632
HeII_4686,4687.02,0.0,0.0,0.0,10000000000.0,0.27037557829585696,1.7034980157436737e-05,0.9572393185507488,0.1960728519696632
NeIII_3869,3870.16,7.084164203459409,6.185099482827011,40.027347008538314,35.89626983380053,0.27037557829585696,1.7034980157436737e-05,0.9572393185507488,0.1960728519696632
