line,wl,amp,amp_err,flux,flux_err,z,zerr,FWHM,FWHMerr
HI_6563,6564.61,2.016625168993073,2.016625168993073,14.928208834843295,24.379014460618762,0.2700109704867231,3.90216468732546e-05,1.2541077755365908,0.283607039281338
HI_4861,4862.683,1.6362916974933341,1.6362916974933341,12.112763715578035,28.903057320993927,0.2700109704867231,3.90216468732546e-05,1.2541077755365908,0.283607039281338
HI_4341,4341.684,6.11719280920272,6.11719280920272,45.28294754169736,30.677694789089923,0.2700109704867231,3.90216468732546e-05,1.2541077755365908,0.283607039281338
HI_4102,4102.892,0.0,0.0,0.0,10000000000.0,0.2700109704867231,3.90216468732546e-05,1.2541077755365908,0.283607039281338
OIII_4363,4364.436,0.0,0.0,0.0,10000000000.0,0.2700109704867231,3.90216468732546e-05,1.2541077755365908,0.283607039281338
OIII_5007,5008.24,0.622755286581878,0.622755286581878,4.60998955782094,31.388797342316117,0.2700109704867231,3.90216468732546e-05,1.2541077755365908,0.283607039281338
OIII_4959,4960.295,26.002960798455433,26.002960798455433,192.4887356818066,58.19248257749432,0.2700109704867231,3.90216468732546e-05,1.2541077755365908,0.283607039281338
OII_3726,3727.092,14.273901521481207,14.273901521481207,105.66355417802029,34.34357303826779,0.2700109704867231,3.90216468732546e-05,1.2541077755365908,0.283607039281338
OII_3729,3729.875,0.0,0.0,0.0,10000000000.0,0.2700109704867231,3.90216468732546e-05,1.2541077755365908,0.283607039281338
OI_6300,6302.046,0.0,0.0,0.0,10000000000.0,0.2700109704867231,3.90216468732546e-05,1.2541077755365908,0.283607039281338
SII_6717,6718.29,0.0,0.0,0.0,10000000000.0,0.2700109704867231,3.90216468732546e-05,1.2541077755365908,0.283607039281338
SII_6731,6732.67,0.0,0.0,0.0,10000000000.0,0.2700109704867231,3.90216468732546e-05,1.2541077755365908,0.283607039281338
NII_6548,6549.85,0.0,0.0,0.0,10000000000.0,0.2700109704867231,3.90216468732546e-05,1.2541077755365908,0.283607039281338
NII_6584,6585.28,0.0,0.0,0.0,10000000000.0,0.2700109704867231,3.90216468732546e-05,1.2541077755365908,0.283607039281338
NII_5755,5756.24,0.0,0.0,0.0,10000000000.0,0.2700109704867231,3.90216468732546e-05,1.2541077755365908,0.283607039281338
HeI_5876,5877.594,0.7022124792325712,0.7022124792325712,5.198176982810875,24.28886167283008,0.2700109704867231,3.90216468732546e-05,1.2541077755365908,0.283607039281338
HeII_4686,4687.02,0.0,0.0,0.0,10000000000.0,0.2700109704867231,3.90216468732546e-05,1.2541077755365908,0.283607039281338
NeIII_3869,3870.16,5.64202840534324,3.5648443523598026,41.76550981416967,28.0283253005224,0.2700109704867231,3.90216468732546e-05,1.2541077755365908,0.283607039281338
