line,wl,amp,amp_err,flux,flux_err,z,zerr,FWHM,FWHMerr
HI_6563,6564.61,54.899807971651626,54.899807971651626,1975.6074883873182,88.32734688767198,0.2692877939902702,1.3426244945899032e-05,6.096522487585833,0.16886395259650794
HI_4861,4862.683,19.979099895930517,19.979099895930517,718.9617017607787,67.48534082574031,0.2692877939902702,1.3426244945899032e-05,6.096522487585833,0.16886395259650794
HI_4341,4341.684,8.564499855562872,8.564499855562872,308.19943956232174,64.41760523079732,0.2692877939902702,1.3426244945899032e-05,6.096522487585833,0.16886395259650794
HI_4102,4102.892,4.021472506939858,4.021472506939858,144.71546427187056,63.86404351182287,0.2692877939902702,1.3426244945899032e-05,6.096522487585833,0.16886395259650794
OIII_4363,4364.436,2.356184616067935,2.356184616067935,84.78892993451707,63.760693466105444,0.2692877939902702,1.3426244945899032e-05,6.096522487585833,0.16886395259650794
OIII_5007,5008.24,52.9331247220764,52.9331247220764,1904.8350340072773,86.82352527645935,0.2692877939902702,1.3426244945899032e-05,6.096522487585833,0.16886395259650794
OIII_4959,4960.295,23.89811945279007,23.89811945279007,859.9903258985172,69.04925938105272,0.2692877939902702,1.3426244945899032e-05,6.096522487585833,0.16886395259650794
OII_3726,3727.092,23.037057248984524,23.037057248984524,829.0044080846714,91.3638037823308,0.2692877939902702,1.3426244945899032e-05,6.096522487585833,0.16886395259650794
OII_3729,3729.875,35.95609943944487,35.95609943944487,1293.90505960324,93.77985087335962,0.2692877939902702,1.3426244945899032e-05,6.096522487585833,0.16886395259650794
OI_6300,6302.046,3.762689228556951,3.762689228556951,135.40296935555529,63.84446093195842,0.2692877939902702,1.3426244945899032e-05,6.096522487585833,0.16886395259650794
SII_6717,6718.29,6.769935959968848,6.769935959968848,243.62081895301523,64.15179626306485,0.2692877939902702,1.3426244945899032e-05,6.096522487585833,0.16886395259650794
SII_6731,6732.67,4.30915348703752,4.30915348703752,155.06786293310114,63.88734695650382,0.2692877939902702,1.3426244945899032e-05,6.096522487585833,0.16886395259650794
NII_6548,6549.85,2.6802128566005194,2.6802128566005194,96.44930985380007,63.77659363227468,0.2692877939902702,1.3426244945899032e-05,6.096522487585833,0.16886395259650794
NII_6584,6585.28,5.490954766185837,5.490954766185837,197.59579778629268,63.99980471627039,0.2692877939902702,1.3426244945899032e-05,6.096522487585833,0.16886395259650794
NII_5755,5756.24,1.0137385506606051,1.0137385506606051,36.48008155121689,63.71662173446865,0.2692877939902702,1.3426244945899032e-05,6.096522487585833,0.16886395259650794
HeI_5876,5877.594,1.82620037399613,1.82620037399613,65.71708112395308,63.739103379459415,0.2692877939902702,1.3426244945899032e-05,6.096522487585833,0.16886395259650794
HeII_4686,4687.02,0.0,0.0,0.0,10000000000.0,0.2692877939902702,1.3426244945899032e-05,6.096522487585833,0.16886395259650794
NeIII_3869,3870.16,3.9331825011146293,1.7711694550906094,141.53828746374492,63.85721119567927,0.2692877939902702,1.3426244945899032e-05,6.096522487585833,0.16886395259650794
