line,wl,amp,amp_err,flux,flux_err,z,zerr,FWHM,FWHMerr
HI_6563,6564.61,0.0,0.0,0.0,10000000000.0,0.26995057391311306,1.1358193706446988e-05,0.44282066798251196,0.5423785008286898
HI_4861,4862.683,0.0,0.0,0.0,10000000000.0,0.26995057391311306,1.1358193706446988e-05,0.44282066798251196,0.5423785008286898
HI_4341,4341.684,0.0,0.0,0.0,10000000000.0,0.26995057391311306,1.1358193706446988e-05,0.44282066798251196,0.5423785008286898
HI_4102,4102.892,0.0,0.0,0.0,10000000000.0,0.26995057391311306,1.1358193706446988e-05,0.44282066798251196,0.5423785008286898
OIII_4363,4364.436,0.0,0.0,0.0,10000000000.0,0.26995057391311306,1.1358193706446988e-05,0.44282066798251196,0.5423785008286898
OIII_5007,5008.24,7.968561010961139,7.968561010961139,20.82837762928246,117.5362290536154,0.26995057391311306,1.1358193706446988e-05,0.44282066798251196,0.5423785008286898
OIII_4959,4960.295,568.8979490595432,568.8979490595432,1486.996372273148,14175.88990178148,0.26995057391311306,1.1358193706446988e-05,0.44282066798251196,0.5423785008286898
OII_3726,3727.092,0.0,0.0,0.0,10000000000.0,0.26995057391311306,1.1358193706446988e-05,0.44282066798251196,0.5423785008286898
OII_3729,3729.875,354.4596678506871,354.4596678506871,926.4934793356941,11317.055202151518,0.26995057391311306,1.1358193706446988e-05,0.44282066798251196,0.5423785008286898
OI_6300,6302.046,12.32508624943489,12.32508624943489,32.21554686769511,123.48965217114815,0.26995057391311306,1.1358193706446988e-05,0.44282066798251196,0.5423785008286898
SII_6717,6718.29,0.0,0.0,0.0,10000000000.0,0.26995057391311306,1.1358193706446988e-05,0.44282066798251196,0.5423785008286898
SII_6731,6732.67,19.21599720400002,19.21599720400002,50.22714210728908,169.4498886715743,0.26995057391311306,1.1358193706446988e-05,0.44282066798251196,0.5423785008286898
NII_6548,6549.85,1094.517698544776,1094.517698544776,2860.8713563045235,38685.07333613051,0.26995057391311306,1.1358193706446988e-05,0.44282066798251196,0.5423785008286898
NII_6584,6585.28,169.5534383039128,169.5534383039128,443.18202953825175,6176.724878762823,0.26995057391311306,1.1358193706446988e-05,0.44282066798251196,0.5423785008286898
NII_5755,5756.24,0.0,0.0,0.0,10000000000.0,0.26995057391311306,1.1358193706446988e-05,0.44282066798251196,0.5423785008286898
HeI_5876,5877.594,218.90629309357791,218.90629309357791,572.1814681104489,7296.855217492274,0.26995057391311306,1.1358193706446988e-05,0.44282066798251196,0.5423785008286898
HeII_4686,4687.02,0.0,0.0,0.0,10000000000.0,0.26995057391311306,1.1358193706446988e-05,0.44282066798251196,0.5423785008286898
NeIII_3869,3870.16,0.0,10000000000.0,0.0,10000000000.0,0.26995057391311306,1.1358193706446988e-05,0.44282066798251196,0.5423785008286898
