line,wl,amp,amp_err,flux,flux_err,z,zerr,FWHM,FWHMerr
HI_6563,6564.61,1.2584438993944786,1.2584438993944786,12.255340902449397,31.442482618815284,0.26997686754317596,2.055794948848199e-05,1.649847786441296,0.2685875598628153
HI_4861,4862.683,0.0,0.0,0.0,10000000000.0,0.26997686754317596,2.055794948848199e-05,1.649847786441296,0.2685875598628153
HI_4341,4341.684,0.0,0.0,0.0,10000000000.0,0.26997686754317596,2.055794948848199e-05,1.649847786441296,0.2685875598628153
HI_4102,4102.892,1.5832924247803248,1.5832924247803248,15.418874391846199,31.911176998064224,0.26997686754317596,2.055794948848199e-05,1.649847786441296,0.2685875598628153
OIII_4363,4364.436,2.769793271027538,2.769793271027538,26.973598729419713,31.596141168716155,0.26997686754317596,2.055794948848199e-05,1.649847786441296,0.2685875598628153
OIII_5007,5008.24,1.541970377409939,1.541970377409939,15.016460126454701,31.966158099848258,0.26997686754317596,2.055794948848199e-05,1.649847786441296,0.2685875598628153
OIII_4959,4960.295,32.61058124825149,32.61058124825149,317.57775647897057,69.4687233574343,0.26997686754317596,2.055794948848199e-05,1.649847786441296,0.2685875598628153
OII_3726,3727.092,0.0,0.0,0.0,10000000000.0,0.26997686754317596,2.055794948848199e-05,1.649847786441296,0.2685875598628153
OII_3729,3729.875,0.0,0.0,0.0,10000000000.0,0.26997686754317596,2.055794948848199e-05,1.649847786441296,0.2685875598628153
OI_6300,6302.046,0.0,0.0,0.0,10000000000.0,0.26997686754317596,2.055794948848199e-05,1.649847786441296,0.2685875598628153
SII_6717,6718.29,0.44027845302446167,0.44027845302446167,4.2876464627577695,30.20513945332278,0.26997686754317596,2.055794948848199e-05,1.649847786441296,0.2685875598628153
SII_6731,6732.67,0.0,0.0,0.0,10000000000.0,0.26997686754317596,2.055794948848199e-05,1.649847786441296,0.2685875598628153
NII_6548,6549.85,0.0,0.0,0.0,10000000000.0,0.26997686754317596,2.055794948848199e-05,1.649847786441296,0.2685875598628153
NII_6584,6585.28,1.7862211121135942,1.7862211121135942,17.395092992732916,31.54141475530939,0.26997686754317596,2.055794948848199e-05,1.649847786441296,0.2685875598628153
NII_5755,5756.24,0.0,0.0,0.0,10000000000.0,0.26997686754317596,2.055794948848199e-05,1.649847786441296,0.2685875598628153
HeI_5876,5877.594,0.0,0.0,0.0,10000000000.0,0.26997686754317596,2.055794948848199e-05,1.649847786441296,0.2685875598628153
HeII_4686,4687.02,0.0,0.0,0.0,10000000000.0,0.26997686754317596,2.055794948848199e-05,1.649847786441296,0.2685875598628153
NeIII_3869,3870.16,11.13000639865254,3.105842754611243,108.3894345449663,35.016994075559175,0.26997686754317596,2.055794948848199e-05,1.649847786441296,0.2685875598628153
