line,wl,amp,amp_err,flux,flux_err,z,zerr,FWHM,FWHMerr
HI_6563,6564.61,0.0,0.0,0.0,10000000000.0,0.270264056670736,2.4036735428356063e-05,1.509712863880119,0.23039663903568894
HI_4861,4862.683,6.135159920005549,6.135159920005549,54.67237009835798,31.87435457112678,0.270264056670736,2.4036735428356063e-05,1.509712863880119,0.23039663903568894
HI_4341,4341.684,2.5456488622485267,2.5456488622485267,22.68509029136921,28.14144567735405,0.270264056670736,2.4036735428356063e-05,1.509712863880119,0.23039663903568894
HI_4102,4102.892,1.2576691781914633,1.2576691781914633,11.207491845024185,30.87523079913031,0.270264056670736,2.4036735428356063e-05,1.509712863880119,0.23039663903568894
OIII_4363,4364.436,6.775743423138579,6.775743423138579,60.38081434738092,31.40365379073265,0.270264056670736,2.4036735428356063e-05,1.509712863880119,0.23039663903568894
OIII_5007,5008.24,0.0,0.0,0.0,10000000000.0,0.270264056670736,2.4036735428356063e-05,1.509712863880119,0.23039663903568894
OIII_4959,4960.295,27.320622884265276,27.320622884265276,243.4627988710796,49.178183562403504,0.270264056670736,2.4036735428356063e-05,1.509712863880119,0.23039663903568894
OII_3726,3727.092,12.961419027323927,12.961419027323927,115.503345846136,37.86346027970471,0.270264056670736,2.4036735428356063e-05,1.509712863880119,0.23039663903568894
OII_3729,3729.875,5.794577258272511,5.794577258272511,51.637329190844746,32.68720858713892,0.270264056670736,2.4036735428356063e-05,1.509712863880119,0.23039663903568894
OI_6300,6302.046,0.0,0.0,0.0,10000000000.0,0.270264056670736,2.4036735428356063e-05,1.509712863880119,0.23039663903568894
SII_6717,6718.29,0.0,0.0,0.0,10000000000.0,0.270264056670736,2.4036735428356063e-05,1.509712863880119,0.23039663903568894
SII_6731,6732.67,0.2937939323038563,0.2937939323038563,2.6180915915805234,26.65703400355686,0.270264056670736,2.4036735428356063e-05,1.509712863880119,0.23039663903568894
NII_6548,6549.85,2.413222819005796,2.413222819005796,21.50499951277037,27.703880096763093,0.270264056670736,2.4036735428356063e-05,1.509712863880119,0.23039663903568894
NII_6584,6585.28,0.0,0.0,0.0,10000000000.0,0.270264056670736,2.4036735428356063e-05,1.509712863880119,0.23039663903568894
NII_5755,5756.24,0.0,0.0,0.0,10000000000.0,0.270264056670736,2.4036735428356063e-05,1.509712863880119,0.23039663903568894
HeI_5876,5877.594,0.0,0.0,0.0,10000000000.0,0.270264056670736,2.4036735428356063e-05,1.509712863880119,0.23039663903568894
HeII_4686,4687.02,0.0,0.0,0.0,10000000000.0,0.270264056670736,2.4036735428356063e-05,1.509712863880119,0.23039663903568894
NeIII_3869,3870.16,0.45287193200772435,2.9870385512172892,4.035686468929456,26.62557888239388,0.270264056670736,2.4036735428356063e-05,1.509712863880119,0.23039663903568894
