line,wl,amp,amp_err,flux,flux_err,z,zerr,FWHM,FWHMerr
HI_6563,6564.61,52.893006627851264,52.893006627851264,1614.0739071059006,76.71820687353095,0.26918520804782387,1.1810830500438139e-05,5.169844780842908,0.14757099497031537
HI_4861,4862.683,20.76545232276453,20.76545232276453,633.6749770956902,60.342979716550836,0.26918520804782387,1.1810830500438139e-05,5.169844780842908,0.14757099497031537
HI_4341,4341.684,8.200168644832956,8.200168644832956,250.23493817656166,57.411586402416894,0.26918520804782387,1.1810830500438139e-05,5.169844780842908,0.14757099497031537
HI_4102,4102.892,3.2106263547210574,3.2106263547210574,97.97492248990562,56.93938227922303,0.26918520804782387,1.1810830500438139e-05,5.169844780842908,0.14757099497031537
OIII_4363,4364.436,0.4577820429037729,0.4577820429037729,13.969598207781646,56.85520258586264,0.26918520804782387,1.1810830500438139e-05,5.169844780842908,0.14757099497031537
OIII_5007,5008.24,57.164794798357434,57.164794798357434,1744.4310613363248,79.5710605672558,0.26918520804782387,1.1810830500438139e-05,5.169844780842908,0.14757099497031537
OIII_4959,4960.295,15.45881054752192,15.45881054752192,471.73840797528237,58.81297161519748,0.26918520804782387,1.1810830500438139e-05,5.169844780842908,0.14757099497031537
OII_3726,3727.092,32.47615462141607,32.47615462141607,991.0367573992809,79.28691622283432,0.26918520804782387,1.1810830500438139e-05,5.169844780842908,0.14757099497031537
OII_3729,3729.875,41.454154728690355,41.454154728690355,1265.0078669091524,81.31546664880628,0.26918520804782387,1.1810830500438139e-05,5.169844780842908,0.14757099497031537
OI_6300,6302.046,4.585343318358582,4.585343318358582,139.9255492764495,57.028550626479955,0.26918520804782387,1.1810830500438139e-05,5.169844780842908,0.14757099497031537
SII_6717,6718.29,9.547573121897699,9.547573121897699,291.3521018131379,57.60876558118078,0.26918520804782387,1.1810830500438139e-05,5.169844780842908,0.14757099497031537
SII_6731,6732.67,4.226712578205934,4.226712578205934,128.9816351964799,57.00227253905374,0.26918520804782387,1.1810830500438139e-05,5.169844780842908,0.14757099497031537
NII_6548,6549.85,1.9587037275764487,1.9587037275764487,59.77146658869453,56.88544529736474,0.26918520804782387,1.1810830500438139e-05,5.169844780842908,0.14757099497031537
NII_6584,6585.28,12.893241978089236,12.893241978089236,393.44795808749285,58.22350481213654,0.26918520804782387,1.1810830500438139e-05,5.169844780842908,0.14757099497031537
NII_5755,5756.24,2.121748815960018,2.121748815960018,64.7469225065875,56.89099219389611,0.26918520804782387,1.1810830500438139e-05,5.169844780842908,0.14757099497031537
HeI_5876,5877.594,0.0,0.0,0.0,10000000000.0,0.26918520804782387,1.1810830500438139e-05,5.169844780842908,0.14757099497031537
HeII_4686,4687.02,0.0,0.0,0.0,10000000000.0,0.26918520804782387,1.1810830500438139e-05,5.169844780842908,0.14757099497031537
NeIII_3869,3870.16,10.937105802992505,1.8696081325429335,333.75484248935163,57.84259169785557,0.26918520804782387,1.1810830500438139e-05,5.169844780842908,0.14757099497031537
