line,wl,amp,amp_err,flux,flux_err,z,zerr,FWHM,FWHMerr
HI_6563,6564.61,33.28494552379834,33.28494552379834,1048.0786879595107,81.96638255591857,0.2692516535849676,2.0799704926732243e-05,5.334557261886035,0.260166964537068
HI_4861,4862.683,11.496593002691725,11.496593002691725,362.00552293680346,61.98891855441775,0.2692516535849676,2.0799704926732243e-05,5.334557261886035,0.260166964537068
HI_4341,4341.684,2.145304737784727,2.145304737784727,67.5515053267287,58.878105624526206,0.2692516535849676,2.0799704926732243e-05,5.334557261886035,0.260166964537068
HI_4102,4102.892,1.2652941908465891,1.2652941908465891,39.84167179955629,58.80292392784124,0.2692516535849676,2.0799704926732243e-05,5.334557261886035,0.260166964537068
OIII_4363,4364.436,3.0481080407278114,3.0481080407278114,95.97903874593086,58.995349062925804,0.2692516535849676,2.0799704926732243e-05,5.334557261886035,0.260166964537068
OIII_5007,5008.24,31.793088925234997,31.793088925234997,1001.1030032515976,80.20170956896582,0.2692516535849676,2.0799704926732243e-05,5.334557261886035,0.260166964537068
OIII_4959,4960.295,7.637283867352608,7.637283867352608,240.48332750150223,60.2079797367118,0.2692516535849676,2.0799704926732243e-05,5.334557261886035,0.260166964537068
OII_3726,3727.092,21.21874153711383,21.21874153711383,668.1372145996054,85.19952024781928,0.2692516535849676,2.0799704926732243e-05,5.334557261886035,0.260166964537068
OII_3729,3729.875,25.355710291012883,25.355710291012883,798.4023754849046,86.82532393489033,0.2692516535849676,2.0799704926732243e-05,5.334557261886035,0.260166964537068
OI_6300,6302.046,2.979157600731128,2.979157600731128,93.80792247853947,58.9849699853882,0.2692516535849676,2.0799704926732243e-05,5.334557261886035,0.260166964537068
SII_6717,6718.29,2.90758277958048,2.90758277958048,91.5541695141889,58.974439656988785,0.2692516535849676,2.0799704926732243e-05,5.334557261886035,0.260166964537068
SII_6731,6732.67,0.0,0.0,0.0,10000000000.0,0.2692516535849676,2.0799704926732243e-05,5.334557261886035,0.260166964537068
NII_6548,6549.85,0.0,0.0,0.0,10000000000.0,0.2692516535849676,2.0799704926732243e-05,5.334557261886035,0.260166964537068
NII_6584,6585.28,4.778830309507271,4.778830309507271,150.47614235055423,59.33276529110342,0.2692516535849676,2.0799704926732243e-05,5.334557261886035,0.260166964537068
NII_5755,5756.24,0.0,0.0,0.0,10000000000.0,0.2692516535849676,2.0799704926732243e-05,5.334557261886035,0.260166964537068
HeI_5876,5877.594,0.9302792936958895,0.9302792936958895,29.292699333864626,58.78449870962776,0.2692516535849676,2.0799704926732243e-05,5.334557261886035,0.260166964537068
HeII_4686,4687.02,0.0,0.0,0.0,10000000000.0,0.2692516535849676,2.0799704926732243e-05,5.334557261886035,0.260166964537068
NeIII_3869,3870.16,5.995525268038705,1.8719070914590537,188.78751813071975,59.65751469345784,0.2692516535849676,2.0799704926732243e-05,5.334557261886035,0.260166964537068
