line,wl,amp,amp_err,flux,flux_err,z,zerr,FWHM,FWHMerr
HI_6563,6564.61,6.069798273600782,6.069798273600782,168.00521152343862,59.15076649533712,0.26991805496042426,5.6098290148366376e-05,4.689222474220407,0.6790351363202659
HI_4861,4862.683,6.086859098950299,6.086859098950299,168.47743604267453,59.186808893879814,0.26991805496042426,5.6098290148366376e-05,4.689222474220407,0.6790351363202659
HI_4341,4341.684,3.591629239906183,3.591629239906183,99.41227088033742,54.93990130953062,0.26991805496042426,5.6098290148366376e-05,4.689222474220407,0.6790351363202659
HI_4102,4102.892,2.435886629847232,2.435886629847232,67.42261110628742,53.65173920806678,0.26991805496042426,5.6098290148366376e-05,4.689222474220407,0.6790351363202659
OIII_4363,4364.436,1.2402036387645694,1.2402036387645694,34.32744636160274,52.82295585897695,0.26991805496042426,5.6098290148366376e-05,4.689222474220407,0.6790351363202659
OIII_5007,5008.24,14.08263535548872,14.08263535548872,389.7915589710007,82.09963450788557,0.26991805496042426,5.6098290148366376e-05,4.689222474220407,0.6790351363202659
OIII_4959,4960.295,0.7265552890950175,0.7265552890950175,20.110235880288812,52.63079728990115,0.26991805496042426,5.6098290148366376e-05,4.689222474220407,0.6790351363202659
OII_3726,3727.092,0.0,0.0,0.0,10000000000.0,0.26991805496042426,5.6098290148366376e-05,4.689222474220407,0.6790351363202659
OII_3729,3729.875,5.63038296040304,5.63038296040304,155.84268827097637,63.2143166263484,0.26991805496042426,5.6098290148366376e-05,4.689222474220407,0.6790351363202659
OI_6300,6302.046,0.31528997469058595,0.31528997469058595,8.72687303620849,52.54893546275457,0.26991805496042426,5.6098290148366376e-05,4.689222474220407,0.6790351363202659
SII_6717,6718.29,1.9333516893476599,1.9333516893476599,53.51300733185031,53.239258062424454,0.26991805496042426,5.6098290148366376e-05,4.689222474220407,0.6790351363202659
SII_6731,6732.67,1.3999182383772677,1.3999182383772677,38.748167427081356,52.90294202810846,0.26991805496042426,5.6098290148366376e-05,4.689222474220407,0.6790351363202659
NII_6548,6549.85,0.0,0.0,0.0,10000000000.0,0.26991805496042426,5.6098290148366376e-05,4.689222474220407,0.6790351363202659
NII_6584,6585.28,2.798649193438223,2.798649193438223,77.463472182999,54.00592055021764,0.26991805496042426,5.6098290148366376e-05,4.689222474220407,0.6790351363202659
NII_5755,5756.24,0.6120448655283326,0.6120448655283326,16.940715730561216,52.60145467936782,0.26991805496042426,5.6098290148366376e-05,4.689222474220407,0.6790351363202659
HeI_5876,5877.594,0.2004225234235264,0.2004225234235264,5.5474707599888085,52.53762839352231,0.26991805496042426,5.6098290148366376e-05,4.689222474220407,0.6790351363202659
HeII_4686,4687.02,0.0,0.0,0.0,10000000000.0,0.26991805496042426,5.6098290148366376e-05,4.689222474220407,0.6790351363202659
NeIII_3869,3870.16,0.0,10000000000.0,0.0,10000000000.0,0.26991805496042426,5.6098290148366376e-05,4.689222474220407,0.6790351363202659
