line,wl,amp,amp_err,flux,flux_err,z,zerr,FWHM,FWHMerr
HI_6563,6564.61,0.0,0.0,0.0,10000000000.0,0.2693203701147901,3.6322928601300464e-05,1.5267559444414474,0.35541581057645694
HI_4861,4862.683,6.536925431916075,6.536925431916075,58.910242258761585,30.50982567318993,0.2693203701147901,3.6322928601300464e-05,1.5267559444414474,0.35541581057645694
HI_4341,4341.684,1.6574008790202015,1.6574008790202015,14.936362410722083,27.54512416830373,0.2693203701147901,3.6322928601300464e-05,1.5267559444414474,0.35541581057645694
HI_4102,4102.892,8.836972810203065,8.836972810203065,79.63808284264904,40.10650362272172,0.2693203701147901,3.6322928601300464e-05,1.5267559444414474,0.35541581057645694
OIII_4363,4364.436,1.4755319543813812,1.4755319543813812,13.297374400012446,27.35244322723299,0.2693203701147901,3.6322928601300464e-05,1.5267559444414474,0.35541581057645694
OIII_5007,5008.24,0.1444998872183305,0.1444998872183305,1.302221273755669,28.547411021933947,0.2693203701147901,3.6322928601300464e-05,1.5267559444414474,0.35541581057645694
OIII_4959,4960.295,7.175519709273772,7.175519709273772,64.66520213646265,31.644190219701557,0.2693203701147901,3.6322928601300464e-05,1.5267559444414474,0.35541581057645694
OII_3726,3727.092,0.0,0.0,0.0,10000000000.0,0.2693203701147901,3.6322928601300464e-05,1.5267559444414474,0.35541581057645694
OII_3729,3729.875,0.0,0.0,0.0,10000000000.0,0.2693203701147901,3.6322928601300464e-05,1.5267559444414474,0.35541581057645694
OI_6300,6302.046,0.0,0.0,0.0,10000000000.0,0.2693203701147901,3.6322928601300464e-05,1.5267559444414474,0.35541581057645694
SII_6717,6718.29,2.2541607010310827,2.2541607010310827,20.314313566981774,29.775203495093628,0.2693203701147901,3.6322928601300464e-05,1.5267559444414474,0.35541581057645694
SII_6731,6732.67,0.0,0.0,0.0,10000000000.0,0.2693203701147901,3.6322928601300464e-05,1.5267559444414474,0.35541581057645694
NII_6548,6549.85,7.646043518512215,7.646043518512215,68.90552457542113,34.367809556798676,0.2693203701147901,3.6322928601300464e-05,1.5267559444414474,0.35541581057645694
NII_6584,6585.28,0.9848180925324641,0.9848180925324641,8.875100843072273,28.477508804766185,0.2693203701147901,3.6322928601300464e-05,1.5267559444414474,0.35541581057645694
NII_5755,5756.24,0.0,0.0,0.0,10000000000.0,0.2693203701147901,3.6322928601300464e-05,1.5267559444414474,0.35541581057645694
HeI_5876,5877.594,0.20117781946089508,0.20117781946089508,1.8129982061087837,30.972733900699424,0.2693203701147901,3.6322928601300464e-05,1.5267559444414474,0.35541581057645694
HeII_4686,4687.02,0.0,0.0,0.0,10000000000.0,0.2693203701147901,3.6322928601300464e-05,1.5267559444414474,0.35541581057645694
NeIII_3869,3870.16,10.04211648420528,3.1425475606835205,90.49873997137426,35.2969809452056,0.2693203701147901,3.6322928601300464e-05,1.5267559444414474,0.35541581057645694
