line,wl,amp,amp_err,flux,flux_err,z,zerr,FWHM,FWHMerr
HI_6563,6564.61,0.0,0.0,0.0,10000000000.0,0.2700555164286977,2.580984891416177e-05,3.14293329223546,0.29339502985844673
HI_4861,4862.683,1.0024463900175533,1.0024463900175533,18.597046533470717,41.060245035892436,0.2700555164286977,2.580984891416177e-05,3.14293329223546,0.29339502985844673
HI_4341,4341.684,0.0,0.0,0.0,10000000000.0,0.2700555164286977,2.580984891416177e-05,3.14293329223546,0.29339502985844673
HI_4102,4102.892,1.1203945704276066,1.1203945704276066,20.785181302039785,41.07161925410743,0.2700555164286977,2.580984891416177e-05,3.14293329223546,0.29339502985844673
OIII_4363,4364.436,0.0,0.0,0.0,10000000000.0,0.2700555164286977,2.580984891416177e-05,3.14293329223546,0.29339502985844673
OIII_5007,5008.24,4.311931310085697,4.311931310085697,79.99349194263536,41.855622428304976,0.2700555164286977,2.580984891416177e-05,3.14293329223546,0.29339502985844673
OIII_4959,4960.295,29.386688094790316,29.386688094790316,545.1719028623922,70.13168970402097,0.2700555164286977,2.580984891416177e-05,3.14293329223546,0.29339502985844673
OII_3726,3727.092,13.171753438938367,13.171753438938367,244.35791686281644,48.640480576526116,0.2700555164286977,2.580984891416177e-05,3.14293329223546,0.29339502985844673
OII_3729,3729.875,0.676404490114578,0.676404490114578,12.548427430507354,42.58132324239149,0.2700555164286977,2.580984891416177e-05,3.14293329223546,0.29339502985844673
OI_6300,6302.046,0.0,0.0,0.0,10000000000.0,0.2700555164286977,2.580984891416177e-05,3.14293329223546,0.29339502985844673
SII_6717,6718.29,0.0,0.0,0.0,10000000000.0,0.2700555164286977,2.580984891416177e-05,3.14293329223546,0.29339502985844673
SII_6731,6732.67,0.0,0.0,0.0,10000000000.0,0.2700555164286977,2.580984891416177e-05,3.14293329223546,0.29339502985844673
NII_6548,6549.85,0.0,0.0,0.0,10000000000.0,0.2700555164286977,2.580984891416177e-05,3.14293329223546,0.29339502985844673
NII_6584,6585.28,0.36061563323141854,0.36061563323141854,6.690019315431189,41.02008946596377,0.2700555164286977,2.580984891416177e-05,3.14293329223546,0.29339502985844673
NII_5755,5756.24,1.459898923554988,1.459898923554988,27.08355128600993,41.11198414234002,0.2700555164286977,2.580984891416177e-05,3.14293329223546,0.29339502985844673
HeI_5876,5877.594,0.0,0.0,0.0,10000000000.0,0.2700555164286977,2.580984891416177e-05,3.14293329223546,0.29339502985844673
HeII_4686,4687.02,0.0,0.0,0.0,10000000000.0,0.2700555164286977,2.580984891416177e-05,3.14293329223546,0.29339502985844673
NeIII_3869,3870.16,6.556696915306361,2.2319417757405566,121.63762456931103,42.93496112333662,0.2700555164286977,2.580984891416177e-05,3.14293329223546,0.29339502985844673
