line,wl,amp,amp_err,flux,flux_err,z,zerr,FWHM,FWHMerr
HI_6563,6564.61,15.904852507255896,15.904852507255896,284.43369344203603,48.55038093593898,0.2693720100025248,2.2850046805624992e-05,3.0297286691474143,0.2623862952944258
HI_4861,4862.683,4.583066598798382,4.583066598798382,81.96105933031149,40.75839762163694,0.2693720100025248,2.2850046805624992e-05,3.0297286691474143,0.2623862952944258
HI_4341,4341.684,4.260632334755769,4.260632334755769,76.19482109754158,40.652927154180816,0.2693720100025248,2.2850046805624992e-05,3.0297286691474143,0.2623862952944258
HI_4102,4102.892,7.4340914939878076,7.4340914939878076,132.947231045137,42.00171780180151,0.2693720100025248,2.2850046805624992e-05,3.0297286691474143,0.2623862952944258
OIII_4363,4364.436,0.0,0.0,0.0,10000000000.0,0.2693720100025248,2.2850046805624992e-05,3.0297286691474143,0.2623862952944258
OIII_5007,5008.24,20.957716324407215,20.957716324407215,374.79634957583625,53.985032231639565,0.2693720100025248,2.2850046805624992e-05,3.0297286691474143,0.2623862952944258
OIII_4959,4960.295,7.93791960949352,7.93791960949352,141.95741782227643,42.27662662621762,0.2693720100025248,2.2850046805624992e-05,3.0297286691474143,0.2623862952944258
OII_3726,3727.092,5.329204375088125,5.329204375088125,95.30457970749825,43.797241281595326,0.2693720100025248,2.2850046805624992e-05,3.0297286691474143,0.2623862952944258
OII_3729,3729.875,21.184129940522553,21.184129940522553,378.84540699701466,54.917718544287766,0.2693720100025248,2.2850046805624992e-05,3.0297286691474143,0.2623862952944258
OI_6300,6302.046,0.0,0.0,0.0,10000000000.0,0.2693720100025248,2.2850046805624992e-05,3.0297286691474143,0.2623862952944258
SII_6717,6718.29,4.119677729216278,4.119677729216278,73.67406593536876,40.611909974792766,0.2693720100025248,2.2850046805624992e-05,3.0297286691474143,0.2623862952944258
SII_6731,6732.67,1.790019621718102,1.790019621718102,32.01173302969783,40.098403174585066,0.2693720100025248,2.2850046805624992e-05,3.0297286691474143,0.2623862952944258
NII_6548,6549.85,0.0,0.0,0.0,10000000000.0,0.2693720100025248,2.2850046805624992e-05,3.0297286691474143,0.2623862952944258
NII_6584,6585.28,2.0993586595864144,2.0993586595864144,37.543783391469496,40.145277969970515,0.2693720100025248,2.2850046805624992e-05,3.0297286691474143,0.2623862952944258
NII_5755,5756.24,0.6207661847989812,0.6207661847989812,11.101443325283574,39.994611749269666,0.2693720100025248,2.2850046805624992e-05,3.0297286691474143,0.2623862952944258
HeI_5876,5877.594,0.0,0.0,0.0,10000000000.0,0.2693720100025248,2.2850046805624992e-05,3.0297286691474143,0.2623862952944258
HeII_4686,4687.02,0.0,0.0,0.0,10000000000.0,0.2693720100025248,2.2850046805624992e-05,3.0297286691474143,0.2623862952944258
NeIII_3869,3870.16,5.001117130281386,2.2460009517411126,89.43724665495787,40.90626473190652,0.2693720100025248,2.2850046805624992e-05,3.0297286691474143,0.2623862952944258
