line,wl,amp,amp_err,flux,flux_err,z,zerr,FWHM,FWHMerr
HI_6563,6564.61,0.5798767103120781,0.5798767103120781,3.409642911481407,20.351807926107593,0.2702010882751652,1.3082221032886782e-05,0.9961519134167246,0.27213124439083647
HI_4861,4862.683,0.0,0.0,0.0,10000000000.0,0.2702010882751652,1.3082221032886782e-05,0.9961519134167246,0.27213124439083647
HI_4341,4341.684,0.0,0.0,0.0,10000000000.0,0.2702010882751652,1.3082221032886782e-05,0.9961519134167246,0.27213124439083647
HI_4102,4102.892,0.0,0.0,0.0,10000000000.0,0.2702010882751652,1.3082221032886782e-05,0.9961519134167246,0.27213124439083647
OIII_4363,4364.436,7.285686528628958,7.285686528628958,42.83943291022337,22.301972743062453,0.2702010882751652,1.3082221032886782e-05,0.9961519134167246,0.27213124439083647
OIII_5007,5008.24,0.0,0.0,0.0,10000000000.0,0.2702010882751652,1.3082221032886782e-05,0.9961519134167246,0.27213124439083647
OIII_4959,4960.295,101.88389901454002,101.88389901454002,599.0716783263407,381.63484470862954,0.2702010882751652,1.3082221032886782e-05,0.9961519134167246,0.27213124439083647
OII_3726,3727.092,0.0,0.0,0.0,10000000000.0,0.2702010882751652,1.3082221032886782e-05,0.9961519134167246,0.27213124439083647
OII_3729,3729.875,0.0,0.0,0.0,10000000000.0,0.2702010882751652,1.3082221032886782e-05,0.9961519134167246,0.27213124439083647
OI_6300,6302.046,0.0,0.0,0.0,10000000000.0,0.2702010882751652,1.3082221032886782e-05,0.9961519134167246,0.27213124439083647
SII_6717,6718.29,0.0,0.0,0.0,10000000000.0,0.2702010882751652,1.3082221032886782e-05,0.9961519134167246,0.27213124439083647
SII_6731,6732.67,0.0,0.0,0.0,10000000000.0,0.2702010882751652,1.3082221032886782e-05,0.9961519134167246,0.27213124439083647
NII_6548,6549.85,0.9098490474688106,0.9098490474688106,5.349861962123923,20.3519472580089,0.2702010882751652,1.3082221032886782e-05,0.9961519134167246,0.27213124439083647
NII_6584,6585.28,0.0,0.0,0.0,10000000000.0,0.2702010882751652,1.3082221032886782e-05,0.9961519134167246,0.27213124439083647
NII_5755,5756.24,0.0,0.0,0.0,10000000000.0,0.2702010882751652,1.3082221032886782e-05,0.9961519134167246,0.27213124439083647
HeI_5876,5877.594,4.669680882895818,4.669680882895818,27.45746473017875,28.156817683144563,0.2702010882751652,1.3082221032886782e-05,0.9961519134167246,0.27213124439083647
HeII_4686,4687.02,0.0,0.0,0.0,10000000000.0,0.2702010882751652,1.3082221032886782e-05,0.9961519134167246,0.27213124439083647
NeIII_3869,3870.16,0.5851680139654718,3.431311644473801,3.440755483642789,20.197805638406503,0.2702010882751652,1.3082221032886782e-05,0.9961519134167246,0.27213124439083647
