line,wl,amp,amp_err,flux,flux_err,z,zerr,FWHM,FWHMerr
HI_6563,6564.61,0.0,0.0,0.0,10000000000.0,0.27004494452347244,2.1937187622704686e-05,1.9912689742275274,0.1985607231084626
HI_4861,4862.683,2.173754314046505,2.173754314046505,25.54983161066525,34.48082953650061,0.27004494452347244,2.1937187622704686e-05,1.9912689742275274,0.1985607231084626
HI_4341,4341.684,0.0,0.0,0.0,10000000000.0,0.27004494452347244,2.1937187622704686e-05,1.9912689742275274,0.1985607231084626
HI_4102,4102.892,0.0,0.0,0.0,10000000000.0,0.27004494452347244,2.1937187622704686e-05,1.9912689742275274,0.1985607231084626
OIII_4363,4364.436,7.082557012610891,7.082557012610891,83.24682227233212,36.141298591477636,0.27004494452347244,2.1937187622704686e-05,1.9912689742275274,0.1985607231084626
OIII_5007,5008.24,0.0,0.0,0.0,10000000000.0,0.27004494452347244,2.1937187622704686e-05,1.9912689742275274,0.1985607231084626
OIII_4959,4960.295,31.980644348238002,31.980644348238002,375.8934818981449,52.906336478435705,0.27004494452347244,2.1937187622704686e-05,1.9912689742275274,0.1985607231084626
OII_3726,3727.092,2.851681103931469,2.851681103931469,33.51803446321132,34.2862953422236,0.27004494452347244,2.1937187622704686e-05,1.9912689742275274,0.1985607231084626
OII_3729,3729.875,0.0,0.0,0.0,10000000000.0,0.27004494452347244,2.1937187622704686e-05,1.9912689742275274,0.1985607231084626
OI_6300,6302.046,2.202919999496544,2.202919999496544,25.892638682855,34.573757060154776,0.27004494452347244,2.1937187622704686e-05,1.9912689742275274,0.1985607231084626
SII_6717,6718.29,0.0,0.0,0.0,10000000000.0,0.27004494452347244,2.1937187622704686e-05,1.9912689742275274,0.1985607231084626
SII_6731,6732.67,0.15247804133184673,0.15247804133184673,1.7921934669335378,34.424888338773656,0.27004494452347244,2.1937187622704686e-05,1.9912689742275274,0.1985607231084626
NII_6548,6549.85,0.0,0.0,0.0,10000000000.0,0.27004494452347244,2.1937187622704686e-05,1.9912689742275274,0.1985607231084626
NII_6584,6585.28,0.0,0.0,0.0,10000000000.0,0.27004494452347244,2.1937187622704686e-05,1.9912689742275274,0.1985607231084626
NII_5755,5756.24,0.1821640187582716,0.1821640187582716,2.1411159369394737,34.62879152456151,0.27004494452347244,2.1937187622704686e-05,1.9912689742275274,0.1985607231084626
HeI_5876,5877.594,0.0,0.0,0.0,10000000000.0,0.27004494452347244,2.1937187622704686e-05,1.9912689742275274,0.1985607231084626
HeII_4686,4687.02,0.0,0.0,0.0,10000000000.0,0.27004494452347244,2.1937187622704686e-05,1.9912689742275274,0.1985607231084626
NeIII_3869,3870.16,7.694523206882195,2.984499696268429,90.43973874592628,36.21983050090975,0.27004494452347244,2.1937187622704686e-05,1.9912689742275274,0.1985607231084626
