line,wl,amp,amp_err,flux,flux_err,z,zerr,FWHM,FWHMerr
HI_6563,6564.61,0.0,0.0,0.0,10000000000.0,0.26840534011332196,3.7039275020446855e-05,0.5499068479271169,0.9799922278034503
HI_4861,4862.683,45.56248641133925,45.56248641133925,147.89183659764936,1583.4031657838937,0.26840534011332196,3.7039275020446855e-05,0.5499068479271169,0.9799922278034503
HI_4341,4341.684,4.158225887087497,4.158225887087497,13.497236693303265,50.37422785677716,0.26840534011332196,3.7039275020446855e-05,0.5499068479271169,0.9799922278034503
HI_4102,4102.892,0.0,0.0,0.0,10000000000.0,0.26840534011332196,3.7039275020446855e-05,0.5499068479271169,0.9799922278034503
OIII_4363,4364.436,1.8579022936252159,1.8579022936252159,6.030587969730203,21.795161972970437,0.26840534011332196,3.7039275020446855e-05,0.5499068479271169,0.9799922278034503
OIII_5007,5008.24,4.218804910948393,4.218804910948393,13.693870894018243,32.78924935440632,0.26840534011332196,3.7039275020446855e-05,0.5499068479271169,0.9799922278034503
OIII_4959,4960.295,116.15856805897238,116.15856805897238,377.04052873021254,4944.129616316378,0.26840534011332196,3.7039275020446855e-05,0.5499068479271169,0.9799922278034503
OII_3726,3727.092,0.0,0.0,0.0,10000000000.0,0.26840534011332196,3.7039275020446855e-05,0.5499068479271169,0.9799922278034503
OII_3729,3729.875,0.0,0.0,0.0,10000000000.0,0.26840534011332196,3.7039275020446855e-05,0.5499068479271169,0.9799922278034503
OI_6300,6302.046,0.0,0.0,0.0,10000000000.0,0.26840534011332196,3.7039275020446855e-05,0.5499068479271169,0.9799922278034503
SII_6717,6718.29,9.100385194197997,9.100385194197997,29.539052543476796,254.75996416536782,0.26840534011332196,3.7039275020446855e-05,0.5499068479271169,0.9799922278034503
SII_6731,6732.67,1.100114220690898,1.100114220690898,3.5708743174445723,14.45731126377113,0.26840534011332196,3.7039275020446855e-05,0.5499068479271169,0.9799922278034503
NII_6548,6549.85,0.0,0.0,0.0,10000000000.0,0.26840534011332196,3.7039275020446855e-05,0.5499068479271169,0.9799922278034503
NII_6584,6585.28,0.0,0.0,0.0,10000000000.0,0.26840534011332196,3.7039275020446855e-05,0.5499068479271169,0.9799922278034503
NII_5755,5756.24,4.051206469443628,4.051206469443628,13.149861045625187,34.583643669333846,0.26840534011332196,3.7039275020446855e-05,0.5499068479271169,0.9799922278034503
HeI_5876,5877.594,0.0,0.0,0.0,10000000000.0,0.26840534011332196,3.7039275020446855e-05,0.5499068479271169,0.9799922278034503
HeII_4686,4687.02,0.0,0.0,0.0,10000000000.0,0.26840534011332196,3.7039275020446855e-05,0.5499068479271169,0.9799922278034503
NeIII_3869,3870.16,0.0,10000000000.0,0.0,10000000000.0,0.26840534011332196,3.7039275020446855e-05,0.5499068479271169,0.9799922278034503
