line,wl,amp,amp_err,flux,flux_err,z,zerr,FWHM,FWHMerr
HI_6563,6564.61,1.2173015622727235,1.2173015622727235,8.290220475716092,23.64822686603267,0.27021032223169156,2.48713414572245e-05,1.1537726584447143,0.4268787248332543
HI_4861,4862.683,0.0,0.0,0.0,10000000000.0,0.27021032223169156,2.48713414572245e-05,1.1537726584447143,0.4268787248332543
HI_4341,4341.684,0.0,0.0,0.0,10000000000.0,0.27021032223169156,2.48713414572245e-05,1.1537726584447143,0.4268787248332543
HI_4102,4102.892,0.0,0.0,0.0,10000000000.0,0.27021032223169156,2.48713414572245e-05,1.1537726584447143,0.4268787248332543
OIII_4363,4364.436,0.0,0.0,0.0,10000000000.0,0.27021032223169156,2.48713414572245e-05,1.1537726584447143,0.4268787248332543
OIII_5007,5008.24,0.0,0.0,0.0,10000000000.0,0.27021032223169156,2.48713414572245e-05,1.1537726584447143,0.4268787248332543
OIII_4959,4960.295,58.62536431188755,58.62536431188755,399.25784265595036,270.3577615128689,0.27021032223169156,2.48713414572245e-05,1.1537726584447143,0.4268787248332543
OII_3726,3727.092,0.0,0.0,0.0,10000000000.0,0.27021032223169156,2.48713414572245e-05,1.1537726584447143,0.4268787248332543
OII_3729,3729.875,5.117243783067465,5.117243783067465,34.850098368733,33.34659310464599,0.27021032223169156,2.48713414572245e-05,1.1537726584447143,0.4268787248332543
OI_6300,6302.046,0.0,0.0,0.0,10000000000.0,0.27021032223169156,2.48713414572245e-05,1.1537726584447143,0.4268787248332543
SII_6717,6718.29,0.0,0.0,0.0,10000000000.0,0.27021032223169156,2.48713414572245e-05,1.1537726584447143,0.4268787248332543
SII_6731,6732.67,1.5164716246591752,1.5164716246591752,10.327666129106095,31.64428577399167,0.27021032223169156,2.48713414572245e-05,1.1537726584447143,0.4268787248332543
NII_6548,6549.85,1.1526375371215636,1.1526375371215636,7.84983738415947,23.601530669712336,0.27021032223169156,2.48713414572245e-05,1.1537726584447143,0.4268787248332543
NII_6584,6585.28,0.0,0.0,0.0,10000000000.0,0.27021032223169156,2.48713414572245e-05,1.1537726584447143,0.4268787248332543
NII_5755,5756.24,0.0,0.0,0.0,10000000000.0,0.27021032223169156,2.48713414572245e-05,1.1537726584447143,0.4268787248332543
HeI_5876,5877.594,3.0112093254523415,3.0112093254523415,20.507317151491023,28.58551298611745,0.27021032223169156,2.48713414572245e-05,1.1537726584447143,0.4268787248332543
HeII_4686,4687.02,0.0,0.0,0.0,10000000000.0,0.27021032223169156,2.48713414572245e-05,1.1537726584447143,0.4268787248332543
NeIII_3869,3870.16,10.839194976332237,3.698386553850365,73.81845133370203,37.152745601853766,0.27021032223169156,2.48713414572245e-05,1.1537726584447143,0.4268787248332543
