line,wl,amp,amp_err,flux,flux_err,z,zerr,FWHM,FWHMerr
HI_6563,6564.61,11.58517723912712,11.58517723912712,404.6225910005159,87.23245196995282,0.2691986443764919,6.368625152409834e-05,5.916975706831408,0.7954975370132135
HI_4861,4862.683,3.393384728702472,3.393384728702472,118.51697154463456,65.01323251497598,0.2691986443764919,6.368625152409834e-05,5.916975706831408,0.7954975370132135
HI_4341,4341.684,0.0,0.0,0.0,10000000000.0,0.2691986443764919,6.368625152409834e-05,5.916975706831408,0.7954975370132135
HI_4102,4102.892,0.0,0.0,0.0,10000000000.0,0.2691986443764919,6.368625152409834e-05,5.916975706831408,0.7954975370132135
OIII_4363,4364.436,4.2796028959230625,4.2796028959230625,149.4689271005205,66.43892373171354,0.2691986443764919,6.368625152409834e-05,5.916975706831408,0.7954975370132135
OIII_5007,5008.24,9.787603414549153,9.787603414549153,341.84073074904126,80.93325193854429,0.2691986443764919,6.368625152409834e-05,5.916975706831408,0.7954975370132135
OIII_4959,4960.295,4.447657276228256,4.447657276228256,155.3383753950549,66.74361809761024,0.2691986443764919,6.368625152409834e-05,5.916975706831408,0.7954975370132135
OII_3726,3727.092,7.074908657952733,7.074908657952733,247.0974602446828,92.1747454077209,0.2691986443764919,6.368625152409834e-05,5.916975706831408,0.7954975370132135
OII_3729,3729.875,7.012713585534129,7.012713585534129,244.9252421741221,92.10950646686851,0.2691986443764919,6.368625152409834e-05,5.916975706831408,0.7954975370132135
OI_6300,6302.046,0.26187272526613015,0.26187272526613015,9.146137208128836,62.53891875301291,0.2691986443764919,6.368625152409834e-05,5.916975706831408,0.7954975370132135
SII_6717,6718.29,0.6736475481034176,0.6736475481034176,23.52773813543196,62.62378788308559,0.2691986443764919,6.368625152409834e-05,5.916975706831408,0.7954975370132135
SII_6731,6732.67,0.0,0.0,0.0,10000000000.0,0.2691986443764919,6.368625152409834e-05,5.916975706831408,0.7954975370132135
NII_6548,6549.85,3.0955869234641114,3.0955869234641114,108.11611905332722,64.60170085419216,0.2691986443764919,6.368625152409834e-05,5.916975706831408,0.7954975370132135
NII_6584,6585.28,0.0,0.0,0.0,10000000000.0,0.2691986443764919,6.368625152409834e-05,5.916975706831408,0.7954975370132135
NII_5755,5756.24,0.0,0.0,0.0,10000000000.0,0.2691986443764919,6.368625152409834e-05,5.916975706831408,0.7954975370132135
HeI_5876,5877.594,1.3233814141406128,1.3233814141406128,46.22026971352976,62.9086687766316,0.2691986443764919,6.368625152409834e-05,5.916975706831408,0.7954975370132135
HeII_4686,4687.02,0.0,0.0,0.0,10000000000.0,0.2691986443764919,6.368625152409834e-05,5.916975706831408,0.7954975370132135
NeIII_3869,3870.16,1.139889585800006,1.7918335883602226,39.81165485351298,62.80984858661555,0.2691986443764919,6.368625152409834e-05,5.916975706831408,0.7954975370132135
