line,wl,amp,amp_err,flux,flux_err,z,zerr,FWHM,FWHMerr
HI_6563,6564.61,0.0,0.0,0.0,10000000000.0,0.27002628942469714,3.4473235495296136e-05,2.065118939171102,0.3150793156964429
HI_4861,4862.683,6.737816469329005,6.737816469329005,82.13190666010257,36.12910137534264,0.27002628942469714,3.4473235495296136e-05,2.065118939171102,0.3150793156964429
HI_4341,4341.684,1.5411171473620016,1.5411171473620016,18.78574316703295,33.5613505953982,0.27002628942469714,3.4473235495296136e-05,2.065118939171102,0.3150793156964429
HI_4102,4102.892,0.11650323857861622,0.11650323857861622,1.420138580517239,33.19847847601529,0.27002628942469714,3.4473235495296136e-05,2.065118939171102,0.3150793156964429
OIII_4363,4364.436,4.558731855301744,4.558731855301744,55.569536649217454,34.87685016918676,0.27002628942469714,3.4473235495296136e-05,2.065118939171102,0.3150793156964429
OIII_5007,5008.24,0.7742465238943623,0.7742465238943623,9.437826560261499,33.452963151775236,0.27002628942469714,3.4473235495296136e-05,2.065118939171102,0.3150793156964429
OIII_4959,4960.295,12.761102384037827,12.761102384037827,155.55390602531256,41.99487105796631,0.27002628942469714,3.4473235495296136e-05,2.065118939171102,0.3150793156964429
OII_3726,3727.092,15.09813839471235,15.09813839471235,184.04165489228836,44.93919736811989,0.27002628942469714,3.4473235495296136e-05,2.065118939171102,0.3150793156964429
OII_3729,3729.875,0.0,0.0,0.0,10000000000.0,0.27002628942469714,3.4473235495296136e-05,2.065118939171102,0.3150793156964429
OI_6300,6302.046,0.0,0.0,0.0,10000000000.0,0.27002628942469714,3.4473235495296136e-05,2.065118939171102,0.3150793156964429
SII_6717,6718.29,0.0,0.0,0.0,10000000000.0,0.27002628942469714,3.4473235495296136e-05,2.065118939171102,0.3150793156964429
SII_6731,6732.67,0.6233613700838987,0.6233613700838987,7.598583027053428,33.36595595421719,0.27002628942469714,3.4473235495296136e-05,2.065118939171102,0.3150793156964429
NII_6548,6549.85,0.0,0.0,0.0,10000000000.0,0.27002628942469714,3.4473235495296136e-05,2.065118939171102,0.3150793156964429
NII_6584,6585.28,2.0975498355284117,2.0975498355284117,25.56848618402474,33.26514437474829,0.27002628942469714,3.4473235495296136e-05,2.065118939171102,0.3150793156964429
NII_5755,5756.24,0.0,0.0,0.0,10000000000.0,0.27002628942469714,3.4473235495296136e-05,2.065118939171102,0.3150793156964429
HeI_5876,5877.594,0.0,0.0,0.0,10000000000.0,0.27002628942469714,3.4473235495296136e-05,2.065118939171102,0.3150793156964429
HeII_4686,4687.02,0.0,0.0,0.0,10000000000.0,0.27002628942469714,3.4473235495296136e-05,2.065118939171102,0.3150793156964429
NeIII_3869,3870.16,1.1500672634292641,2.732800352841966,14.018965574795269,33.38059108036214,0.27002628942469714,3.4473235495296136e-05,2.065118939171102,0.3150793156964429
