line,wl,amp,amp_err,flux,flux_err,z,zerr,FWHM,FWHMerr
HI_6563,6564.61,159.35634862536608,159.35634862536608,3552.8015166714,66.64898098956802,0.2693674675897177,3.416709770865147e-06,3.777060291059147,0.04391624174735339
HI_4861,4862.683,55.392403734842446,55.392403734842446,1234.9568605131606,50.663764117738026,0.2693674675897177,3.416709770865147e-06,3.777060291059147,0.04391624174735339
HI_4341,4341.684,23.833904063374916,23.833904063374916,531.3696707724407,48.54698554514351,0.2693674675897177,3.416709770865147e-06,3.777060291059147,0.04391624174735339
HI_4102,4102.892,16.549972727620798,16.549972727620798,368.9766282596789,48.291858248908,0.2693674675897177,3.416709770865147e-06,3.777060291059147,0.04391624174735339
OIII_4363,4364.436,0.0,0.0,0.0,10000000000.0,0.2693674675897177,3.416709770865147e-06,3.777060291059147,0.04391624174735339
OIII_5007,5008.24,163.65480343627723,163.65480343627723,3648.6342644927677,67.51807397143567,0.2693674675897177,3.416709770865147e-06,3.777060291059147,0.04391624174735339
OIII_4959,4960.295,51.722020710234574,51.722020710234574,1153.1267828973125,50.33681347653517,0.2693674675897177,3.416709770865147e-06,3.777060291059147,0.04391624174735339
OII_3726,3727.092,76.0680837755558,76.0680837755558,1695.9148834630305,57.47211273759645,0.2693674675897177,3.416709770865147e-06,3.777060291059147,0.04391624174735339
OII_3729,3729.875,100.11375968328957,100.11375968328957,2232.0059433506,59.694990907207334,0.2693674675897177,3.416709770865147e-06,3.777060291059147,0.04391624174735339
OI_6300,6302.046,9.918435602177397,9.918435602177397,221.1285170273681,48.13894238451127,0.2693674675897177,3.416709770865147e-06,3.777060291059147,0.04391624174735339
SII_6717,6718.29,23.483209378118204,23.483209378118204,523.5510390052322,48.532627174090585,0.2693674675897177,3.416709770865147e-06,3.777060291059147,0.04391624174735339
SII_6731,6732.67,19.938045523553342,19.938045523553342,444.5126848511901,48.399229291413086,0.2693674675897177,3.416709770865147e-06,3.777060291059147,0.04391624174735339
NII_6548,6549.85,1.5234576376897166,1.5234576376897166,33.96502651107491,48.05507820981799,0.2693674675897177,3.416709770865147e-06,3.777060291059147,0.04391624174735339
NII_6584,6585.28,14.670981026843037,14.670981026843037,327.08507751870275,48.24079967131677,0.2693674675897177,3.416709770865147e-06,3.777060291059147,0.04391624174735339
NII_5755,5756.24,2.931377406012757,2.931377406012757,65.35417122603812,48.06056395892313,0.2693674675897177,3.416709770865147e-06,3.777060291059147,0.04391624174735339
HeI_5876,5877.594,4.243074756636702,4.243074756636702,94.59806628833252,48.06878425872793,0.2693674675897177,3.416709770865147e-06,3.777060291059147,0.04391624174735339
HeII_4686,4687.02,2.1600499167107046e-12,2.1600499167107046e-12,4.815765852051e-11,48.05304892204397,0.2693674675897177,3.416709770865147e-06,3.777060291059147,0.04391624174735339
NeIII_3869,3870.16,14.741703626488516,2.157061107970345,328.66181645286406,48.24261131719793,0.2693674675897177,3.416709770865147e-06,3.777060291059147,0.04391624174735339
