line,wl,amp,amp_err,flux,flux_err,z,zerr,FWHM,FWHMerr
HI_6563,6564.61,7.984174464528337,7.984174464528337,249.1884527615904,67.59487911860717,0.2690023853016922,6.631109837072847e-05,5.2874982548120535,0.7866177036176017
HI_4861,4862.683,1.4162597893669044,1.4162597893669044,44.201888020948104,53.899904482530076,0.2690023853016922,6.631109837072847e-05,5.2874982548120535,0.7866177036176017
HI_4341,4341.684,0.0,0.0,0.0,10000000000.0,0.2690023853016922,6.631109837072847e-05,5.2874982548120535,0.7866177036176017
HI_4102,4102.892,3.957252253451429,3.957252253451429,123.50701636166367,57.210929915468974,0.2690023853016922,6.631109837072847e-05,5.2874982548120535,0.7866177036176017
OIII_4363,4364.436,0.0,0.0,0.0,10000000000.0,0.2690023853016922,6.631109837072847e-05,5.2874982548120535,0.7866177036176017
OIII_5007,5008.24,9.753623618579581,9.753623618579581,304.4134855933827,73.586966171781,0.2690023853016922,6.631109837072847e-05,5.2874982548120535,0.7866177036176017
OIII_4959,4960.295,0.16178124516534353,0.16178124516534353,5.049240638177491,53.40273178415105,0.2690023853016922,6.631109837072847e-05,5.2874982548120535,0.7866177036176017
OII_3726,3727.092,1.1121456803552974,1.1121456803552974,34.71039649301983,71.829545804645,0.2690023853016922,6.631109837072847e-05,5.2874982548120535,0.7866177036176017
OII_3729,3729.875,10.00452479707235,10.00452479707235,312.24418577941196,80.66238002252797,0.2690023853016922,6.631109837072847e-05,5.2874982548120535,0.7866177036176017
OI_6300,6302.046,0.0,0.0,0.0,10000000000.0,0.2690023853016922,6.631109837072847e-05,5.2874982548120535,0.7866177036176017
SII_6717,6718.29,0.0,0.0,0.0,10000000000.0,0.2690023853016922,6.631109837072847e-05,5.2874982548120535,0.7866177036176017
SII_6731,6732.67,0.0,0.0,0.0,10000000000.0,0.2690023853016922,6.631109837072847e-05,5.2874982548120535,0.7866177036176017
NII_6548,6549.85,0.0,0.0,0.0,10000000000.0,0.2690023853016922,6.631109837072847e-05,5.2874982548120535,0.7866177036176017
NII_6584,6585.28,1.554198893634748,1.554198893634748,48.5070083712778,54.002339620184,0.2690023853016922,6.631109837072847e-05,5.2874982548120535,0.7866177036176017
NII_5755,5756.24,1.4936773984064757,1.4936773984064757,46.61811455742725,53.95624272893918,0.2690023853016922,6.631109837072847e-05,5.2874982548120535,0.7866177036176017
HeI_5876,5877.594,0.0,0.0,0.0,10000000000.0,0.2690023853016922,6.631109837072847e-05,5.2874982548120535,0.7866177036176017
HeII_4686,4687.02,0.0,0.0,0.0,10000000000.0,0.2690023853016922,6.631109837072847e-05,5.2874982548120535,0.7866177036176017
NeIII_3869,3870.16,0.5730158432528469,1.7113816171943044,17.8839943969699,53.47895128336743,0.2690023853016922,6.631109837072847e-05,5.2874982548120535,0.7866177036176017
