line,wl,amp,amp_err,flux,flux_err,z,zerr,FWHM,FWHMerr
HI_6563,6564.61,9.990851374917725,9.990851374917725,330.39004341598485,78.5633686679734,0.2691413530949712,6.624808553659748e-05,5.602434585943946,0.7545549844448433
HI_4861,4862.683,6.277080331302159,6.277080331302159,207.57839000498828,68.36691217085124,0.2691413530949712,6.624808553659748e-05,5.602434585943946,0.7545549844448433
HI_4341,4341.684,1.1212597713692958,1.1212597713692958,37.079228850639325,61.05713178819043,0.2691413530949712,6.624808553659748e-05,5.602434585943946,0.7545549844448433
HI_4102,4102.892,0.0,0.0,0.0,10000000000.0,0.2691413530949712,6.624808553659748e-05,5.602434585943946,0.7545549844448433
OIII_4363,4364.436,0.5634621971669276,0.5634621971669276,18.63327686493389,60.86600057247208,0.2691413530949712,6.624808553659748e-05,5.602434585943946,0.7545549844448433
OIII_5007,5008.24,9.878188564696757,9.878188564696757,326.66436785907274,78.21056009506573,0.2691413530949712,6.624808553659748e-05,5.602434585943946,0.7545549844448433
OIII_4959,4960.295,0.9341155977760991,0.9341155977760991,30.890509859810173,60.978791695218185,0.2691413530949712,6.624808553659748e-05,5.602434585943946,0.7545549844448433
OII_3726,3727.092,13.151788751531399,13.151788751531399,434.91989757000096,101.92007423721839,0.2691413530949712,6.624808553659748e-05,5.602434585943946,0.7545549844448433
OII_3729,3729.875,6.142331442759996,6.142331442759996,203.12234422219655,95.24813523630147,0.2691413530949712,6.624808553659748e-05,5.602434585943946,0.7545549844448433
OI_6300,6302.046,1.8895980422407774,1.8895980422407774,62.4876054889598,61.52474621342989,0.2691413530949712,6.624808553659748e-05,5.602434585943946,0.7545549844448433
SII_6717,6718.29,0.7351660571481489,0.7351660571481489,24.31139613876355,60.91135204709153,0.2691413530949712,6.624808553659748e-05,5.602434585943946,0.7545549844448433
SII_6731,6732.67,1.4648237064079694,1.4648237064079694,48.44063331498396,61.23728134048057,0.2691413530949712,6.624808553659748e-05,5.602434585943946,0.7545549844448433
NII_6548,6549.85,0.0,0.0,0.0,10000000000.0,0.2691413530949712,6.624808553659748e-05,5.602434585943946,0.7545549844448433
NII_6584,6585.28,0.0,0.0,0.0,10000000000.0,0.2691413530949712,6.624808553659748e-05,5.602434585943946,0.7545549844448433
NII_5755,5756.24,0.5828892269834114,0.5828892269834114,19.275714329335123,60.87049699478219,0.2691413530949712,6.624808553659748e-05,5.602434585943946,0.7545549844448433
HeI_5876,5877.594,1.0318571710797642,1.0318571710797642,34.122751180946885,61.01804604057762,0.2691413530949712,6.624808553659748e-05,5.602434585943946,0.7545549844448433
HeII_4686,4687.02,0.0,0.0,0.0,10000000000.0,0.2691413530949712,6.624808553659748e-05,5.602434585943946,0.7545549844448433
NeIII_3869,3870.16,0.0,10000000000.0,0.0,10000000000.0,0.2691413530949712,6.624808553659748e-05,5.602434585943946,0.7545549844448433
