line,wl,amp,amp_err,flux,flux_err,z,zerr,FWHM,FWHMerr
HI_6563,6564.61,0.0,0.0,0.0,10000000000.0,0.270219465544503,2.0132506662438837e-05,1.6881965936520438,0.31859907481373134
HI_4861,4862.683,0.0,0.0,0.0,10000000000.0,0.270219465544503,2.0132506662438837e-05,1.6881965936520438,0.31859907481373134
HI_4341,4341.684,0.0,0.0,0.0,10000000000.0,0.270219465544503,2.0132506662438837e-05,1.6881965936520438,0.31859907481373134
HI_4102,4102.892,4.542792878761247,4.542792878761247,45.26824046072649,33.27658462363551,0.270219465544503,2.0132506662438837e-05,1.6881965936520438,0.31859907481373134
OIII_4363,4364.436,0.0,0.0,0.0,10000000000.0,0.270219465544503,2.0132506662438837e-05,1.6881965936520438,0.31859907481373134
OIII_5007,5008.24,0.6302481160471416,0.6302481160471416,6.280326668761009,31.625083381585238,0.270219465544503,2.0132506662438837e-05,1.6881965936520438,0.31859907481373134
OIII_4959,4960.295,35.86113135338496,35.86113135338496,357.35072247920704,87.87756539688425,0.270219465544503,2.0132506662438837e-05,1.6881965936520438,0.31859907481373134
OII_3726,3727.092,0.0,0.0,0.0,10000000000.0,0.270219465544503,2.0132506662438837e-05,1.6881965936520438,0.31859907481373134
OII_3729,3729.875,0.0,0.0,0.0,10000000000.0,0.270219465544503,2.0132506662438837e-05,1.6881965936520438,0.31859907481373134
OI_6300,6302.046,1.5518602802056876,1.5518602802056876,15.46405178502384,29.96462627287196,0.270219465544503,2.0132506662438837e-05,1.6881965936520438,0.31859907481373134
SII_6717,6718.29,1.5741200729625007,1.5741200729625007,15.685867236006082,29.867632716060875,0.270219465544503,2.0132506662438837e-05,1.6881965936520438,0.31859907481373134
SII_6731,6732.67,0.0,0.0,0.0,10000000000.0,0.270219465544503,2.0132506662438837e-05,1.6881965936520438,0.31859907481373134
NII_6548,6549.85,0.0,0.0,0.0,10000000000.0,0.270219465544503,2.0132506662438837e-05,1.6881965936520438,0.31859907481373134
NII_6584,6585.28,0.0,0.0,0.0,10000000000.0,0.270219465544503,2.0132506662438837e-05,1.6881965936520438,0.31859907481373134
NII_5755,5756.24,0.0,0.0,0.0,10000000000.0,0.270219465544503,2.0132506662438837e-05,1.6881965936520438,0.31859907481373134
HeI_5876,5877.594,0.0,0.0,0.0,10000000000.0,0.270219465544503,2.0132506662438837e-05,1.6881965936520438,0.31859907481373134
HeII_4686,4687.02,0.0,0.0,0.0,10000000000.0,0.270219465544503,2.0132506662438837e-05,1.6881965936520438,0.31859907481373134
NeIII_3869,3870.16,0.0,10000000000.0,0.0,10000000000.0,0.270219465544503,2.0132506662438837e-05,1.6881965936520438,0.31859907481373134
