line,wl,amp,amp_err,flux,flux_err,z,zerr,FWHM,FWHMerr
HI_6563,6564.61,409.16141716533275,409.16141716533275,11184.175666315092,97.30076746639537,0.26924243509467577,1.9201233138913063e-06,4.630859955347226,0.02419987532200029
HI_4861,4862.683,171.5954018534144,171.5954018534144,4690.45476271051,77.1266019358466,0.26924243509467577,1.9201233138913063e-06,4.630859955347226,0.02419987532200029
HI_4341,4341.684,71.0660769692704,71.0660769692704,1942.5475017822187,72.98163835374606,0.26924243509467577,1.9201233138913063e-06,4.630859955347226,0.02419987532200029
HI_4102,4102.892,26.52889579782891,26.52889579782891,725.15104892306,72.21812709120219,0.26924243509467577,1.9201233138913063e-06,4.630859955347226,0.02419987532200029
OIII_4363,4364.436,4.625134169124749,4.625134169124749,126.42519763016966,72.09752676308504,0.26924243509467577,1.9201233138913063e-06,4.630859955347226,0.02419987532200029
OIII_5007,5008.24,477.06597832845796,477.06597832845796,13040.305078159296,104.89196347282753,0.26924243509467577,1.9201233138913063e-06,4.630859955347226,0.02419987532200029
OIII_4959,4960.295,155.4648796095405,155.4648796095405,4249.536858928809,76.24929738931884,0.26924243509467577,1.9201233138913063e-06,4.630859955347226,0.02419987532200029
OII_3726,3727.092,220.2762319912115,220.2762319912115,6021.115311339822,91.56911550285066,0.26924243509467577,1.9201233138913063e-06,4.630859955347226,0.02419987532200029
OII_3729,3729.875,241.19084837543164,241.19084837543164,6592.803485790033,92.3953619025573,0.26924243509467577,1.9201233138913063e-06,4.630859955347226,0.02419987532200029
OI_6300,6302.046,17.26040992700848,17.26040992700848,471.8026886153522,72.14642262877078,0.26924243509467577,1.9201233138913063e-06,4.630859955347226,0.02419987532200029
SII_6717,6718.29,49.76734607428716,49.76734607428716,1360.3597934460481,72.53053932380806,0.26924243509467577,1.9201233138913063e-06,4.630859955347226,0.02419987532200029
SII_6731,6732.67,34.08074408382345,34.08074408382345,931.576176739534,72.298907884497,0.26924243509467577,1.9201233138913063e-06,4.630859955347226,0.02419987532200029
NII_6548,6549.85,22.00931071382206,22.00931071382206,601.6109706121941,72.17937857972342,0.26924243509467577,1.9201233138913063e-06,4.630859955347226,0.02419987532200029
NII_6584,6585.28,70.65118886426353,70.65118886426353,1931.2067906261948,72.97136571443085,0.26924243509467577,1.9201233138913063e-06,4.630859955347226,0.02419987532200029
NII_5755,5756.24,0.49887379995664105,0.49887379995664105,13.636408468549865,72.09378579819192,0.26924243509467577,1.9201233138913063e-06,4.630859955347226,0.02419987532200029
HeI_5876,5877.594,18.46089320729925,18.46089320729925,504.6171606744829,72.15400311699376,0.26924243509467577,1.9201233138913063e-06,4.630859955347226,0.02419987532200029
HeII_4686,4687.02,2.1600499167107046e-12,2.1600499167107046e-12,5.90436358439436e-11,72.09374184685542,0.26924243509467577,1.9201233138913063e-06,4.630859955347226,0.02419987532200029
NeIII_3869,3870.16,41.10361338360485,2.639660228456194,1123.5419893385952,72.39198250818033,0.26924243509467577,1.9201233138913063e-06,4.630859955347226,0.02419987532200029
