line,wl,amp,amp_err,flux,flux_err,z,zerr,FWHM,FWHMerr
HI_6563,6564.61,93.21428233075449,93.21428233075449,3314.9927473989183,94.14404634457075,0.2695583325436129,8.661721217082526e-06,6.0249363632659145,0.10930574448784613
HI_4861,4862.683,27.56961554030795,27.56961554030795,980.4621489269755,68.83014406148493,0.2695583325436129,8.661721217082526e-06,6.0249363632659145,0.10930574448784613
HI_4341,4341.684,12.952434319167878,12.952434319167878,460.6292593322465,66.5536841015831,0.2695583325436129,8.661721217082526e-06,6.0249363632659145,0.10930574448784613
HI_4102,4102.892,8.867234935286433,8.867234935286433,315.3467340514889,66.2042973983159,0.2695583325436129,8.661721217082526e-06,6.0249363632659145,0.10930574448784613
OIII_4363,4364.436,0.0,0.0,0.0,10000000000.0,0.2695583325436129,8.661721217082526e-06,6.0249363632659145,0.10930574448784613
OIII_5007,5008.24,80.12877719473386,80.12877719473386,2849.6310717273805,87.65179334104569,0.2695583325436129,8.661721217082526e-06,6.0249363632659145,0.10930574448784613
OIII_4959,4960.295,24.917442388997415,24.917442388997415,886.1425388671788,68.30193865761663,0.2695583325436129,8.661721217082526e-06,6.0249363632659145,0.10930574448784613
OII_3726,3727.092,60.07913314477878,60.07913314477878,2136.602735815362,98.80324989986948,0.2695583325436129,8.661721217082526e-06,6.0249363632659145,0.10930574448784613
OII_3729,3729.875,47.5904972184826,47.5904972184826,1692.467604530676,97.1488238835312,0.2695583325436129,8.661721217082526e-06,6.0249363632659145,0.10930574448784613
OI_6300,6302.046,3.4478242759859086,3.4478242759859086,122.61546389043255,65.94151964976531,0.2695583325436129,8.661721217082526e-06,6.0249363632659145,0.10930574448784613
SII_6717,6718.29,14.034108439134116,14.034108439134116,499.0969895242123,66.66771224222053,0.2695583325436129,8.661721217082526e-06,6.0249363632659145,0.10930574448784613
SII_6731,6732.67,7.936178090552403,7.936178090552403,282.2354273875839,66.1428413087707,0.2695583325436129,8.661721217082526e-06,6.0249363632659145,0.10930574448784613
NII_6548,6549.85,0.21304319202749866,0.21304319202749866,7.5764852637916205,65.89479644686274,0.2695583325436129,8.661721217082526e-06,6.0249363632659145,0.10930574448784613
NII_6584,6585.28,12.42726611225828,12.42726611225828,441.9526278811516,66.5015847770959,0.2695583325436129,8.661721217082526e-06,6.0249363632659145,0.10930574448784613
NII_5755,5756.24,0.0,0.0,0.0,10000000000.0,0.2695583325436129,8.661721217082526e-06,6.0249363632659145,0.10930574448784613
HeI_5876,5877.594,2.287167853646565,2.287167853646565,81.33887487347825,65.91526522707154,0.2695583325436129,8.661721217082526e-06,6.0249363632659145,0.10930574448784613
HeII_4686,4687.02,2.1600499167107046e-12,2.1600499167107046e-12,7.681816164724275e-11,65.89462218028828,0.2695583325436129,8.661721217082526e-06,6.0249363632659145,0.10930574448784613
NeIII_3869,3870.16,9.896079511232529,1.8550628549123387,351.93567967422155,66.28011518595356,0.2695583325436129,8.661721217082526e-06,6.0249363632659145,0.10930574448784613
