line,wl,amp,amp_err,flux,flux_err,z,zerr,FWHM,FWHMerr
HI_6563,6564.61,80.2762149447608,80.2762149447608,2668.674411768838,79.55661384268771,0.2692397891025697,8.240418222629833e-06,5.631979250976361,0.1029655445797495
HI_4861,4862.683,30.843768774303726,30.843768774303726,1025.3594610450816,61.587306604571815,0.2692397891025697,8.240418222629833e-06,5.631979250976361,0.1029655445797495
HI_4341,4341.684,10.161343050795153,10.161343050795153,337.800134292853,58.321600163066776,0.2692397891025697,8.240418222629833e-06,5.631979250976361,0.1029655445797495
HI_4102,4102.892,3.807236600225906,3.807236600225906,126.56644189769149,57.96918877234671,0.2692397891025697,8.240418222629833e-06,5.631979250976361,0.1029655445797495
OIII_4363,4364.436,1.6682692365841376,1.6682692365841376,55.459358997889396,57.92252663383531,0.2692397891025697,8.240418222629833e-06,5.631979250976361,0.1029655445797495
OIII_5007,5008.24,80.35888240535337,80.35888240535337,2671.422579914548,79.59513781569348,0.2692397891025697,8.240418222629833e-06,5.631979250976361,0.1029655445797495
OIII_4959,4960.295,29.95685681782811,29.95685681782811,995.875270175258,61.38483217888441,0.2692397891025697,8.240418222629833e-06,5.631979250976361,0.1029655445797495
OII_3726,3727.092,44.387706931538105,44.387706931538105,1475.609403941149,82.69793503543183,0.2692397891025697,8.240418222629833e-06,5.631979250976361,0.1029655445797495
OII_3729,3729.875,57.33703483882755,57.33703483882755,1906.0923316622307,84.45637327413945,0.2692397891025697,8.240418222629833e-06,5.631979250976361,0.1029655445797495
OI_6300,6302.046,3.677029294973636,3.677029294973636,122.23787578391527,57.96530629459296,0.2692397891025697,8.240418222629833e-06,5.631979250976361,0.1029655445797495
SII_6717,6718.29,8.210027510596888,8.210027510596888,272.93128297746273,58.1795224581986,0.2692397891025697,8.240418222629833e-06,5.631979250976361,0.1029655445797495
SII_6731,6732.67,7.446494287093856,7.446494287093856,247.5486515529488,58.13206825773067,0.2692397891025697,8.240418222629833e-06,5.631979250976361,0.1029655445797495
NII_6548,6549.85,1.956427343251562,1.956427343251562,65.03878630816143,57.92669076650633,0.2692397891025697,8.240418222629833e-06,5.631979250976361,0.1029655445797495
NII_6584,6585.28,14.493048124700636,14.493048124700636,481.80182268854213,58.742829151093915,0.2692397891025697,8.240418222629833e-06,5.631979250976361,0.1029655445797495
NII_5755,5756.24,0.9849327402554309,0.9849327402554309,32.74275952150604,57.91529955332562,0.2692397891025697,8.240418222629833e-06,5.631979250976361,0.1029655445797495
HeI_5876,5877.594,1.5795295768658661,1.5795295768658661,52.50932878829141,57.921377755485,0.2692397891025697,8.240418222629833e-06,5.631979250976361,0.1029655445797495
HeII_4686,4687.02,0.0,0.0,0.0,10000000000.0,0.2692397891025697,8.240418222629833e-06,5.631979250976361,0.1029655445797495
NeIII_3869,3870.16,10.422792523014209,1.7446333780597505,346.4916691012838,58.342899121659975,0.2692397891025697,8.240418222629833e-06,5.631979250976361,0.1029655445797495
