line,wl,amp,amp_err,flux,flux_err,z,zerr,FWHM,FWHMerr
HI_6563,6564.61,27.977866150126147,27.977866150126147,1117.5686205844381,98.63039900147636,0.26925481373674026,3.0067941834787462e-05,6.767245823265555,0.35704108206673263
HI_4861,4862.683,11.401958763102925,11.401958763102925,455.4482911050788,78.12444030474678,0.26925481373674026,3.0067941834787462e-05,6.767245823265555,0.35704108206673263
HI_4341,4341.684,5.208197795572573,5.208197795572573,208.0401126696615,74.37845771311879,0.26925481373674026,3.0067941834787462e-05,6.767245823265555,0.35704108206673263
HI_4102,4102.892,3.126203612838708,3.126203612838708,124.87539401751302,73.72792094496076,0.26925481373674026,3.0067941834787462e-05,6.767245823265555,0.35704108206673263
OIII_4363,4364.436,0.12319691526988663,0.12319691526988663,4.921068887800235,73.35957097454009,0.26925481373674026,3.0067941834787462e-05,6.767245823265555,0.35704108206673263
OIII_5007,5008.24,25.089884553391812,25.089884553391812,1002.2089433303856,94.21748281533249,0.26925481373674026,3.0067941834787462e-05,6.767245823265555,0.35704108206673263
OIII_4959,4960.295,14.514310221562937,14.514310221562937,579.7703644019174,80.93918670315806,0.26925481373674026,3.0067941834787462e-05,6.767245823265555,0.35704108206673263
OII_3726,3727.092,15.736742696867395,15.736742696867395,628.6001131702116,117.49413454762802,0.26925481373674026,3.0067941834787462e-05,6.767245823265555,0.35704108206673263
OII_3729,3729.875,22.277621756997632,22.277621756997632,889.873833954183,119.76242297092374,0.26925481373674026,3.0067941834787462e-05,6.767245823265555,0.35704108206673263
OI_6300,6302.046,1.3708990789114068,1.3708990789114068,54.7602088150168,73.43008233527894,0.26925481373674026,3.0067941834787462e-05,6.767245823265555,0.35704108206673263
SII_6717,6718.29,3.940332725280655,3.940332725280655,157.3955706559761,73.9444647082607,0.26925481373674026,3.0067941834787462e-05,6.767245823265555,0.35704108206673263
SII_6731,6732.67,4.669846022055481,4.669846022055481,186.53579044257236,74.17995383080569,0.26925481373674026,3.0067941834787462e-05,6.767245823265555,0.35704108206673263
NII_6548,6549.85,1.1139759371209266,1.1139759371209266,44.497480427286895,73.40618699583625,0.26925481373674026,3.0067941834787462e-05,6.767245823265555,0.35704108206673263
NII_6584,6585.28,3.375298542835367,3.375298542835367,134.82542651167046,73.78887584365538,0.26925481373674026,3.0067941834787462e-05,6.767245823265555,0.35704108206673263
NII_5755,5756.24,0.0,0.0,0.0,10000000000.0,0.26925481373674026,3.0067941834787462e-05,6.767245823265555,0.35704108206673263
HeI_5876,5877.594,1.6972010676843183,1.6972010676843183,67.79425728498053,73.4679257070232,0.26925481373674026,3.0067941834787462e-05,6.767245823265555,0.35704108206673263
HeII_4686,4687.02,0.0,0.0,0.0,10000000000.0,0.26925481373674026,3.0067941834787462e-05,6.767245823265555,0.35704108206673263
NeIII_3869,3870.16,3.1371218105575736,1.838376574441668,125.31151859893987,73.73050131340148,0.26925481373674026,3.0067941834787462e-05,6.767245823265555,0.35704108206673263
