line,wl,amp,amp_err,flux,flux_err,z,zerr,FWHM,FWHMerr
HI_6563,6564.61,20.42702298219092,20.42702298219092,726.7677659541921,77.36660826687172,0.26961396417329025,2.9993736809356155e-05,6.027579140470076,0.3501241539093014
HI_4861,4862.683,6.306961791067579,6.306961791067579,224.39376187361617,63.01064726338501,0.26961396417329025,2.9993736809356155e-05,6.027579140470076,0.3501241539093014
HI_4341,4341.684,1.9770703919109565,1.9770703919109565,70.34167598068625,61.47229019986759,0.26961396417329025,2.9993736809356155e-05,6.027579140470076,0.3501241539093014
HI_4102,4102.892,0.0,0.0,0.0,10000000000.0,0.26961396417329025,2.9993736809356155e-05,6.027579140470076,0.3501241539093014
OIII_4363,4364.436,0.0,0.0,0.0,10000000000.0,0.26961396417329025,2.9993736809356155e-05,6.027579140470076,0.3501241539093014
OIII_5007,5008.24,23.472456952866196,23.472456952866196,835.120473304565,81.84940982439858,0.26961396417329025,2.9993736809356155e-05,6.027579140470076,0.3501241539093014
OIII_4959,4960.295,16.58662060488598,16.58662060488598,590.1310833327228,72.29431711011694,0.26961396417329025,2.9993736809356155e-05,6.027579140470076,0.3501241539093014
OII_3726,3727.092,13.452501113560174,13.452501113560174,478.6230567871905,93.55446729596609,0.26961396417329025,2.9993736809356155e-05,6.027579140470076,0.3501241539093014
OII_3729,3729.875,21.48370864682977,21.48370864682977,764.3633118384327,96.78469767208526,0.26961396417329025,2.9993736809356155e-05,6.027579140470076,0.3501241539093014
OI_6300,6302.046,2.4762741483518766,2.4762741483518766,88.10271728077271,61.5687649745874,0.26961396417329025,2.9993736809356155e-05,6.027579140470076,0.3501241539093014
SII_6717,6718.29,5.867317590389348,5.867317590389348,208.75177459920016,62.78344769882619,0.26961396417329025,2.9993736809356155e-05,6.027579140470076,0.3501241539093014
SII_6731,6732.67,2.8173571654517673,2.8173571654517673,100.23802170367965,61.646992293825576,0.26961396417329025,2.9993736809356155e-05,6.027579140470076,0.3501241539093014
NII_6548,6549.85,0.0,0.0,0.0,10000000000.0,0.26961396417329025,2.9993736809356155e-05,6.027579140470076,0.3501241539093014
NII_6584,6585.28,0.0,0.0,0.0,10000000000.0,0.26961396417329025,2.9993736809356155e-05,6.027579140470076,0.3501241539093014
NII_5755,5756.24,0.0,0.0,0.0,10000000000.0,0.26961396417329025,2.9993736809356155e-05,6.027579140470076,0.3501241539093014
HeI_5876,5877.594,2.8099814736910957,2.8099814736910957,99.97560387471142,61.645168699320294,0.26961396417329025,2.9993736809356155e-05,6.027579140470076,0.3501241539093014
HeII_4686,4687.02,0.0,0.0,0.0,10000000000.0,0.26961396417329025,2.9993736809356155e-05,6.027579140470076,0.3501241539093014
NeIII_3869,3870.16,3.87705723371721,1.7266788186900595,137.9408162746865,61.95338606222196,0.26961396417329025,2.9993736809356155e-05,6.027579140470076,0.3501241539093014
