line,wl,amp,amp_err,flux,flux_err,z,zerr,FWHM,FWHMerr
HI_6563,6564.61,0.03637142977459007,0.03637142977459007,0.4517769231201512,36.218448688026335,0.26850448914231245,2.6766776161080927e-05,2.104340489058973,0.41180847412113714
HI_4861,4862.683,0.0,0.0,0.0,10000000000.0,0.26850448914231245,2.6766776161080927e-05,2.104340489058973,0.41180847412113714
HI_4341,4341.684,1.1239164475998678,1.1239164475998678,13.960394674820607,36.354890944518324,0.26850448914231245,2.6766776161080927e-05,2.104340489058973,0.41180847412113714
HI_4102,4102.892,0.23940841025364534,0.23940841025364534,2.973740532714534,36.4114581829236,0.26850448914231245,2.6766776161080927e-05,2.104340489058973,0.41180847412113714
OIII_4363,4364.436,0.0,0.0,0.0,10000000000.0,0.26850448914231245,2.6766776161080927e-05,2.104340489058973,0.41180847412113714
OIII_5007,5008.24,0.9301473441823873,0.9301473441823873,11.553549250259996,36.759423073463815,0.26850448914231245,2.6766776161080927e-05,2.104340489058973,0.41180847412113714
OIII_4959,4960.295,1.066748371459994,1.066748371459994,13.250298379480185,36.388991065154,0.26850448914231245,2.6766776161080927e-05,2.104340489058973,0.41180847412113714
OII_3726,3727.092,3.80358540754105,3.80358540754105,47.24510757188041,38.31979307727762,0.26850448914231245,2.6766776161080927e-05,2.104340489058973,0.41180847412113714
OII_3729,3729.875,6.78080474414935,6.78080474414935,84.22575418606414,40.91687660335253,0.26850448914231245,2.6766776161080927e-05,2.104340489058973,0.41180847412113714
OI_6300,6302.046,16.13795212640821,16.13795212640821,200.45278402067365,58.1101218850347,0.26850448914231245,2.6766776161080927e-05,2.104340489058973,0.41180847412113714
SII_6717,6718.29,1.3138873452459165,1.3138873452459165,16.320061813363072,36.425244279700316,0.26850448914231245,2.6766776161080927e-05,2.104340489058973,0.41180847412113714
SII_6731,6732.67,0.585994117211385,0.585994117211385,7.278752055692386,36.70179627886897,0.26850448914231245,2.6766776161080927e-05,2.104340489058973,0.41180847412113714
NII_6548,6549.85,0.0,0.0,0.0,10000000000.0,0.26850448914231245,2.6766776161080927e-05,2.104340489058973,0.41180847412113714
NII_6584,6585.28,11.678336072439947,11.678336072439947,145.0589864260967,47.75763705069122,0.26850448914231245,2.6766776161080927e-05,2.104340489058973,0.41180847412113714
NII_5755,5756.24,0.0,0.0,0.0,10000000000.0,0.26850448914231245,2.6766776161080927e-05,2.104340489058973,0.41180847412113714
HeI_5876,5877.594,0.7626850335578865,0.7626850335578865,9.473465846846949,36.50370370163495,0.26850448914231245,2.6766776161080927e-05,2.104340489058973,0.41180847412113714
HeII_4686,4687.02,0.0,0.0,0.0,10000000000.0,0.26850448914231245,2.6766776161080927e-05,2.104340489058973,0.41180847412113714
NeIII_3869,3870.16,4.204571894692776,2.984556219226227,52.22584224469564,38.45480317189961,0.26850448914231245,2.6766776161080927e-05,2.104340489058973,0.41180847412113714
