line,wl,amp,amp_err,flux,flux_err,z,zerr,FWHM,FWHMerr
HI_6563,6564.61,0.27267972677930175,0.27267972677930175,11.051265890670829,59.222192450056305,0.27064183364847905,0.000123759005146473,6.866122060202806,1.504498391507016
HI_4861,4862.683,0.0,0.0,0.0,10000000000.0,0.27064183364847905,0.000123759005146473,6.866122060202806,1.504498391507016
HI_4341,4341.684,0.0,0.0,0.0,10000000000.0,0.27064183364847905,0.000123759005146473,6.866122060202806,1.504498391507016
HI_4102,4102.892,0.8609071526460639,0.8609071526460639,34.89116687714891,59.77478919984351,0.27064183364847905,0.000123759005146473,6.866122060202806,1.504498391507016
OIII_4363,4364.436,2.0979346418619116,2.0979346418619116,85.02587934316924,62.71795187734115,0.27064183364847905,0.000123759005146473,6.866122060202806,1.504498391507016
OIII_5007,5008.24,4.450473312940176,4.450473312940176,180.37044594974236,73.8304327038018,0.27064183364847905,0.000123759005146473,6.866122060202806,1.504498391507016
OIII_4959,4960.295,0.0,0.0,0.0,10000000000.0,0.27064183364847905,0.000123759005146473,6.866122060202806,1.504498391507016
OII_3726,3727.092,1.8400640252549465,1.8400640252549465,74.57480260499521,84.98930769990538,0.27064183364847905,0.000123759005146473,6.866122060202806,1.504498391507016
OII_3729,3729.875,0.0,0.0,0.0,10000000000.0,0.27064183364847905,0.000123759005146473,6.866122060202806,1.504498391507016
OI_6300,6302.046,0.29872546410763334,0.29872546410763334,12.106857268635387,59.23477166285724,0.27064183364847905,0.000123759005146473,6.866122060202806,1.504498391507016
SII_6717,6718.29,1.6338814235150494,1.6338814235150494,66.21855705359013,61.343002606927904,0.27064183364847905,0.000123759005146473,6.866122060202806,1.504498391507016
SII_6731,6732.67,0.4335785689235081,0.4335785689235081,17.572234306763836,59.31714739392215,0.27064183364847905,0.000123759005146473,6.866122060202806,1.504498391507016
NII_6548,6549.85,0.8405824235377395,0.8405824235377395,34.067438658755385,59.745520170750936,0.27064183364847905,0.000123759005146473,6.866122060202806,1.504498391507016
NII_6584,6585.28,0.0,0.0,0.0,10000000000.0,0.27064183364847905,0.000123759005146473,6.866122060202806,1.504498391507016
NII_5755,5756.24,1.561085397688771,1.561085397688771,63.26825250879546,61.154242422527105,0.27064183364847905,0.000123759005146473,6.866122060202806,1.504498391507016
HeI_5876,5877.594,4.354088993286723,4.354088993286723,176.46414621575508,73.26054552213425,0.27064183364847905,0.000123759005146473,6.866122060202806,1.504498391507016
HeII_4686,4687.02,0.0,0.0,0.0,10000000000.0,0.27064183364847905,0.000123759005146473,6.866122060202806,1.504498391507016
NeIII_3869,3870.16,0.8572422462813165,1.4627423914917552,34.74263418210916,59.769369115057756,0.27064183364847905,0.000123759005146473,6.866122060202806,1.504498391507016
