line,wl,amp,amp_err,flux,flux_err,z,zerr,FWHM,FWHMerr
HI_6563,6564.61,2.595323997820742,2.595323997820742,18.20542118208861,36.606085841921136,0.26840523557525403,2.6373174997103776e-05,1.1883968448510234,0.6063426260400332
HI_4861,4862.683,0.0,0.0,0.0,10000000000.0,0.26840523557525403,2.6373174997103776e-05,1.1883968448510234,0.6063426260400332
HI_4341,4341.684,0.0,0.0,0.0,10000000000.0,0.26840523557525403,2.6373174997103776e-05,1.1883968448510234,0.6063426260400332
HI_4102,4102.892,0.0,0.0,0.0,10000000000.0,0.26840523557525403,2.6373174997103776e-05,1.1883968448510234,0.6063426260400332
OIII_4363,4364.436,0.0,0.0,0.0,10000000000.0,0.26840523557525403,2.6373174997103776e-05,1.1883968448510234,0.6063426260400332
OIII_5007,5008.24,0.0,0.0,0.0,10000000000.0,0.26840523557525403,2.6373174997103776e-05,1.1883968448510234,0.6063426260400332
OIII_4959,4960.295,0.0,0.0,0.0,10000000000.0,0.26840523557525403,2.6373174997103776e-05,1.1883968448510234,0.6063426260400332
OII_3726,3727.092,0.0,0.0,0.0,10000000000.0,0.26840523557525403,2.6373174997103776e-05,1.1883968448510234,0.6063426260400332
OII_3729,3729.875,4.155977673620441,4.155977673620441,29.152939685044604,27.147748608616602,0.26840523557525403,2.6373174997103776e-05,1.1883968448510234,0.6063426260400332
OI_6300,6302.046,0.0,0.0,0.0,10000000000.0,0.26840523557525403,2.6373174997103776e-05,1.1883968448510234,0.6063426260400332
SII_6717,6718.29,6.786929106910861,6.786929106910861,47.60827666527934,50.45180277972207,0.26840523557525403,2.6373174997103776e-05,1.1883968448510234,0.6063426260400332
SII_6731,6732.67,0.21830450172524252,0.21830450172524252,1.5313407509779962,22.644754646900164,0.26840523557525403,2.6373174997103776e-05,1.1883968448510234,0.6063426260400332
NII_6548,6549.85,0.0,0.0,0.0,10000000000.0,0.26840523557525403,2.6373174997103776e-05,1.1883968448510234,0.6063426260400332
NII_6584,6585.28,0.0,0.0,0.0,10000000000.0,0.26840523557525403,2.6373174997103776e-05,1.1883968448510234,0.6063426260400332
NII_5755,5756.24,0.0,0.0,0.0,10000000000.0,0.26840523557525403,2.6373174997103776e-05,1.1883968448510234,0.6063426260400332
HeI_5876,5877.594,2.843573717745471,2.843573717745471,19.946818677491954,30.656192574615098,0.26840523557525403,2.6373174997103776e-05,1.1883968448510234,0.6063426260400332
HeII_4686,4687.02,0.0,0.0,0.0,10000000000.0,0.26840523557525403,2.6373174997103776e-05,1.1883968448510234,0.6063426260400332
NeIII_3869,3870.16,7.317960319078907,5.069234297584933,51.33330170510949,44.16372077376102,0.26840523557525403,2.6373174997103776e-05,1.1883968448510234,0.6063426260400332
