line,wl,amp,amp_err,flux,flux_err,z,zerr,FWHM,FWHMerr
HI_6563,6564.61,7.012103772767205,7.012103772767205,153.62298308751372,57.26140500603541,0.26993805944824806,4.294064383925408e-05,3.711591754635167,0.5235296726273958
HI_4861,4862.683,3.54239069134735,3.54239069134735,77.60761148169144,53.308686646515554,0.26993805944824806,4.294064383925408e-05,3.711591754635167,0.5235296726273958
HI_4341,4341.684,1.6075800861688094,1.6075800861688094,35.219280317620836,52.18122015358569,0.26993805944824806,4.294064383925408e-05,3.711591754635167,0.5235296726273958
HI_4102,4102.892,0.0,0.0,0.0,10000000000.0,0.26993805944824806,4.294064383925408e-05,3.711591754635167,0.5235296726273958
OIII_4363,4364.436,1.4661523980147422,1.4661523980147422,32.12084594621614,52.13149738019293,0.26993805944824806,4.294064383925408e-05,3.711591754635167,0.5235296726273958
OIII_5007,5008.24,6.460291048751401,6.460291048751401,141.53372720710604,56.48134414328543,0.26993805944824806,4.294064383925408e-05,3.711591754635167,0.5235296726273958
OIII_4959,4960.295,15.303867663735332,15.303867663735332,335.2810910201018,74.07240240618135,0.26993805944824806,4.294064383925408e-05,3.711591754635167,0.5235296726273958
OII_3726,3727.092,10.736222979186437,10.736222979186437,235.21194988026457,65.44604355956062,0.26993805944824806,4.294064383925408e-05,3.711591754635167,0.5235296726273958
OII_3729,3729.875,2.173867861293388,2.173867861293388,47.62565936159467,57.46598195643874,0.26993805944824806,4.294064383925408e-05,3.711591754635167,0.5235296726273958
OI_6300,6302.046,1.9830188445985186,1.9830188445985186,43.444489742022085,52.33515181611266,0.26993805944824806,4.294064383925408e-05,3.711591754635167,0.5235296726273958
SII_6717,6718.29,4.714987520621207,4.714987520621207,103.2971661017483,54.38151424905337,0.26993805944824806,4.294064383925408e-05,3.711591754635167,0.5235296726273958
SII_6731,6732.67,3.8580034445795945,3.8580034445795945,84.52213731063061,53.5691208410388,0.26993805944824806,4.294064383925408e-05,3.711591754635167,0.5235296726273958
NII_6548,6549.85,2.193943548194966,2.193943548194966,48.06548270267655,52.435493761427445,0.26993805944824806,4.294064383925408e-05,3.711591754635167,0.5235296726273958
NII_6584,6585.28,5.756421665841913,5.756421665841913,126.11317471521797,55.5647418021454,0.26993805944824806,4.294064383925408e-05,3.711591754635167,0.5235296726273958
NII_5755,5756.24,0.0,0.0,0.0,10000000000.0,0.26993805944824806,4.294064383925408e-05,3.711591754635167,0.5235296726273958
HeI_5876,5877.594,0.0,0.0,0.0,10000000000.0,0.26993805944824806,4.294064383925408e-05,3.711591754635167,0.5235296726273958
HeII_4686,4687.02,0.0,0.0,0.0,10000000000.0,0.26993805944824806,4.294064383925408e-05,3.711591754635167,0.5235296726273958
NeIII_3869,3870.16,6.308230134342466,2.4096448559845545,138.20233736469686,56.275312956823925,0.26993805944824806,4.294064383925408e-05,3.711591754635167,0.5235296726273958
