line,wl,amp,amp_err,flux,flux_err,z,zerr,FWHM,FWHMerr
HI_6563,6564.61,1327.2591668994646,1327.2591668994646,3378.084243053765,336993.1547595866,0.27013546028172064,2.6581691940309458e-05,0.43118841523507423,3.684258898456293
HI_4861,4862.683,0.0,0.0,0.0,10000000000.0,0.27013546028172064,2.6581691940309458e-05,0.43118841523507423,3.684258898456293
HI_4341,4341.684,0.0,0.0,0.0,10000000000.0,0.27013546028172064,2.6581691940309458e-05,0.43118841523507423,3.684258898456293
HI_4102,4102.892,0.0,0.0,0.0,10000000000.0,0.27013546028172064,2.6581691940309458e-05,0.43118841523507423,3.684258898456293
OIII_4363,4364.436,0.9415408807502672,0.9415408807502672,2.396370274001175,27.278324309214547,0.27013546028172064,2.6581691940309458e-05,0.43118841523507423,3.684258898456293
OIII_5007,5008.24,0.0,0.0,0.0,10000000000.0,0.27013546028172064,2.6581691940309458e-05,0.43118841523507423,3.684258898456293
OIII_4959,4960.295,79.74775663846526,79.74775663846526,202.9706381675279,9462.269809735579,0.27013546028172064,2.6581691940309458e-05,0.43118841523507423,3.684258898456293
OII_3726,3727.092,0.0,0.0,0.0,10000000000.0,0.27013546028172064,2.6581691940309458e-05,0.43118841523507423,3.684258898456293
OII_3729,3729.875,3.7691897519501936,3.7691897519501936,9.593183326724864,90.27575427042837,0.27013546028172064,2.6581691940309458e-05,0.43118841523507423,3.684258898456293
OI_6300,6302.046,20.047691626897517,20.047691626897517,51.0245420663598,1817.0261549914053,0.27013546028172064,2.6581691940309458e-05,0.43118841523507423,3.684258898456293
SII_6717,6718.29,19.120740942898124,19.120740942898124,48.66530614786082,2348.8484039053537,0.27013546028172064,2.6581691940309458e-05,0.43118841523507423,3.684258898456293
SII_6731,6732.67,25.587514721552907,25.587514721552907,65.12426695210115,1923.3385875478752,0.27013546028172064,2.6581691940309458e-05,0.43118841523507423,3.684258898456293
NII_6548,6549.85,0.0,0.0,0.0,10000000000.0,0.27013546028172064,2.6581691940309458e-05,0.43118841523507423,3.684258898456293
NII_6584,6585.28,118.7113251115477,118.7113251115477,302.13907489382416,30314.232537014057,0.27013546028172064,2.6581691940309458e-05,0.43118841523507423,3.684258898456293
NII_5755,5756.24,3.457561024710685,3.457561024710685,8.800038988810925,85.67835902926258,0.27013546028172064,2.6581691940309458e-05,0.43118841523507423,3.684258898456293
HeI_5876,5877.594,75.92623130132188,75.92623130132188,193.24425250918526,13398.682528492354,0.27013546028172064,2.6581691940309458e-05,0.43118841523507423,3.684258898456293
HeII_4686,4687.02,0.0,0.0,0.0,10000000000.0,0.27013546028172064,2.6581691940309458e-05,0.43118841523507423,3.684258898456293
NeIII_3869,3870.16,0.0,10000000000.0,0.0,10000000000.0,0.27013546028172064,2.6581691940309458e-05,0.43118841523507423,3.684258898456293
