line,wl,amp,amp_err,flux,flux_err,z,zerr,FWHM,FWHMerr
HI_6563,6564.61,31.363277970335048,31.363277970335048,607.1218600054317,53.581014890301695,0.2693913014334575,1.3683458725287188e-05,3.2794934282307797,0.16239513772663536
HI_4861,4862.683,11.774246357863149,11.774246357863149,227.92267937392802,43.59169873371259,0.2693913014334575,1.3683458725287188e-05,3.2794934282307797,0.16239513772663536
HI_4341,4341.684,8.513979049799445,8.513979049799445,164.81130580963625,42.71124712698804,0.2693913014334575,1.3683458725287188e-05,3.2794934282307797,0.16239513772663536
HI_4102,4102.892,1.951743062683704,1.951743062683704,37.781314809950956,41.777845943354826,0.2693913014334575,1.3683458725287188e-05,3.2794934282307797,0.16239513772663536
OIII_4363,4364.436,1.1135342091274651,1.1135342091274651,21.55549432251905,41.74246891464455,0.2693913014334575,1.3683458725287188e-05,3.2794934282307797,0.16239513772663536
OIII_5007,5008.24,37.11587725863683,37.11587725863683,718.4791225684555,57.64631030470231,0.2693913014334575,1.3683458725287188e-05,3.2794934282307797,0.16239513772663536
OIII_4959,4960.295,11.749216649476352,11.749216649476352,227.43816104247176,43.58406388800725,0.2693913014334575,1.3683458725287188e-05,3.2794934282307797,0.16239513772663536
OII_3726,3727.092,21.62177688394968,21.62177688394968,418.54851431097853,50.73988834075308,0.2693913014334575,1.3683458725287188e-05,3.2794934282307797,0.16239513772663536
OII_3729,3729.875,25.801109541015194,25.801109541015194,499.4509065526002,52.546252143653625,0.2693913014334575,1.3683458725287188e-05,3.2794934282307797,0.16239513772663536
OI_6300,6302.046,3.349736422434944,3.349736422434944,64.84329250406212,41.87930664862349,0.2693913014334575,1.3683458725287188e-05,3.2794934282307797,0.16239513772663536
SII_6717,6718.29,2.350073718265662,2.350073718265662,45.49209200431314,41.8014229240134,0.2693913014334575,1.3683458725287188e-05,3.2794934282307797,0.16239513772663536
SII_6731,6732.67,6.491323897427151,6.491323897427151,125.65729392926649,42.301330589112155,0.2693913014334575,1.3683458725287188e-05,3.2794934282307797,0.16239513772663536
NII_6548,6549.85,1.6480815185493611,1.6480815185493611,31.90311669362714,41.762903133054486,0.2693913014334575,1.3683458725287188e-05,3.2794934282307797,0.16239513772663536
NII_6584,6585.28,2.3817935250908704,2.3817935250908704,46.106115453550444,41.80354553859135,0.2693913014334575,1.3683458725287188e-05,3.2794934282307797,0.16239513772663536
NII_5755,5756.24,0.0,0.0,0.0,10000000000.0,0.2693913014334575,1.3683458725287188e-05,3.2794934282307797,0.16239513772663536
HeI_5876,5877.594,0.10081539259135752,0.10081539259135752,1.9515571275788088,41.72533232100944,0.2693913014334575,1.3683458725287188e-05,3.2794934282307797,0.16239513772663536
HeII_4686,4687.02,0.0,0.0,0.0,10000000000.0,0.2693913014334575,1.3683458725287188e-05,3.2794934282307797,0.16239513772663536
NeIII_3869,3870.16,11.214606967743407,2.1733068255332273,217.08933128502053,43.42199330858258,0.2693913014334575,1.3683458725287188e-05,3.2794934282307797,0.16239513772663536
