line,wl,amp,amp_err,flux,flux_err,z,zerr,FWHM,FWHMerr
HI_6563,6564.61,9.27106254491298,9.27106254491298,327.7880490548201,71.42488554802473,0.2692566042968236,6.190311131829167e-05,5.989849993269832,0.7636845818782895
HI_4861,4862.683,3.026602423284544,3.026602423284544,107.00867336262192,56.13234861521411,0.2692566042968236,6.190311131829167e-05,5.989849993269832,0.7636845818782895
HI_4341,4341.684,2.4719878451919612,2.4719878451919612,87.39969870091164,55.43758897741425,0.2692566042968236,6.190311131829167e-05,5.989849993269832,0.7636845818782895
HI_4102,4102.892,2.4406645558151467,2.4406645558151467,86.29223125960533,55.40282237071143,0.2692566042968236,6.190311131829167e-05,5.989849993269832,0.7636845818782895
OIII_4363,4364.436,1.3159233441888318,1.3159233441888318,46.525837098793986,54.42534392895157,0.2692566042968236,6.190311131829167e-05,5.989849993269832,0.7636845818782895
OIII_5007,5008.24,10.35036740050532,10.35036740050532,365.94799363896357,75.0973752020833,0.2692566042968236,6.190311131829167e-05,5.989849993269832,0.7636845818782895
OIII_4959,4960.295,2.0170063698444665,2.0170063698444665,71.31335590711066,54.96723503470828,0.2692566042968236,6.190311131829167e-05,5.989849993269832,0.7636845818782895
OII_3726,3727.092,5.483816524877852,5.483816524877852,193.88603100845182,78.66139148945435,0.2692566042968236,6.190311131829167e-05,5.989849993269832,0.7636845818782895
OII_3729,3729.875,6.514028810129162,6.514028810129162,230.31025676023745,79.58463847404296,0.2692566042968236,6.190311131829167e-05,5.989849993269832,0.7636845818782895
OI_6300,6302.046,1.980895526083259,1.980895526083259,70.03661950620004,54.93398447919523,0.2692566042968236,6.190311131829167e-05,5.989849993269832,0.7636845818782895
SII_6717,6718.29,0.03265421145442815,0.03265421145442815,1.1545235742092634,54.019849673146055,0.2692566042968236,6.190311131829167e-05,5.989849993269832,0.7636845818782895
SII_6731,6732.67,0.10328004310736105,0.10328004310736105,3.6515732336457187,54.02210103543756,0.2692566042968236,6.190311131829167e-05,5.989849993269832,0.7636845818782895
NII_6548,6549.85,0.0,0.0,0.0,10000000000.0,0.2692566042968236,6.190311131829167e-05,5.989849993269832,0.7636845818782895
NII_6584,6585.28,2.5517708302004394,2.5517708302004394,90.22050903165939,55.528850204359344,0.2692566042968236,6.190311131829167e-05,5.989849993269832,0.7636845818782895
NII_5755,5756.24,0.0,0.0,0.0,10000000000.0,0.2692566042968236,6.190311131829167e-05,5.989849993269832,0.7636845818782895
HeI_5876,5877.594,2.2004027040036362,2.2004027040036362,77.7975238529763,55.146483985019835,0.2692566042968236,6.190311131829167e-05,5.989849993269832,0.7636845818782895
HeII_4686,4687.02,0.0,0.0,0.0,10000000000.0,0.2692566042968236,6.190311131829167e-05,5.989849993269832,0.7636845818782895
NeIII_3869,3870.16,1.667496903251731,1.5315725402939715,58.95608556990587,54.66955100642741,0.2692566042968236,6.190311131829167e-05,5.989849993269832,0.7636845818782895
