line,wl,amp,amp_err,flux,flux_err,z,zerr,FWHM,FWHMerr
HI_6563,6564.61,0.0,0.0,0.0,10000000000.0,0.27018130546903135,1.0328165911791992e-05,1.7623788013344566,0.23661304214143122
HI_4861,4862.683,0.0,0.0,0.0,10000000000.0,0.27018130546903135,1.0328165911791992e-05,1.7623788013344566,0.23661304214143122
HI_4341,4341.684,0.0,0.0,0.0,10000000000.0,0.27018130546903135,1.0328165911791992e-05,1.7623788013344566,0.23661304214143122
HI_4102,4102.892,0.4986827291560303,0.4986827291560303,5.187656911675115,33.369298587535674,0.27018130546903135,1.0328165911791992e-05,1.7623788013344566,0.23661304214143122
OIII_4363,4364.436,7.012877716369076,7.012877716369076,72.95300484463249,33.92057859512377,0.27018130546903135,1.0328165911791992e-05,1.7623788013344566,0.23661304214143122
OIII_5007,5008.24,0.0,0.0,0.0,10000000000.0,0.27018130546903135,1.0328165911791992e-05,1.7623788013344566,0.23661304214143122
OIII_4959,4960.295,53.016291690773414,53.016291690773414,551.5136497437669,97.41238911563734,0.27018130546903135,1.0328165911791992e-05,1.7623788013344566,0.23661304214143122
OII_3726,3727.092,23.265883749498926,23.265883749498926,242.02847939727636,52.07211688746766,0.27018130546903135,1.0328165911791992e-05,1.7623788013344566,0.23661304214143122
OII_3729,3729.875,7.577057330271032,7.577057330271032,78.82200752382681,35.24243806041096,0.27018130546903135,1.0328165911791992e-05,1.7623788013344566,0.23661304214143122
OI_6300,6302.046,0.0,0.0,0.0,10000000000.0,0.27018130546903135,1.0328165911791992e-05,1.7623788013344566,0.23661304214143122
SII_6717,6718.29,0.0,0.0,0.0,10000000000.0,0.27018130546903135,1.0328165911791992e-05,1.7623788013344566,0.23661304214143122
SII_6731,6732.67,0.0,0.0,0.0,10000000000.0,0.27018130546903135,1.0328165911791992e-05,1.7623788013344566,0.23661304214143122
NII_6548,6549.85,0.0,0.0,0.0,10000000000.0,0.27018130546903135,1.0328165911791992e-05,1.7623788013344566,0.23661304214143122
NII_6584,6585.28,0.0,0.0,0.0,10000000000.0,0.27018130546903135,1.0328165911791992e-05,1.7623788013344566,0.23661304214143122
NII_5755,5756.24,3.380440210453912,3.380440210453912,35.1657737414419,34.05059124384963,0.27018130546903135,1.0328165911791992e-05,1.7623788013344566,0.23661304214143122
HeI_5876,5877.594,0.0,0.0,0.0,10000000000.0,0.27018130546903135,1.0328165911791992e-05,1.7623788013344566,0.23661304214143122
HeII_4686,4687.02,0.0,0.0,0.0,10000000000.0,0.27018130546903135,1.0328165911791992e-05,1.7623788013344566,0.23661304214143122
NeIII_3869,3870.16,1.8486647392318218,3.1802699151097253,19.231142069180006,33.184055922159565,0.27018130546903135,1.0328165911791992e-05,1.7623788013344566,0.23661304214143122
