line,wl,amp,amp_err,flux,flux_err,z,zerr,FWHM,FWHMerr
HI_6563,6564.61,67.8664307874983,67.8664307874983,1917.962063621109,76.53695622011392,0.26923448307447234,9.067933379528896e-06,4.78781482427372,0.11382125526201588
HI_4861,4862.683,30.576299367547563,30.576299367547563,864.1117788631549,61.53592030914235,0.26923448307447234,9.067933379528896e-06,4.78781482427372,0.11382125526201588
HI_4341,4341.684,9.952143072676222,9.952143072676222,281.2558822327045,57.57650410949017,0.26923448307447234,9.067933379528896e-06,4.78781482427372,0.11382125526201588
HI_4102,4102.892,8.254406988572555,8.254406988572555,233.27644135791914,57.42485204357582,0.26923448307447234,9.067933379528896e-06,4.78781482427372,0.11382125526201588
OIII_4363,4364.436,0.0,0.0,0.0,10000000000.0,0.26923448307447234,9.067933379528896e-06,4.78781482427372,0.11382125526201588
OIII_5007,5008.24,78.23278304994597,78.23278304994597,2210.9238437943195,81.92944002492317,0.26923448307447234,9.067933379528896e-06,4.78781482427372,0.11382125526201588
OIII_4959,4960.295,23.572254011253904,23.572254011253904,666.1716024110374,59.7719193574171,0.26923448307447234,9.067933379528896e-06,4.78781482427372,0.11382125526201588
OII_3726,3727.092,46.712823716533194,46.712823716533194,1320.1434454902135,76.9959756595797,0.26923448307447234,9.067933379528896e-06,4.78781482427372,0.11382125526201588
OII_3729,3729.875,43.6381732136947,43.6381732136947,1233.251252178876,76.41670671799237,0.26923448307447234,9.067933379528896e-06,4.78781482427372,0.11382125526201588
OI_6300,6302.046,2.7015340382604336,2.7015340382604336,76.34761013421564,57.125195685230885,0.26923448307447234,9.067933379528896e-06,4.78781482427372,0.11382125526201588
SII_6717,6718.29,8.859325247809466,8.859325247809466,250.37193701527784,57.475688792057944,0.26923448307447234,9.067933379528896e-06,4.78781482427372,0.11382125526201588
SII_6731,6732.67,7.242826075725816,7.242826075725816,204.68831918013313,57.34778636760393,0.26923448307447234,9.067933379528896e-06,4.78781482427372,0.11382125526201588
NII_6548,6549.85,4.647137130555393,4.647137130555393,131.3319798525809,57.19576185550217,0.26923448307447234,9.067933379528896e-06,4.78781482427372,0.11382125526201588
NII_6584,6585.28,8.19734897257024,8.19734897257024,231.6639341308839,57.420241671274795,0.26923448307447234,9.067933379528896e-06,4.78781482427372,0.11382125526201588
NII_5755,5756.24,0.0,0.0,0.0,10000000000.0,0.26923448307447234,9.067933379528896e-06,4.78781482427372,0.11382125526201588
HeI_5876,5877.594,1.7323959022818372,1.7323959022818372,48.95895630865114,57.10397054837635,0.26923448307447234,9.067933379528896e-06,4.78781482427372,0.11382125526201588
HeII_4686,4687.02,0.0,0.0,0.0,10000000000.0,0.26923448307447234,9.067933379528896e-06,4.78781482427372,0.11382125526201588
NeIII_3869,3870.16,11.086566515884442,2.024373608714975,313.3156370026077,57.69332867492976,0.26923448307447234,9.067933379528896e-06,4.78781482427372,0.11382125526201588
