line,wl,amp,amp_err,flux,flux_err,z,zerr,FWHM,FWHMerr
HI_6563,6564.61,116.57338276439509,116.57338276439509,423.3320445906394,1642.823587624708,0.27032119753716655,8.115399429495502e-06,0.61522515841968,0.4256955689531284
HI_4861,4862.683,0.0,0.0,0.0,10000000000.0,0.27032119753716655,8.115399429495502e-06,0.61522515841968,0.4256955689531284
HI_4341,4341.684,18.216701809109168,18.216701809109168,66.15329708784573,203.19247921525704,0.27032119753716655,8.115399429495502e-06,0.61522515841968,0.4256955689531284
HI_4102,4102.892,1.9245166253715524,1.9245166253715524,6.988812870891939,28.562372234926443,0.27032119753716655,8.115399429495502e-06,0.61522515841968,0.4256955689531284
OIII_4363,4364.436,0.0,0.0,0.0,10000000000.0,0.27032119753716655,8.115399429495502e-06,0.61522515841968,0.4256955689531284
OIII_5007,5008.24,0.0,0.0,0.0,10000000000.0,0.27032119753716655,8.115399429495502e-06,0.61522515841968,0.4256955689531284
OIII_4959,4960.295,19.109900403599454,19.109900403599454,69.39691564179358,50.3526895855644,0.27032119753716655,8.115399429495502e-06,0.61522515841968,0.4256955689531284
OII_3726,3727.092,0.0,0.0,0.0,10000000000.0,0.27032119753716655,8.115399429495502e-06,0.61522515841968,0.4256955689531284
OII_3729,3729.875,0.0,0.0,0.0,10000000000.0,0.27032119753716655,8.115399429495502e-06,0.61522515841968,0.4256955689531284
OI_6300,6302.046,0.0,0.0,0.0,10000000000.0,0.27032119753716655,8.115399429495502e-06,0.61522515841968,0.4256955689531284
SII_6717,6718.29,0.0,0.0,0.0,10000000000.0,0.27032119753716655,8.115399429495502e-06,0.61522515841968,0.4256955689531284
SII_6731,6732.67,0.0,0.0,0.0,10000000000.0,0.27032119753716655,8.115399429495502e-06,0.61522515841968,0.4256955689531284
NII_6548,6549.85,0.0,0.0,0.0,10000000000.0,0.27032119753716655,8.115399429495502e-06,0.61522515841968,0.4256955689531284
NII_6584,6585.28,142.73689651281666,142.73689651281666,518.3439032683606,2040.6343243116291,0.27032119753716655,8.115399429495502e-06,0.61522515841968,0.4256955689531284
NII_5755,5756.24,0.7574420450307571,0.7574420450307571,2.750623529814228,12.183901504734077,0.27032119753716655,8.115399429495502e-06,0.61522515841968,0.4256955689531284
HeI_5876,5877.594,3.211062383294802,3.211062383294802,11.6608574941643,34.583428564701705,0.27032119753716655,8.115399429495502e-06,0.61522515841968,0.4256955689531284
HeII_4686,4687.02,0.0,0.0,0.0,10000000000.0,0.27032119753716655,8.115399429495502e-06,0.61522515841968,0.4256955689531284
NeIII_3869,3870.16,3.1705265381104937,6.014615124341582,11.513653031068595,23.24940868103197,0.27032119753716655,8.115399429495502e-06,0.61522515841968,0.4256955689531284
