line,wl,amp,amp_err,flux,flux_err,z,zerr,FWHM,FWHMerr
HI_6563,6564.61,149.58254302001478,149.58254302001478,4239.312209468624,76.92483811310318,0.26923939881958514,4.109598253906271e-06,4.801388317359219,0.05201320480369952
HI_4861,4862.683,61.13560854189586,61.13560854189586,1732.6415669392316,61.00453973138909,0.26923939881958514,4.109598253906271e-06,4.801388317359219,0.05201320480369952
HI_4341,4341.684,31.721201624385458,31.721201624385458,899.009166646403,58.307343193833404,0.26923939881958514,4.109598253906271e-06,4.801388317359219,0.05201320480369952
HI_4102,4102.892,14.985409948886854,14.985409948886854,424.70083792938544,57.512162412373556,0.26923939881958514,4.109598253906271e-06,4.801388317359219,0.05201320480369952
OIII_4363,4364.436,0.7403626763991724,0.7403626763991724,20.9825857357828,57.28221677258806,0.26923939881958514,4.109598253906271e-06,4.801388317359219,0.05201320480369952
OIII_5007,5008.24,170.7945861532496,170.7945861532496,4840.481781979937,81.96407821313392,0.26923939881958514,4.109598253906271e-06,4.801388317359219,0.05201320480369952
OIII_4959,4960.295,56.455552525150324,56.455552525150324,1600.0043071880602,60.470757637483125,0.26923939881958514,4.109598253906271e-06,4.801388317359219,0.05201320480369952
OII_3726,3727.092,75.39635914212954,75.39635914212954,2136.804866447172,74.8865437597475,0.26923939881958514,4.109598253906271e-06,4.801388317359219,0.05201320480369952
OII_3729,3729.875,116.77475875057803,116.77475875057803,3309.508252328879,78.35220808169844,0.26923939881958514,4.109598253906271e-06,4.801388317359219,0.05201320480369952
OI_6300,6302.046,9.322059472267824,9.322059472267824,264.1960735544508,57.37095496744208,0.26923939881958514,4.109598253906271e-06,4.801388317359219,0.05201320480369952
SII_6717,6718.29,17.021756197563377,17.021756197563377,482.4128365385074,57.578862767497334,0.26923939881958514,4.109598253906271e-06,4.801388317359219,0.05201320480369952
SII_6731,6732.67,14.155158363568717,14.155158363568717,401.17071461747656,57.48735440335785,0.26923939881958514,4.109598253906271e-06,4.801388317359219,0.05201320480369952
NII_6548,6549.85,3.991715979224523,3.991715979224523,113.12904531375209,57.29805121458508,0.26923939881958514,4.109598253906271e-06,4.801388317359219,0.05201320480369952
NII_6584,6585.28,20.70974963086644,20.70974963086644,586.9340946651981,57.72106477707322,0.26923939881958514,4.109598253906271e-06,4.801388317359219,0.05201320480369952
NII_5755,5756.24,2.288480466192823,2.288480466192823,64.8577232716492,57.28702497588816,0.26923939881958514,4.109598253906271e-06,4.801388317359219,0.05201320480369952
HeI_5876,5877.594,5.781645184176114,5.781645184176114,163.85734942889493,57.316033507648704,0.26923939881958514,4.109598253906271e-06,4.801388317359219,0.05201320480369952
HeII_4686,4687.02,0.0,0.0,0.0,10000000000.0,0.26923939881958514,4.109598253906271e-06,4.801388317359219,0.05201320480369952
NeIII_3869,3870.16,21.096024662907553,2.0243889236053287,597.8814981956065,57.737541668290426,0.26923939881958514,4.109598253906271e-06,4.801388317359219,0.05201320480369952
