line,wl,amp,amp_err,flux,flux_err,z,zerr,FWHM,FWHMerr
HI_6563,6564.61,57.673300126039294,57.673300126039294,1241.2402206056215,61.05235608562818,0.2695252501197668,8.445983316443634e-06,3.646140323934045,0.10499293567277856
HI_4861,4862.683,21.436480924959028,21.436480924959028,461.3542532533352,48.4885008029757,0.2695252501197668,8.445983316443634e-06,3.646140323934045,0.10499293567277856
HI_4341,4341.684,11.329437409176762,11.329437409176762,243.83125915062644,46.82040690780133,0.2695252501197668,8.445983316443634e-06,3.646140323934045,0.10499293567277856
HI_4102,4102.892,2.105012799585438,2.105012799585438,45.30391959580971,46.18067094201686,0.2695252501197668,8.445983316443634e-06,3.646140323934045,0.10499293567277856
OIII_4363,4364.436,1.0365993434893426,1.0365993434893426,22.30960938563367,46.163237359444935,0.2695252501197668,8.445983316443634e-06,3.646140323934045,0.10499293567277856
OIII_5007,5008.24,68.94664836416337,68.94664836416337,1483.8643330367279,66.42802143879453,0.2695252501197668,8.445983316443634e-06,3.646140323934045,0.10499293567277856
OIII_4959,4960.295,17.02527614817359,17.02527614817359,366.41665165419204,47.641201843183055,0.2695252501197668,8.445983316443634e-06,3.646140323934045,0.10499293567277856
OII_3726,3727.092,23.98664391037437,23.98664391037437,516.2386600703481,53.856974188681384,0.2695252501197668,8.445983316443634e-06,3.646140323934045,0.10499293567277856
OII_3729,3729.875,48.840582864461794,48.840582864461794,1051.143175727873,59.614241475133724,0.2695252501197668,8.445983316443634e-06,3.646140323934045,0.10499293567277856
OI_6300,6302.046,3.5675867487227606,3.5675867487227606,76.78132087702399,46.22378593040235,0.2695252501197668,8.445983316443634e-06,3.646140323934045,0.10499293567277856
SII_6717,6718.29,8.683158327974638,8.683158327974638,186.87824929412355,46.54810255792476,0.2695252501197668,8.445983316443634e-06,3.646140323934045,0.10499293567277856
SII_6731,6732.67,8.30142061492893,8.30142061492893,178.6625203152228,46.514633550975255,0.2695252501197668,8.445983316443634e-06,3.646140323934045,0.10499293567277856
NII_6548,6549.85,1.895585588335166,1.895585588335166,40.796643658330595,46.17632894229103,0.2695252501197668,8.445983316443634e-06,3.646140323934045,0.10499293567277856
NII_6584,6585.28,1.840839396989395,1.840839396989395,39.61840044223515,46.175275614316774,0.2695252501197668,8.445983316443634e-06,3.646140323934045,0.10499293567277856
NII_5755,5756.24,0.0,0.0,0.0,10000000000.0,0.2695252501197668,8.445983316443634e-06,3.646140323934045,0.10499293567277856
HeI_5876,5877.594,1.5329869544657413,1.5329869544657413,32.99282443328549,46.16986985363784,0.2695252501197668,8.445983316443634e-06,3.646140323934045,0.10499293567277856
HeII_4686,4687.02,2.1600499167107046e-12,2.1600499167107046e-12,4.648842409360624e-11,46.15764871967735,0.2695252501197668,8.445983316443634e-06,3.646140323934045,0.10499293567277856
NeIII_3869,3870.16,12.861887661883884,2.1526593885401266,276.81253273095547,47.01007194783197,0.2695252501197668,8.445983316443634e-06,3.646140323934045,0.10499293567277856
