line,wl,amp,amp_err,flux,flux_err,z,zerr,FWHM,FWHMerr
HI_6563,6564.61,0.8267493453976158,0.8267493453976158,34.20332455277764,61.971207797717746,0.27016448903742224,7.896347262533441e-05,7.008850612579835,0.7289949457587864
HI_4861,4862.683,3.440321746226118,3.440321746226118,142.32904072703963,64.02082151682924,0.27016448903742224,7.896347262533441e-05,7.008850612579835,0.7289949457587864
HI_4341,4341.684,1.7511687477848454,1.7511687477848454,72.4473425477707,62.414881209917304,0.27016448903742224,7.896347262533441e-05,7.008850612579835,0.7289949457587864
HI_4102,4102.892,3.4114026660839727,3.4114026660839727,141.1326337514842,63.98550109219045,0.27016448903742224,7.896347262533441e-05,7.008850612579835,0.7289949457587864
OIII_4363,4364.436,0.0,0.0,0.0,10000000000.0,0.27016448903742224,7.896347262533441e-05,7.008850612579835,0.7289949457587864
OIII_5007,5008.24,3.3649150574640316,3.3649150574640316,139.2094017898724,63.927731331696414,0.27016448903742224,7.896347262533441e-05,7.008850612579835,0.7289949457587864
OIII_4959,4960.295,7.525977712772487,7.525977712772487,311.356107773062,71.66700855197304,0.27016448903742224,7.896347262533441e-05,7.008850612579835,0.7289949457587864
OII_3726,3727.092,17.377630290019965,17.377630290019965,718.9273654421527,115.40014457532381,0.27016448903742224,7.896347262533441e-05,7.008850612579835,0.7289949457587864
OII_3729,3729.875,0.0,0.0,0.0,10000000000.0,0.27016448903742224,7.896347262533441e-05,7.008850612579835,0.7289949457587864
OI_6300,6302.046,2.415077744379232,2.415077744379232,99.913823181155,62.92572615158277,0.27016448903742224,7.896347262533441e-05,7.008850612579835,0.7289949457587864
SII_6717,6718.29,0.0,0.0,0.0,10000000000.0,0.27016448903742224,7.896347262533441e-05,7.008850612579835,0.7289949457587864
SII_6731,6732.67,0.0,0.0,0.0,10000000000.0,0.27016448903742224,7.896347262533441e-05,7.008850612579835,0.7289949457587864
NII_6548,6549.85,0.0,0.0,0.0,10000000000.0,0.27016448903742224,7.896347262533441e-05,7.008850612579835,0.7289949457587864
NII_6584,6585.28,2.5592634805411762,2.5592634805411762,105.87890988764198,63.05759648836541,0.27016448903742224,7.896347262533441e-05,7.008850612579835,0.7289949457587864
NII_5755,5756.24,0.0,0.0,0.0,10000000000.0,0.27016448903742224,7.896347262533441e-05,7.008850612579835,0.7289949457587864
HeI_5876,5877.594,0.0,0.0,0.0,10000000000.0,0.27016448903742224,7.896347262533441e-05,7.008850612579835,0.7289949457587864
HeII_4686,4687.02,0.0,0.0,0.0,10000000000.0,0.27016448903742224,7.896347262533441e-05,7.008850612579835,0.7289949457587864
NeIII_3869,3870.16,1.1808419066347824,1.4961172725712468,48.85243538805067,62.10385882893381,0.27016448903742224,7.896347262533441e-05,7.008850612579835,0.7289949457587864
