line,wl,amp,amp_err,flux,flux_err,z,zerr,FWHM,FWHMerr
HI_6563,6564.61,1781.462851251083,1781.462851251083,50774.847156317,212.63825973743351,0.2692150311284018,9.81055075324224e-07,4.828632977431788,0.013266410076773007
HI_4861,4862.683,538.9752424330425,538.9752424330425,15361.749214336862,152.03901598421882,0.2692150311284018,9.81055075324224e-07,4.828632977431788,0.013266410076773007
HI_4341,4341.684,204.62705031870541,204.62705031870541,5832.233434833427,145.63712807887296,0.2692150311284018,9.81055075324224e-07,4.828632977431788,0.013266410076773007
HI_4102,4102.892,91.20736884727194,91.20736884727194,2599.5715877531666,144.7514696233076,0.2692150311284018,9.81055075324224e-07,4.828632977431788,0.013266410076773007
OIII_4363,4364.436,7.903900567989467,7.903900567989467,225.27516809938214,144.5328254394742,0.2692150311284018,9.81055075324224e-07,4.828632977431788,0.013266410076773007
OIII_5007,5008.24,1599.9256813966754,1599.9256813966754,45600.71621888284,201.27057019679452,0.2692150311284018,9.81055075324224e-07,4.828632977431788,0.013266410076773007
OIII_4959,4960.295,542.7889149450893,542.7889149450893,15470.44563692431,152.14301123534017,0.2692150311284018,9.81055075324224e-07,4.828632977431788,0.013266410076773007
OII_3726,3727.092,492.9205305566825,492.9205305566825,14049.10833905385,173.56470324204005,0.2692150311284018,9.81055075324224e-07,4.828632977431788,0.013266410076773007
OII_3729,3729.875,615.7989474256628,615.7989474256628,17551.360901295648,175.3906340991825,0.2692150311284018,9.81055075324224e-07,4.828632977431788,0.013266410076773007
OI_6300,6302.046,36.064332913420685,36.064332913420685,1027.8973766910058,144.56565506905204,0.2692150311284018,9.81055075324224e-07,4.828632977431788,0.013266410076773007
SII_6717,6718.29,195.2094610990921,195.2094610990921,5563.8154586342425,145.5381244818922,0.2692150311284018,9.81055075324224e-07,4.828632977431788,0.013266410076773007
SII_6731,6732.67,154.65834564960574,154.65834564960574,4408.036831243916,145.16403358718964,0.2692150311284018,9.81055075324224e-07,4.828632977431788,0.013266410076773007
NII_6548,6549.85,97.5114862721316,97.5114862721316,2779.250102226781,144.78306535766416,0.2692150311284018,9.81055075324224e-07,4.828632977431788,0.013266410076773007
NII_6584,6585.28,301.5078602709277,301.5078602709277,8593.50814468758,146.92195526317252,0.2692150311284018,9.81055075324224e-07,4.828632977431788,0.013266410076773007
NII_5755,5756.24,2.3705950127185815,2.3705950127185815,67.56615741708139,144.53130192591016,0.2692150311284018,9.81055075324224e-07,4.828632977431788,0.013266410076773007
HeI_5876,5877.594,70.53435773172191,70.53435773172191,2010.3541483236916,144.66300991646992,0.2692150311284018,9.81055075324224e-07,4.828632977431788,0.013266410076773007
HeII_4686,4687.02,0.0,0.0,0.0,10000000000.0,0.2692150311284018,9.81055075324224e-07,4.828632977431788,0.013266410076773007
NeIII_3869,3870.16,108.23600677819104,5.0731309186874425,3084.917935343559,144.84141455987393,0.2692150311284018,9.81055075324224e-07,4.828632977431788,0.013266410076773007
