line,wl,amp,amp_err,flux,flux_err,z,zerr,FWHM,FWHMerr
HI_6563,6564.61,441.1039972331064,441.1039972331064,13250.405537213366,101.95625392897907,0.2692065497539761,1.895344046610205e-06,5.089094539903224,0.024723462304409523
HI_4861,4862.683,170.1277747879583,170.1277747879583,5110.500070786846,77.36851254371837,0.2692065497539761,1.895344046610205e-06,5.089094539903224,0.024723462304409523
HI_4341,4341.684,69.98479534676221,69.98479534676221,2102.286366934521,73.11478995866361,0.2692065497539761,1.895344046610205e-06,5.089094539903224,0.024723462304409523
HI_4102,4102.892,33.65858895812971,33.65858895812971,1011.076653812099,72.426131016297,0.2692065497539761,1.895344046610205e-06,5.089094539903224,0.024723462304409523
OIII_4363,4364.436,3.7489852225736513,3.7489852225736513,112.61646882304123,72.22019041115422,0.2692065497539761,1.895344046610205e-06,5.089094539903224,0.024723462304409523
OIII_5007,5008.24,429.11727897059154,429.11727897059154,12890.334263693014,100.58524486402015,0.2692065497539761,1.895344046610205e-06,5.089094539903224,0.024723462304409523
OIII_4959,4960.295,149.40942264165142,149.40942264165142,4488.137612674084,76.22103903946243,0.2692065497539761,1.895344046610205e-06,5.089094539903224,0.024723462304409523
OII_3726,3727.092,191.00470116642555,191.00470116642555,5737.625969940853,93.45135627547032,0.2692065497539761,1.895344046610205e-06,5.089094539903224,0.024723462304409523
OII_3729,3729.875,232.35225518285324,232.35225518285324,6979.672884333183,94.84543469390073,0.2692065497539761,1.895344046610205e-06,5.089094539903224,0.024723462304409523
OI_6300,6302.046,13.56336544176429,13.56336544176429,407.4324732492208,72.25151209095857,0.2692065497539761,1.895344046610205e-06,5.089094539903224,0.024723462304409523
SII_6717,6718.29,58.25044058913045,58.25044058913045,1749.7958879738821,72.84030883089773,0.2692065497539761,1.895344046610205e-06,5.089094539903224,0.024723462304409523
SII_6731,6732.67,41.89466075741461,41.89466075741461,1258.481556190392,72.54037644348783,0.2692065497539761,1.895344046610205e-06,5.089094539903224,0.024723462304409523
NII_6548,6549.85,22.942772224365626,22.942772224365626,689.1822291968634,72.31455777228142,0.2692065497539761,1.895344046610205e-06,5.089094539903224,0.024723462304409523
NII_6584,6585.28,76.38203845061753,76.38203845061753,2294.454349945178,73.28501881265684,0.2692065497539761,1.895344046610205e-06,5.089094539903224,0.024723462304409523
NII_5755,5756.24,3.593705822957986,3.593705822957986,107.95200187332267,72.21999939037663,0.2692065497539761,1.895344046610205e-06,5.089094539903224,0.024723462304409523
HeI_5876,5877.594,19.2958232515482,19.2958232515482,579.6308463790434,72.28619942300372,0.2692065497539761,1.895344046610205e-06,5.089094539903224,0.024723462304409523
HeII_4686,4687.02,0.0,0.0,0.0,10000000000.0,0.2692065497539761,1.895344046610205e-06,5.089094539903224,0.024723462304409523
NeIII_3869,3870.16,32.323550202948354,2.405395508166104,970.9731747572466,72.40993617740548,0.2692065497539761,1.895344046610205e-06,5.089094539903224,0.024723462304409523
