line,wl,amp,amp_err,flux,flux_err,z,zerr,FWHM,FWHMerr
HI_6563,6564.61,0.0830543079588324,0.0830543079588324,0.8557238434615758,31.158153763504156,0.2699707509133626,2.0016141063131726e-05,1.7455159075321658,0.2691187291326201
HI_4861,4862.683,3.345404663870795,3.345404663870795,34.468320876513424,32.14387276474519,0.2699707509133626,2.0016141063131726e-05,1.7455159075321658,0.2691187291326201
HI_4341,4341.684,7.708953462789054,7.708953462789054,79.42676844064589,32.857888871804775,0.2699707509133626,2.0016141063131726e-05,1.7455159075321658,0.2691187291326201
HI_4102,4102.892,4.15384261342308,4.15384261342308,42.79780608195253,32.3763869633718,0.2699707509133626,2.0016141063131726e-05,1.7455159075321658,0.2691187291326201
OIII_4363,4364.436,0.0,0.0,0.0,10000000000.0,0.2699707509133626,2.0016141063131726e-05,1.7455159075321658,0.2691187291326201
OIII_5007,5008.24,5.679795695432972,5.679795695432972,58.5199819494197,33.03547187022029,0.2699707509133626,2.0016141063131726e-05,1.7455159075321658,0.2691187291326201
OIII_4959,4960.295,24.634593612318213,24.634593612318213,253.81475863354217,55.72026672214905,0.2699707509133626,2.0016141063131726e-05,1.7455159075321658,0.2691187291326201
OII_3726,3727.092,10.090846163521519,10.090846163521519,103.96784796651654,35.32098265885571,0.2699707509133626,2.0016141063131726e-05,1.7455159075321658,0.2691187291326201
OII_3729,3729.875,13.933424575803201,13.933424575803201,143.55864161192287,41.45637218486426,0.2699707509133626,2.0016141063131726e-05,1.7455159075321658,0.2691187291326201
OI_6300,6302.046,1.0773796249129646,1.0773796249129646,11.100440857982846,29.914450275546262,0.2699707509133626,2.0016141063131726e-05,1.7455159075321658,0.2691187291326201
SII_6717,6718.29,4.33137028050362,4.33137028050362,44.626906357765144,31.40267127756984,0.2699707509133626,2.0016141063131726e-05,1.7455159075321658,0.2691187291326201
SII_6731,6732.67,3.45889014512818,3.45889014512818,35.63758270754081,31.81328779066582,0.2699707509133626,2.0016141063131726e-05,1.7455159075321658,0.2691187291326201
NII_6548,6549.85,3.367078331690095,3.367078331690095,34.691628670943956,31.81481952437181,0.2699707509133626,2.0016141063131726e-05,1.7455159075321658,0.2691187291326201
NII_6584,6585.28,0.0,0.0,0.0,10000000000.0,0.2699707509133626,2.0016141063131726e-05,1.7455159075321658,0.2691187291326201
NII_5755,5756.24,0.0,0.0,0.0,10000000000.0,0.2699707509133626,2.0016141063131726e-05,1.7455159075321658,0.2691187291326201
HeI_5876,5877.594,0.0,0.0,0.0,10000000000.0,0.2699707509133626,2.0016141063131726e-05,1.7455159075321658,0.2691187291326201
HeII_4686,4687.02,0.0,0.0,0.0,10000000000.0,0.2699707509133626,2.0016141063131726e-05,1.7455159075321658,0.2691187291326201
NeIII_3869,3870.16,7.1272791626820435,2.920062738462074,73.43367091249462,32.145717343771395,0.2699707509133626,2.0016141063131726e-05,1.7455159075321658,0.2691187291326201
