line,wl,amp,amp_err,flux,flux_err,z,zerr,FWHM,FWHMerr
HI_6563,6564.61,124.12312199187932,124.12312199187932,268.04584524848553,32704.339690782443,0.27017572939964074,7.904022868018165e-05,0.36585477798218413,8.185779758317825
HI_4861,4862.683,23.09175781533645,23.09175781533645,49.86701625415235,7119.156857317164,0.27017572939964074,7.904022868018165e-05,0.36585477798218413,8.185779758317825
HI_4341,4341.684,0.0,0.0,0.0,10000000000.0,0.27017572939964074,7.904022868018165e-05,0.36585477798218413,8.185779758317825
HI_4102,4102.892,0.0,0.0,0.0,10000000000.0,0.27017572939964074,7.904022868018165e-05,0.36585477798218413,8.185779758317825
OIII_4363,4364.436,0.0,0.0,0.0,10000000000.0,0.27017572939964074,7.904022868018165e-05,0.36585477798218413,8.185779758317825
OIII_5007,5008.24,17.628842454463438,17.628842454463438,38.06976412314371,2771.1641021813057,0.27017572939964074,7.904022868018165e-05,0.36585477798218413,8.185779758317825
OIII_4959,4960.295,49887.35629910798,49887.35629910798,107732.5350169779,24647052.05517357,0.27017572939964074,7.904022868018165e-05,0.36585477798218413,8.185779758317825
OII_3726,3727.092,0.0,0.0,0.0,10000000000.0,0.27017572939964074,7.904022868018165e-05,0.36585477798218413,8.185779758317825
OII_3729,3729.875,2.7528513041457927,2.7528513041457927,5.9448259342963565,432.62624428143886,0.27017572939964074,7.904022868018165e-05,0.36585477798218413,8.185779758317825
OI_6300,6302.046,4.24055654270262,4.24055654270262,9.157548928612067,231.53433833231531,0.27017572939964074,7.904022868018165e-05,0.36585477798218413,8.185779758317825
SII_6717,6718.29,0.0,0.0,0.0,10000000000.0,0.27017572939964074,7.904022868018165e-05,0.36585477798218413,8.185779758317825
SII_6731,6732.67,0.0,0.0,0.0,10000000000.0,0.27017572939964074,7.904022868018165e-05,0.36585477798218413,8.185779758317825
NII_6548,6549.85,30.51055375482997,30.51055375482997,65.88802343166819,7945.876218219543,0.27017572939964074,7.904022868018165e-05,0.36585477798218413,8.185779758317825
NII_6584,6585.28,49.71999297341131,49.71999297341131,107.37111126788062,12781.26908555541,0.27017572939964074,7.904022868018165e-05,0.36585477798218413,8.185779758317825
NII_5755,5756.24,0.0,0.0,0.0,10000000000.0,0.27017572939964074,7.904022868018165e-05,0.36585477798218413,8.185779758317825
HeI_5876,5877.594,319.3205674952835,319.3205674952835,689.5778163322317,155340.79117615477,0.27017572939964074,7.904022868018165e-05,0.36585477798218413,8.185779758317825
HeII_4686,4687.02,0.0,0.0,0.0,10000000000.0,0.27017572939964074,7.904022868018165e-05,0.36585477798218413,8.185779758317825
NeIII_3869,3870.16,1.3443433665563589,106.39697086508016,2.9031307641163684,238.77111124879568,0.27017572939964074,7.904022868018165e-05,0.36585477798218413,8.185779758317825
