line,wl,amp,amp_err,flux,flux_err,z,zerr,FWHM,FWHMerr
HI_6563,6564.61,19.48118630522538,19.48118630522538,635.4091436966306,76.11247744317507,0.2692575513877675,3.278475653285156e-05,5.525739438381221,0.4007053392302566
HI_4861,4862.683,6.701061759197387,6.701061759197387,218.5655353610453,58.763430640327,0.2692575513877675,3.278475653285156e-05,5.525739438381221,0.4007053392302566
HI_4341,4341.684,0.8035506237335994,0.8035506237335994,26.209051427556425,56.068082081294776,0.2692575513877675,3.278475653285156e-05,5.525739438381221,0.4007053392302566
HI_4102,4102.892,0.8528919662711587,0.8528919662711587,27.818395936634047,56.07318538831163,0.2692575513877675,3.278475653285156e-05,5.525739438381221,0.4007053392302566
OIII_4363,4364.436,7.471123090311721,7.471123090311721,243.68228150427183,59.40930163568199,0.2692575513877675,3.278475653285156e-05,5.525739438381221,0.4007053392302566
OIII_5007,5008.24,17.51234383411304,17.51234383411304,571.1922890840606,72.6896323653547,0.2692575513877675,3.278475653285156e-05,5.525739438381221,0.4007053392302566
OIII_4959,4960.295,7.091427262147931,7.091427262147931,231.29791243871733,59.08243784761504,0.2692575513877675,3.278475653285156e-05,5.525739438381221,0.4007053392302566
OII_3726,3727.092,3.396708731786589,3.396708731786589,110.78893003925899,77.21686711172488,0.2692575513877675,3.278475653285156e-05,5.525739438381221,0.4007053392302566
OII_3729,3729.875,20.101754931946516,20.101754931946516,655.6499531387182,85.51790347346824,0.2692575513877675,3.278475653285156e-05,5.525739438381221,0.4007053392302566
OI_6300,6302.046,0.21236496635776803,0.21236496635776803,6.926613159505537,56.030655183509026,0.2692575513877675,3.278475653285156e-05,5.525739438381221,0.4007053392302566
SII_6717,6718.29,0.4785072336205758,0.4785072336205758,15.607256498847804,56.042085526326,0.2692575513877675,3.278475653285156e-05,5.525739438381221,0.4007053392302566
SII_6731,6732.67,0.7569446111003799,0.7569446111003799,24.688923951005105,56.06356330272305,0.2692575513877675,3.278475653285156e-05,5.525739438381221,0.4007053392302566
NII_6548,6549.85,4.553845599157739,4.553845599157739,148.53074588744937,57.30732031110291,0.2692575513877675,3.278475653285156e-05,5.525739438381221,0.4007053392302566
NII_6584,6585.28,0.0,0.0,0.0,10000000000.0,0.2692575513877675,3.278475653285156e-05,5.525739438381221,0.4007053392302566
NII_5755,5756.24,0.0,0.0,0.0,10000000000.0,0.2692575513877675,3.278475653285156e-05,5.525739438381221,0.4007053392302566
HeI_5876,5877.594,1.3440345416227046,1.3440345416227046,43.83777372747096,56.14043225913116,0.2692575513877675,3.278475653285156e-05,5.525739438381221,0.4007053392302566
HeII_4686,4687.02,0.0,0.0,0.0,10000000000.0,0.2692575513877675,3.278475653285156e-05,5.525739438381221,0.4007053392302566
NeIII_3869,3870.16,0.0,10000000000.0,0.0,10000000000.0,0.2692575513877675,3.278475653285156e-05,5.525739438381221,0.4007053392302566
