line,wl,amp,amp_err,flux,flux_err,z,zerr,FWHM,FWHMerr
HI_6563,6564.61,4.757030050246726,4.757030050246726,240.12095695630217,81.67326396633483,0.26989343465253485,0.000101908057822968,8.551582943974935,1.0551080975100395
HI_4861,4862.683,1.6537210445009123,1.6537210445009123,83.47499922220149,75.55377532273363,0.26989343465253485,0.000101908057822968,8.551582943974935,1.0551080975100395
HI_4341,4341.684,0.0,0.0,0.0,10000000000.0,0.26989343465253485,0.000101908057822968,8.551582943974935,1.0551080975100395
HI_4102,4102.892,0.0,0.0,0.0,10000000000.0,0.26989343465253485,0.000101908057822968,8.551582943974935,1.0551080975100395
OIII_4363,4364.436,0.0,0.0,0.0,10000000000.0,0.26989343465253485,0.000101908057822968,8.551582943974935,1.0551080975100395
OIII_5007,5008.24,8.754458630456611,8.754458630456611,441.89945444439047,96.40842128890533,0.26989343465253485,0.000101908057822968,8.551582943974935,1.0551080975100395
OIII_4959,4960.295,7.067206865290132,7.067206865290132,356.73192256029574,89.44054009488882,0.26989343465253485,0.000101908057822968,8.551582943974935,1.0551080975100395
OII_3726,3727.092,10.449435267174977,10.449435267174977,527.4569152399722,144.60417823935407,0.26989343465253485,0.000101908057822968,8.551582943974935,1.0551080975100395
OII_3729,3729.875,0.0,0.0,0.0,10000000000.0,0.26989343465253485,0.000101908057822968,8.551582943974935,1.0551080975100395
OI_6300,6302.046,0.0,0.0,0.0,10000000000.0,0.26989343465253485,0.000101908057822968,8.551582943974935,1.0551080975100395
SII_6717,6718.29,0.3385811316370564,0.3385811316370564,17.090584771862222,74.70913909323151,0.26989343465253485,0.000101908057822968,8.551582943974935,1.0551080975100395
SII_6731,6732.67,1.4188467731562469,1.4188467731562469,71.61923329178235,75.32333943139446,0.26989343465253485,0.000101908057822968,8.551582943974935,1.0551080975100395
NII_6548,6549.85,0.0,0.0,0.0,10000000000.0,0.26989343465253485,0.000101908057822968,8.551582943974935,1.0551080975100395
NII_6584,6585.28,0.0,0.0,0.0,10000000000.0,0.26989343465253485,0.000101908057822968,8.551582943974935,1.0551080975100395
NII_5755,5756.24,2.3163239989781914,2.3163239989781914,116.92125746118515,76.3934521436509,0.26989343465253485,0.000101908057822968,8.551582943974935,1.0551080975100395
HeI_5876,5877.594,0.321476755320532,0.321476755320532,16.22720590608198,74.70395721078366,0.26989343465253485,0.000101908057822968,8.551582943974935,1.0551080975100395
HeII_4686,4687.02,0.0,0.0,0.0,10000000000.0,0.26989343465253485,0.000101908057822968,8.551582943974935,1.0551080975100395
NeIII_3869,3870.16,5.8660171764481674,1.5230898586341204,296.0993819784224,85.11981325306583,0.26989343465253485,0.000101908057822968,8.551582943974935,1.0551080975100395
