line,wl,amp,amp_err,flux,flux_err,z,zerr,FWHM,FWHMerr
HI_6563,6564.61,11.02354918682147,11.02354918682147,110.14746920586316,38.1830667342655,0.2710642508700175,2.4680088889705276e-05,1.6927991045402035,0.28671170862063705
HI_4861,4862.683,1.9814968213761404,1.9814968213761404,19.799146029571656,29.850621031112933,0.2710642508700175,2.4680088889705276e-05,1.6927991045402035,0.28671170862063705
HI_4341,4341.684,0.0,0.0,0.0,10000000000.0,0.2710642508700175,2.4680088889705276e-05,1.6927991045402035,0.28671170862063705
HI_4102,4102.892,1.1424052368608955,1.1424052368608955,11.414930301956135,29.23587483622932,0.2710642508700175,2.4680088889705276e-05,1.6927991045402035,0.28671170862063705
OIII_4363,4364.436,1.894055387723597,1.894055387723597,18.925429909896305,29.10752176953565,0.2710642508700175,2.4680088889705276e-05,1.6927991045402035,0.28671170862063705
OIII_5007,5008.24,0.0,0.0,0.0,10000000000.0,0.2710642508700175,2.4680088889705276e-05,1.6927991045402035,0.28671170862063705
OIII_4959,4960.295,0.0,0.0,0.0,10000000000.0,0.2710642508700175,2.4680088889705276e-05,1.6927991045402035,0.28671170862063705
OII_3726,3727.092,15.790338467160268,15.790338467160268,157.77729936026094,39.84565387827046,0.2710642508700175,2.4680088889705276e-05,1.6927991045402035,0.28671170862063705
OII_3729,3729.875,0.0,0.0,0.0,10000000000.0,0.2710642508700175,2.4680088889705276e-05,1.6927991045402035,0.28671170862063705
OI_6300,6302.046,0.0,0.0,0.0,10000000000.0,0.2710642508700175,2.4680088889705276e-05,1.6927991045402035,0.28671170862063705
SII_6717,6718.29,0.0,0.0,0.0,10000000000.0,0.2710642508700175,2.4680088889705276e-05,1.6927991045402035,0.28671170862063705
SII_6731,6732.67,2.3945401327219997,2.3945401327219997,23.92628100634895,30.153554014339445,0.2710642508700175,2.4680088889705276e-05,1.6927991045402035,0.28671170862063705
NII_6548,6549.85,0.0,0.0,0.0,10000000000.0,0.2710642508700175,2.4680088889705276e-05,1.6927991045402035,0.28671170862063705
NII_6584,6585.28,0.0,0.0,0.0,10000000000.0,0.2710642508700175,2.4680088889705276e-05,1.6927991045402035,0.28671170862063705
NII_5755,5756.24,8.969600987615763,8.969600987615763,89.62438791976406,35.81688082350037,0.2710642508700175,2.4680088889705276e-05,1.6927991045402035,0.28671170862063705
HeI_5876,5877.594,1.7032087104145148,1.7032087104145148,17.01848704098126,29.692826849074763,0.2710642508700175,2.4680088889705276e-05,1.6927991045402035,0.28671170862063705
HeII_4686,4687.02,0.0,0.0,0.0,10000000000.0,0.2710642508700175,2.4680088889705276e-05,1.6927991045402035,0.28671170862063705
NeIII_3869,3870.16,0.0,10000000000.0,0.0,10000000000.0,0.2710642508700175,2.4680088889705276e-05,1.6927991045402035,0.28671170862063705
