line,wl,amp,amp_err,flux,flux_err,z,zerr,FWHM,FWHMerr
HI_6563,6564.61,3.3552566863895663,3.3552566863895663,28.392030640474875,28.05644450607568,0.2701954991860379,1.7949771344030298e-05,1.4335836734495881,0.47651262144213113
HI_4861,4862.683,0.0,0.0,0.0,10000000000.0,0.2701954991860379,1.7949771344030298e-05,1.4335836734495881,0.47651262144213113
HI_4341,4341.684,0.0,0.0,0.0,10000000000.0,0.2701954991860379,1.7949771344030298e-05,1.4335836734495881,0.47651262144213113
HI_4102,4102.892,1.4328787373669911,1.4328787373669911,12.124955202513851,28.431708898154962,0.2701954991860379,1.7949771344030298e-05,1.4335836734495881,0.47651262144213113
OIII_4363,4364.436,0.0,0.0,0.0,10000000000.0,0.2701954991860379,1.7949771344030298e-05,1.4335836734495881,0.47651262144213113
OIII_5007,5008.24,1.402148150952712,1.402148150952712,11.864914367303468,27.968425876072192,0.2701954991860379,1.7949771344030298e-05,1.4335836734495881,0.47651262144213113
OIII_4959,4960.295,27.243093575248167,27.243093575248167,230.52982821474765,114.19284776159992,0.2701954991860379,1.7949771344030298e-05,1.4335836734495881,0.47651262144213113
OII_3726,3727.092,8.49250320132387,8.49250320132387,71.8631787798553,44.9497145518072,0.2701954991860379,1.7949771344030298e-05,1.4335836734495881,0.47651262144213113
OII_3729,3729.875,1.2423666905621076,1.2423666905621076,10.512850861225964,27.569774543474775,0.2701954991860379,1.7949771344030298e-05,1.4335836734495881,0.47651262144213113
OI_6300,6302.046,0.0,0.0,0.0,10000000000.0,0.2701954991860379,1.7949771344030298e-05,1.4335836734495881,0.47651262144213113
SII_6717,6718.29,4.866912275969412,4.866912275969412,41.18359201081497,28.286466335236426,0.2701954991860379,1.7949771344030298e-05,1.4335836734495881,0.47651262144213113
SII_6731,6732.67,5.346264923570402,5.346264923570402,45.23985247919806,36.63313965804756,0.2701954991860379,1.7949771344030298e-05,1.4335836734495881,0.47651262144213113
NII_6548,6549.85,0.9071180782736974,0.9071180782736974,7.675992235511842,26.190159634044097,0.2701954991860379,1.7949771344030298e-05,1.4335836734495881,0.47651262144213113
NII_6584,6585.28,0.0,0.0,0.0,10000000000.0,0.2701954991860379,1.7949771344030298e-05,1.4335836734495881,0.47651262144213113
NII_5755,5756.24,0.0,0.0,0.0,10000000000.0,0.2701954991860379,1.7949771344030298e-05,1.4335836734495881,0.47651262144213113
HeI_5876,5877.594,0.0,0.0,0.0,10000000000.0,0.2701954991860379,1.7949771344030298e-05,1.4335836734495881,0.47651262144213113
HeII_4686,4687.02,0.0,0.0,0.0,10000000000.0,0.2701954991860379,1.7949771344030298e-05,1.4335836734495881,0.47651262144213113
NeIII_3869,3870.16,7.953317620455778,3.2057705646439647,67.30061473072975,35.161141138091935,0.2701954991860379,1.7949771344030298e-05,1.4335836734495881,0.47651262144213113
