line,wl,amp,amp_err,flux,flux_err,z,zerr,FWHM,FWHMerr
HI_6563,6564.61,5.6383022595678085,5.6383022595678085,135.6142249463719,52.09074524038248,0.2697711602432031,5.6189209569490796e-05,4.074827553333198,0.6275696537013022
HI_4861,4862.683,2.744145453619467,2.744145453619467,66.00305228425978,47.929133771471164,0.2697711602432031,5.6189209569490796e-05,4.074827553333198,0.6275696537013022
HI_4341,4341.684,1.801465076898353,1.801465076898353,43.32940642849697,47.15603806242039,0.2697711602432031,5.6189209569490796e-05,4.074827553333198,0.6275696537013022
HI_4102,4102.892,3.4191359367342784,3.4191359367342784,82.23813635738803,48.668625286759244,0.2697711602432031,5.6189209569490796e-05,4.074827553333198,0.6275696537013022
OIII_4363,4364.436,0.0,0.0,0.0,10000000000.0,0.2697711602432031,5.6189209569490796e-05,4.074827553333198,0.6275696537013022
OIII_5007,5008.24,10.273543826808464,10.273543826808464,247.10251763480468,63.07937882508624,0.2697711602432031,5.6189209569490796e-05,4.074827553333198,0.6275696537013022
OIII_4959,4960.295,0.0,0.0,0.0,10000000000.0,0.2697711602432031,5.6189209569490796e-05,4.074827553333198,0.6275696537013022
OII_3726,3727.092,7.998172478478068,7.998172478478068,192.37456803873943,60.66539386982221,0.2697711602432031,5.6189209569490796e-05,4.074827553333198,0.6275696537013022
OII_3729,3729.875,3.898651446899521,3.898651446899521,93.77159470479634,55.954419755872024,0.2697711602432031,5.6189209569490796e-05,4.074827553333198,0.6275696537013022
OI_6300,6302.046,0.0,0.0,0.0,10000000000.0,0.2697711602432031,5.6189209569490796e-05,4.074827553333198,0.6275696537013022
SII_6717,6718.29,1.755274511306311,1.755274511306311,42.21841637081257,47.126467380957074,0.2697711602432031,5.6189209569490796e-05,4.074827553333198,0.6275696537013022
SII_6731,6732.67,2.1173389154121196,2.1173389154121196,50.926903657062276,47.38132919086881,0.2697711602432031,5.6189209569490796e-05,4.074827553333198,0.6275696537013022
NII_6548,6549.85,1.512001264807168,1.512001264807168,36.36713148834906,46.98136524733385,0.2697711602432031,5.6189209569490796e-05,4.074827553333198,0.6275696537013022
NII_6584,6585.28,0.0,0.0,0.0,10000000000.0,0.2697711602432031,5.6189209569490796e-05,4.074827553333198,0.6275696537013022
NII_5755,5756.24,1.2609888221658139,1.2609888221658139,30.32970101839902,46.85421601434086,0.2697711602432031,5.6189209569490796e-05,4.074827553333198,0.6275696537013022
HeI_5876,5877.594,1.4605672084167054,1.4605672084167054,35.13002333555286,46.95346902217344,0.2697711602432031,5.6189209569490796e-05,4.074827553333198,0.6275696537013022
HeII_4686,4687.02,0.0,0.0,0.0,10000000000.0,0.2697711602432031,5.6189209569490796e-05,4.074827553333198,0.6275696537013022
NeIII_3869,3870.16,0.0,10000000000.0,0.0,10000000000.0,0.2697711602432031,5.6189209569490796e-05,4.074827553333198,0.6275696537013022
