line,wl,amp,amp_err,flux,flux_err,z,zerr,FWHM,FWHMerr
HI_6563,6564.61,49.79138758900376,49.79138758900376,1486.699598051545,73.46388362258845,0.2691589027753892,1.1888198926686901e-05,5.05849513243,0.14531001085903858
HI_4861,4862.683,23.072959798340094,23.072959798340094,688.9255696426357,60.05637170997566,0.2691589027753892,1.1888198926686901e-05,5.05849513243,0.14531001085903858
HI_4341,4341.684,11.602719124963528,11.602719124963528,346.44059333662346,56.93015808198627,0.2691589027753892,1.1888198926686901e-05,5.05849513243,0.14531001085903858
HI_4102,4102.892,8.594137924761299,8.594137924761299,256.6086630042801,56.43729225332305,0.2691589027753892,1.1888198926686901e-05,5.05849513243,0.14531001085903858
OIII_4363,4364.436,0.7921197522035754,0.7921197522035754,23.651562533875307,55.83753589940177,0.2691589027753892,1.1888198926686901e-05,5.05849513243,0.14531001085903858
OIII_5007,5008.24,58.05687260749005,58.05687260749005,1733.495155470364,78.84528527662522,0.2691589027753892,1.1888198926686901e-05,5.05849513243,0.14531001085903858
OIII_4959,4960.295,18.406327577662864,18.406327577662864,549.5866079731395,58.555770988885286,0.2691589027753892,1.1888198926686901e-05,5.05849513243,0.14531001085903858
OII_3726,3727.092,36.48934356792688,36.48934356792688,1089.5195945007615,79.0186191909375,0.2691589027753892,1.1888198926686901e-05,5.05849513243,0.14531001085903858
OII_3729,3729.875,41.388043555357626,41.388043555357626,1235.7877676716735,80.15430574115454,0.2691589027753892,1.1888198926686901e-05,5.05849513243,0.14531001085903858
OI_6300,6302.046,0.32992425669419845,0.32992425669419845,9.851066290087571,55.83322739457438,0.2691589027753892,1.1888198926686901e-05,5.05849513243,0.14531001085903858
SII_6717,6718.29,5.839170285244677,5.839170285244677,174.34927075510893,56.112422810761345,0.2691589027753892,1.1888198926686901e-05,5.05849513243,0.14531001085903858
SII_6731,6732.67,5.797528239958183,5.797528239958183,173.10589885913978,56.10845412100833,0.2691589027753892,1.1888198926686901e-05,5.05849513243,0.14531001085903858
NII_6548,6549.85,1.0694032819387758,1.0694032819387758,31.930852028805486,55.84182327228913,0.2691589027753892,1.1888198926686901e-05,5.05849513243,0.14531001085903858
NII_6584,6585.28,9.40629388242553,9.40629388242553,280.85847796788715,56.556267020805265,0.2691589027753892,1.1888198926686901e-05,5.05849513243,0.14531001085903858
NII_5755,5756.24,0.3829245053898376,0.3829245053898376,11.433577889941846,55.833542468816916,0.2691589027753892,1.1888198926686901e-05,5.05849513243,0.14531001085903858
HeI_5876,5877.594,0.0,0.0,0.0,10000000000.0,0.2691589027753892,1.1888198926686901e-05,5.05849513243,0.14531001085903858
HeII_4686,4687.02,0.0,0.0,0.0,10000000000.0,0.2691589027753892,1.1888198926686901e-05,5.05849513243,0.14531001085903858
NeIII_3869,3870.16,6.466438124327738,1.8721986475025916,193.07859101292394,56.1756468691603,0.2691589027753892,1.1888198926686901e-05,5.05849513243,0.14531001085903858
