line,wl,amp,amp_err,flux,flux_err,z,zerr,FWHM,FWHMerr
HI_6563,6564.61,10.738002996129467,10.738002996129467,257.5122938861135,60.29349723919326,0.2692850883563917,4.67277664057175e-05,4.0628125798811086,0.5924366783331193
HI_4861,4862.683,4.376017955753696,4.376017955753696,104.94301615292346,46.538306171759764,0.2692850883563917,4.67277664057175e-05,4.0628125798811086,0.5924366783331193
HI_4341,4341.684,4.6861587268527956,4.6861587268527956,112.38062456317675,46.998232920606654,0.2692850883563917,4.67277664057175e-05,4.0628125798811086,0.5924366783331193
HI_4102,4102.892,0.0,0.0,0.0,10000000000.0,0.2692850883563917,4.67277664057175e-05,4.0628125798811086,0.5924366783331193
OIII_4363,4364.436,1.1804716060830742,1.1804716060830742,28.30935614931839,43.52572118456218,0.2692850883563917,4.67277664057175e-05,4.0628125798811086,0.5924366783331193
OIII_5007,5008.24,9.398049712458146,9.398049712458146,225.37834459379096,56.772925123612666,0.2692850883563917,4.67277664057175e-05,4.0628125798811086,0.5924366783331193
OIII_4959,4960.295,1.1885171710142686,1.1885171710142686,28.502300021823203,43.52895369642626,0.2692850883563917,4.67277664057175e-05,4.0628125798811086,0.5924366783331193
OII_3726,3727.092,9.229376510209022,9.229376510209022,221.3333258650809,58.856793376828655,0.2692850883563917,4.67277664057175e-05,4.0628125798811086,0.5924366783331193
OII_3729,3729.875,3.1596707000420565,3.1596707000420565,75.77331187054568,51.813807695521504,0.2692850883563917,4.67277664057175e-05,4.0628125798811086,0.5924366783331193
OI_6300,6302.046,1.6020813724338723,1.6020813724338723,38.42014659116465,43.73112494179601,0.2692850883563917,4.67277664057175e-05,4.0628125798811086,0.5924366783331193
SII_6717,6718.29,0.28813190362529895,0.28813190362529895,6.909805060686605,43.2950502119653,0.2692850883563917,4.67277664057175e-05,4.0628125798811086,0.5924366783331193
SII_6731,6732.67,1.1506917746180534,1.1506917746180534,27.59519424092038,43.51351233857423,0.2692850883563917,4.67277664057175e-05,4.0628125798811086,0.5924366783331193
NII_6548,6549.85,0.0,0.0,0.0,10000000000.0,0.2692850883563917,4.67277664057175e-05,4.0628125798811086,0.5924366783331193
NII_6584,6585.28,0.2765895057104899,0.2765895057104899,6.633002254330512,43.2938984836653,0.2692850883563917,4.67277664057175e-05,4.0628125798811086,0.5924366783331193
NII_5755,5756.24,1.0759013612024546,1.0759013612024546,25.801615777002677,43.484328833183795,0.2692850883563917,4.67277664057175e-05,4.0628125798811086,0.5924366783331193
HeI_5876,5877.594,0.0,0.0,0.0,10000000000.0,0.2692850883563917,4.67277664057175e-05,4.0628125798811086,0.5924366783331193
HeII_4686,4687.02,0.0,0.0,0.0,10000000000.0,0.2692850883563917,4.67277664057175e-05,4.0628125798811086,0.5924366783331193
NeIII_3869,3870.16,0.15953989409558744,1.8047858336707032,3.8259892560759163,43.284877977644825,0.2692850883563917,4.67277664057175e-05,4.0628125798811086,0.5924366783331193
