line,wl,amp,amp_err,flux,flux_err,z,zerr,FWHM,FWHMerr
HI_6563,6564.61,3.8914060856349124,3.8914060856349124,31.970224432866626,36.10796120292609,0.2701431425694429,1.9980528772996795e-05,1.3918469212242046,0.3787190538397511
HI_4861,4862.683,0.0,0.0,0.0,10000000000.0,0.2701431425694429,1.9980528772996795e-05,1.3918469212242046,0.3787190538397511
HI_4341,4341.684,0.0,0.0,0.0,10000000000.0,0.2701431425694429,1.9980528772996795e-05,1.3918469212242046,0.3787190538397511
HI_4102,4102.892,0.0,0.0,0.0,10000000000.0,0.2701431425694429,1.9980528772996795e-05,1.3918469212242046,0.3787190538397511
OIII_4363,4364.436,1.2612175916106025,1.2612175916106025,10.361655549472612,27.713341431267597,0.2701431425694429,1.9980528772996795e-05,1.3918469212242046,0.3787190538397511
OIII_5007,5008.24,0.7290014927438051,0.7290014927438051,5.989182527351584,27.48107288981664,0.2701431425694429,1.9980528772996795e-05,1.3918469212242046,0.3787190538397511
OIII_4959,4960.295,35.57259038561142,35.57259038561142,292.25006932189075,117.46707095912741,0.2701431425694429,1.9980528772996795e-05,1.3918469212242046,0.3787190538397511
OII_3726,3727.092,6.299738268117721,6.299738268117721,51.75611125333928,35.426818883034,0.2701431425694429,1.9980528772996795e-05,1.3918469212242046,0.3787190538397511
OII_3729,3729.875,0.21764998615117293,0.21764998615117293,1.7881245883717656,27.76312507139415,0.2701431425694429,1.9980528772996795e-05,1.3918469212242046,0.3787190538397511
OI_6300,6302.046,0.0,0.0,0.0,10000000000.0,0.2701431425694429,1.9980528772996795e-05,1.3918469212242046,0.3787190538397511
SII_6717,6718.29,0.0,0.0,0.0,10000000000.0,0.2701431425694429,1.9980528772996795e-05,1.3918469212242046,0.3787190538397511
SII_6731,6732.67,0.0,0.0,0.0,10000000000.0,0.2701431425694429,1.9980528772996795e-05,1.3918469212242046,0.3787190538397511
NII_6548,6549.85,3.5475576560625086,3.5475576560625086,29.14530428256447,35.70955609760755,0.2701431425694429,1.9980528772996795e-05,1.3918469212242046,0.3787190538397511
NII_6584,6585.28,0.8007428400117078,0.8007428400117078,6.5785805297183435,33.897126129494666,0.2701431425694429,1.9980528772996795e-05,1.3918469212242046,0.3787190538397511
NII_5755,5756.24,0.0,0.0,0.0,10000000000.0,0.2701431425694429,1.9980528772996795e-05,1.3918469212242046,0.3787190538397511
HeI_5876,5877.594,0.0,0.0,0.0,10000000000.0,0.2701431425694429,1.9980528772996795e-05,1.3918469212242046,0.3787190538397511
HeII_4686,4687.02,0.0,0.0,0.0,10000000000.0,0.2701431425694429,1.9980528772996795e-05,1.3918469212242046,0.3787190538397511
NeIII_3869,3870.16,2.9302388337694083,3.916393871420454,24.073661575266996,32.83552107995073,0.2701431425694429,1.9980528772996795e-05,1.3918469212242046,0.3787190538397511
