line,wl,amp,amp_err,flux,flux_err,z,zerr,FWHM,FWHMerr
HI_6563,6564.61,22.773719447832946,22.773719447832946,763.4555638271041,71.0494903796295,0.2691738710693828,2.4410446683278207e-05,5.6793958534502575,0.296693299704659
HI_4861,4862.683,12.316334925144815,12.316334925144815,412.8870756531006,60.34161928895497,0.2691738710693828,2.4410446683278207e-05,5.6793958534502575,0.296693299704659
HI_4341,4341.684,1.4494093384677171,1.4494093384677171,48.58932359515988,55.385540759939715,0.2691738710693828,2.4410446683278207e-05,5.6793958534502575,0.296693299704659
HI_4102,4102.892,2.4228921383947863,2.4228921383947863,81.22390757678656,55.51586273081407,0.2691738710693828,2.4410446683278207e-05,5.6793958534502575,0.296693299704659
OIII_4363,4364.436,0.8016746497096392,0.8016746497096392,26.87496757400374,55.3350371726763,0.2691738710693828,2.4410446683278207e-05,5.6793958534502575,0.296693299704659
OIII_5007,5008.24,28.107851060795383,28.107851060795383,942.2745076290016,78.0300594308372,0.2691738710693828,2.4410446683278207e-05,5.6793958534502575,0.296693299704659
OIII_4959,4960.295,9.863627731045312,9.863627731045312,330.6636620353389,58.587586430211196,0.2691738710693828,2.4410446683278207e-05,5.6793958534502575,0.296693299704659
OII_3726,3727.092,2.0390415511047877,2.0390415511047877,68.3558792682734,74.8107871873088,0.2691738710693828,2.4410446683278207e-05,5.6793958534502575,0.296693299704659
OII_3729,3729.875,23.95061734791375,23.95061734791375,802.9093408849674,81.73491379210923,0.2691738710693828,2.4410446683278207e-05,5.6793958534502575,0.296693299704659
OI_6300,6302.046,2.3819715445118845,2.3819715445118845,79.85210464637048,55.509067469312484,0.2691738710693828,2.4410446683278207e-05,5.6793958534502575,0.296693299704659
SII_6717,6718.29,4.283240634545564,4.283240634545564,143.58936409771715,55.945007615116786,0.2691738710693828,2.4410446683278207e-05,5.6793958534502575,0.296693299704659
SII_6731,6732.67,0.6667585867921844,0.6667585867921844,22.352104318402343,55.328180967194406,0.2691738710693828,2.4410446683278207e-05,5.6793958534502575,0.296693299704659
NII_6548,6549.85,0.6649787919719756,0.6649787919719756,22.29243930579553,55.32810344824094,0.2691738710693828,2.4410446683278207e-05,5.6793958534502575,0.296693299704659
NII_6584,6585.28,4.556763661210425,4.556763661210425,152.75882264929285,56.02779400585841,0.2691738710693828,2.4410446683278207e-05,5.6793958534502575,0.296693299704659
NII_5755,5756.24,0.3006652525351683,0.3006652525351683,10.079361890062192,55.31590201283669,0.2691738710693828,2.4410446683278207e-05,5.6793958534502575,0.296693299704659
HeI_5876,5877.594,1.8276377429388049,1.8276377429388049,61.26887646540382,55.428421938279044,0.2691738710693828,2.4410446683278207e-05,5.6793958534502575,0.296693299704659
HeII_4686,4687.02,0.0,0.0,0.0,10000000000.0,0.2691738710693828,2.4410446683278207e-05,5.6793958534502575,0.296693299704659
NeIII_3869,3870.16,1.8038999180415658,1.650641478724872,60.47310067952642,55.42544130339403,0.2691738710693828,2.4410446683278207e-05,5.6793958534502575,0.296693299704659
