line,wl,amp,amp_err,flux,flux_err,z,zerr,FWHM,FWHMerr
HI_6563,6564.61,154.91123517398592,154.91123517398592,3960.5090740009477,70.21203070875498,0.2693355078421378,3.704736511585025e-06,4.331321664313185,0.04750693960839676
HI_4861,4862.683,57.57436123002981,57.57436123002981,1471.9641207769107,53.82190632350123,0.2693355078421378,3.704736511585025e-06,4.331321664313185,0.04750693960839676
HI_4341,4341.684,24.17291299386511,24.17291299386511,618.0122516595569,51.26806846609561,0.2693355078421378,3.704736511585025e-06,4.331321664313185,0.04750693960839676
HI_4102,4102.892,13.844592405450726,13.844592405450726,353.9551781770314,50.89027903173096,0.2693355078421378,3.704736511585025e-06,4.331321664313185,0.04750693960839676
OIII_4363,4364.436,0.0,0.0,0.0,10000000000.0,0.2693355078421378,3.704736511585025e-06,4.331321664313185,0.04750693960839676
OIII_5007,5008.24,161.89782323087366,161.89782323087366,4139.130368734883,71.74456846990333,0.2693355078421378,3.704736511585025e-06,4.331321664313185,0.04750693960839676
OIII_4959,4960.295,49.29070945184162,49.29070945184162,1260.181689395925,53.007422318372164,0.2693355078421378,3.704736511585025e-06,4.331321664313185,0.04750693960839676
OII_3726,3727.092,73.1750879295912,73.1750879295912,1870.8171774014154,63.50021235781839,0.2693355078421378,3.704736511585025e-06,4.331321664313185,0.04750693960839676
OII_3729,3729.875,109.1110881421896,109.1110881421896,2789.56819481759,66.65569712376666,0.2693355078421378,3.704736511585025e-06,4.331321664313185,0.04750693960839676
OI_6300,6302.046,9.104939881652626,9.104939881652626,232.77973982337656,50.7851200404402,0.2693355078421378,3.704736511585025e-06,4.331321664313185,0.04750693960839676
SII_6717,6718.29,17.279732041039438,17.279732041039438,441.7790321533378,50.993414867873575,0.2693355078421378,3.704736511585025e-06,4.331321664313185,0.04750693960839676
SII_6731,6732.67,15.859595248943265,15.859595248943265,405.47137089750663,50.94804059189355,0.2693355078421378,3.704736511585025e-06,4.331321664313185,0.04750693960839676
NII_6548,6549.85,5.2581844155474755,5.2581844155474755,134.43238682563472,50.731618702894394,0.2693355078421378,3.704736511585025e-06,4.331321664313185,0.04750693960839676
NII_6584,6585.28,15.695225306248517,15.695225306248517,401.2690375496096,50.94303456647593,0.2693355078421378,3.704736511585025e-06,4.331321664313185,0.04750693960839676
NII_5755,5756.24,0.10826059288410761,0.10826059288410761,2.7678241671281505,50.70483473247943,0.2693355078421378,3.704736511585025e-06,4.331321664313185,0.04750693960839676
HeI_5876,5877.594,4.04651882063456,4.04651882063456,103.45456537893557,50.720697113725585,0.2693355078421378,3.704736511585025e-06,4.331321664313185,0.04750693960839676
HeII_4686,4687.02,0.0,0.0,0.0,10000000000.0,0.2693355078421378,3.704736511585025e-06,4.331321664313185,0.04750693960839676
NeIII_3869,3870.16,16.591084009572114,1.9853534429864839,424.17284126372294,50.97093850847971,0.2693355078421378,3.704736511585025e-06,4.331321664313185,0.04750693960839676
