line,wl,amp,amp_err,flux,flux_err,z,zerr,FWHM,FWHMerr
HI_6563,6564.61,1604.0059321402678,1604.0059321402678,44651.46697350297,202.16334635318626,0.26922331191318377,1.0391787976910635e-06,4.716090206267264,0.014017268444033792
HI_4861,4862.683,506.909273234186,506.909273234186,14111.071673018801,145.09454935704574,0.26922331191318377,1.0391787976910635e-06,4.716090206267264,0.014017268444033792
HI_4341,4341.684,207.52272059835445,207.52272059835445,5776.907503505788,138.64385834216614,0.26922331191318377,1.0391787976910635e-06,4.716090206267264,0.014017268444033792
HI_4102,4102.892,90.2919030825824,90.2919030825824,2513.4981409246407,137.56221984066167,0.26922331191318377,1.0391787976910635e-06,4.716090206267264,0.014017268444033792
OIII_4363,4364.436,5.324354800220931,5.324354800220931,148.21656688018214,137.3094423601066,0.26922331191318377,1.0391787976910635e-06,4.716090206267264,0.014017268444033792
OIII_5007,5008.24,1412.6610609845352,1412.6610609845352,39324.90986809431,189.55347784426684,0.26922331191318377,1.0391787976910635e-06,4.716090206267264,0.014017268444033792
OIII_4959,4960.295,481.4184671644746,481.4184671644746,13401.472124449203,144.34972347904966,0.26922331191318377,1.0391787976910635e-06,4.716090206267264,0.014017268444033792
OII_3726,3727.092,534.7481137116747,534.7481137116747,14886.03455891198,166.09567955360964,0.26922331191318377,1.0391787976910635e-06,4.716090206267264,0.014017268444033792
OII_3729,3729.875,581.2040126495251,581.2040126495251,16179.249250693076,166.9177802741385,0.26922331191318377,1.0391787976910635e-06,4.716090206267264,0.014017268444033792
OI_6300,6302.046,33.72783770826118,33.72783770826118,938.8976694796881,137.3439921578159,0.26922331191318377,1.0391787976910635e-06,4.716090206267264,0.014017268444033792
SII_6717,6718.29,172.35431649884117,172.35431649884117,4797.908110364578,138.23110491590222,0.26922331191318377,1.0391787976910635e-06,4.716090206267264,0.014017268444033792
SII_6731,6732.67,130.51141111151696,130.51141111151696,3633.107488034876,137.83832838418417,0.26922331191318377,1.0391787976910635e-06,4.716090206267264,0.014017268444033792
NII_6548,6549.85,83.84552853814102,83.84552853814102,2334.0473831048857,137.52739958188457,0.26922331191318377,1.0391787976910635e-06,4.716090206267264,0.014017268444033792
NII_6584,6585.28,262.358845209641,262.358845209641,7303.406475843526,139.4369397307205,0.26922331191318377,1.0391787976910635e-06,4.716090206267264,0.014017268444033792
NII_5755,5756.24,0.0,0.0,0.0,10000000000.0,0.26922331191318377,1.0391787976910635e-06,4.716090206267264,0.014017268444033792
HeI_5876,5877.594,54.58581507451527,54.58581507451527,1519.5309881237506,137.4013666515507,0.26922331191318377,1.0391787976910635e-06,4.716090206267264,0.014017268444033792
HeII_4686,4687.02,0.0,0.0,0.0,10000000000.0,0.26922331191318377,1.0391787976910635e-06,4.716090206267264,0.014017268444033792
NeIII_3869,3870.16,126.12711014183105,4.936066350420355,3511.059641435823,137.80330546933752,0.26922331191318377,1.0391787976910635e-06,4.716090206267264,0.014017268444033792
