line,wl,amp,amp_err,flux,flux_err,z,zerr,FWHM,FWHMerr
HI_6563,6564.61,0.0,0.0,0.0,10000000000.0,0.27025314017068874,2.1573071371037998e-05,2.2357807650008037,0.24990585394507348
HI_4861,4862.683,2.9633279503226504,2.9633279503226504,39.107188167810556,33.68414313568266,0.27025314017068874,2.1573071371037998e-05,2.2357807650008037,0.24990585394507348
HI_4341,4341.684,0.0,0.0,0.0,10000000000.0,0.27025314017068874,2.1573071371037998e-05,2.2357807650008037,0.24990585394507348
HI_4102,4102.892,0.18687171598719488,0.18687171598719488,2.466155445116082,33.34419687928745,0.27025314017068874,2.1573071371037998e-05,2.2357807650008037,0.24990585394507348
OIII_4363,4364.436,4.505341106093169,4.505341106093169,59.45721342687482,34.08106622242657,0.27025314017068874,2.1573071371037998e-05,2.2357807650008037,0.24990585394507348
OIII_5007,5008.24,0.0,0.0,0.0,10000000000.0,0.27025314017068874,2.1573071371037998e-05,2.2357807650008037,0.24990585394507348
OIII_4959,4960.295,28.101202714446117,28.101202714446117,370.85298715451904,56.85381822999252,0.27025314017068874,2.1573071371037998e-05,2.2357807650008037,0.24990585394507348
OII_3726,3727.092,0.0,0.0,0.0,10000000000.0,0.27025314017068874,2.1573071371037998e-05,2.2357807650008037,0.24990585394507348
OII_3729,3729.875,0.0,0.0,0.0,10000000000.0,0.27025314017068874,2.1573071371037998e-05,2.2357807650008037,0.24990585394507348
OI_6300,6302.046,1.9056469162002259,1.9056469162002259,25.148918304886184,33.40829864405893,0.27025314017068874,2.1573071371037998e-05,2.2357807650008037,0.24990585394507348
SII_6717,6718.29,7.16950137421145,7.16950137421145,94.61627062915382,35.298713505529875,0.27025314017068874,2.1573071371037998e-05,2.2357807650008037,0.24990585394507348
SII_6731,6732.67,0.0,0.0,0.0,10000000000.0,0.27025314017068874,2.1573071371037998e-05,2.2357807650008037,0.24990585394507348
NII_6548,6549.85,1.9692619959872673,1.9692619959872673,25.988449715937474,33.30056451847583,0.27025314017068874,2.1573071371037998e-05,2.2357807650008037,0.24990585394507348
NII_6584,6585.28,0.0,0.0,0.0,10000000000.0,0.27025314017068874,2.1573071371037998e-05,2.2357807650008037,0.24990585394507348
NII_5755,5756.24,0.8337784405928232,0.8337784405928232,11.003416062328483,33.33041003807827,0.27025314017068874,2.1573071371037998e-05,2.2357807650008037,0.24990585394507348
HeI_5876,5877.594,0.6910646001873602,0.6910646001873602,9.120014324670777,33.14268545348549,0.27025314017068874,2.1573071371037998e-05,2.2357807650008037,0.24990585394507348
HeII_4686,4687.02,0.0,0.0,0.0,10000000000.0,0.27025314017068874,2.1573071371037998e-05,2.2357807650008037,0.24990585394507348
NeIII_3869,3870.16,0.0,10000000000.0,0.0,10000000000.0,0.27025314017068874,2.1573071371037998e-05,2.2357807650008037,0.24990585394507348
