line,wl,amp,amp_err,flux,flux_err,z,zerr,FWHM,FWHMerr
HI_6563,6564.61,0.9536710768520607,0.9536710768520607,8.466316326603303,27.376897027050646,0.27021671518907064,1.2598257151621144e-05,1.5040013334926894,0.21347719909321491
HI_4861,4862.683,0.0,0.0,0.0,10000000000.0,0.27021671518907064,1.2598257151621144e-05,1.5040013334926894,0.21347719909321491
HI_4341,4341.684,0.0,0.0,0.0,10000000000.0,0.27021671518907064,1.2598257151621144e-05,1.5040013334926894,0.21347719909321491
HI_4102,4102.892,0.8812967907001621,0.8812967907001621,7.823805910436902,30.940841200700078,0.27021671518907064,1.2598257151621144e-05,1.5040013334926894,0.21347719909321491
OIII_4363,4364.436,5.096502738889626,5.096502738889626,45.24474464431427,28.745235176895516,0.27021671518907064,1.2598257151621144e-05,1.5040013334926894,0.21347719909321491
OIII_5007,5008.24,8.38617144826037,8.38617144826037,74.44912818837139,33.42615401125697,0.27021671518907064,1.2598257151621144e-05,1.5040013334926894,0.21347719909321491
OIII_4959,4960.295,63.981727563523236,63.981727563523236,568.0045854629305,110.59566484561752,0.27021671518907064,1.2598257151621144e-05,1.5040013334926894,0.21347719909321491
OII_3726,3727.092,12.450313876279324,12.450313876279324,110.52898446917132,38.350228543191776,0.27021671518907064,1.2598257151621144e-05,1.5040013334926894,0.21347719909321491
OII_3729,3729.875,0.0,0.0,0.0,10000000000.0,0.27021671518907064,1.2598257151621144e-05,1.5040013334926894,0.21347719909321491
OI_6300,6302.046,0.0,0.0,0.0,10000000000.0,0.27021671518907064,1.2598257151621144e-05,1.5040013334926894,0.21347719909321491
SII_6717,6718.29,0.0,0.0,0.0,10000000000.0,0.27021671518907064,1.2598257151621144e-05,1.5040013334926894,0.21347719909321491
SII_6731,6732.67,1.0491121499268274,1.0491121499268274,9.313604594869389,29.903773636614265,0.27021671518907064,1.2598257151621144e-05,1.5040013334926894,0.21347719909321491
NII_6548,6549.85,0.0,0.0,0.0,10000000000.0,0.27021671518907064,1.2598257151621144e-05,1.5040013334926894,0.21347719909321491
NII_6584,6585.28,0.0,0.0,0.0,10000000000.0,0.27021671518907064,1.2598257151621144e-05,1.5040013334926894,0.21347719909321491
NII_5755,5756.24,0.0,0.0,0.0,10000000000.0,0.27021671518907064,1.2598257151621144e-05,1.5040013334926894,0.21347719909321491
HeI_5876,5877.594,1.3052297535924708,1.3052297535924708,11.587315837746186,28.616394435270212,0.27021671518907064,1.2598257151621144e-05,1.5040013334926894,0.21347719909321491
HeII_4686,4687.02,0.0,0.0,0.0,10000000000.0,0.27021671518907064,1.2598257151621144e-05,1.5040013334926894,0.21347719909321491
NeIII_3869,3870.16,9.130234256566268,3.1247872977100664,81.05462483693519,30.031721020127854,0.27021671518907064,1.2598257151621144e-05,1.5040013334926894,0.21347719909321491
