line,wl,amp,amp_err,flux,flux_err,z,zerr,FWHM,FWHMerr
HI_6563,6564.61,10.662750938126464,10.662750938126464,311.7836270722215,67.24223307607718,0.2691548995814721,4.8631725651402955e-05,4.953776194467413,0.5841380755595906
HI_4861,4862.683,8.277609788232553,8.277609788232553,242.04102845875357,62.05185371394486,0.2691548995814721,4.8631725651402955e-05,4.953776194467413,0.5841380755595906
HI_4341,4341.684,0.0,0.0,0.0,10000000000.0,0.2691548995814721,4.8631725651402955e-05,4.953776194467413,0.5841380755595906
HI_4102,4102.892,0.0,0.0,0.0,10000000000.0,0.2691548995814721,4.8631725651402955e-05,4.953776194467413,0.5841380755595906
OIII_4363,4364.436,3.6968896242758547,3.6968896242758547,108.09871323365216,55.09591586378647,0.2691548995814721,4.8631725651402955e-05,4.953776194467413,0.5841380755595906
OIII_5007,5008.24,11.712515968334856,11.712515968334856,342.4792281034374,69.78978202641234,0.2691548995814721,4.8631725651402955e-05,4.953776194467413,0.5841380755595906
OIII_4959,4960.295,5.450281044611756,5.450281044611756,159.3686659767946,57.218466802550104,0.2691548995814721,4.8631725651402955e-05,4.953776194467413,0.5841380755595906
OII_3726,3727.092,1.623143991246252,1.623143991246252,47.46145941022603,68.65871853198367,0.2691548995814721,4.8631725651402955e-05,4.953776194467413,0.5841380755595906
OII_3729,3729.875,12.965584119307323,12.965584119307323,379.1195037082922,77.82743628956472,0.2691548995814721,4.8631725651402955e-05,4.953776194467413,0.5841380755595906
OI_6300,6302.046,0.0,0.0,0.0,10000000000.0,0.2691548995814721,4.8631725651402955e-05,4.953776194467413,0.5841380755595906
SII_6717,6718.29,1.1805809611739733,1.1805809611739733,34.52071761435204,53.41543253738032,0.2691548995814721,4.8631725651402955e-05,4.953776194467413,0.5841380755595906
SII_6731,6732.67,1.0052445404336368,1.0052445404336368,29.393801911874917,53.36205866936693,0.2691548995814721,4.8631725651402955e-05,4.953776194467413,0.5841380755595906
NII_6548,6549.85,2.5085691645130055,2.5085691645130055,73.35168920402677,54.09225569514517,0.2691548995814721,4.8631725651402955e-05,4.953776194467413,0.5841380755595906
NII_6584,6585.28,0.7203365698369453,0.7203365698369453,21.06296487273927,53.293613543998184,0.2691548995814721,4.8631725651402955e-05,4.953776194467413,0.5841380755595906
NII_5755,5756.24,0.0,0.0,0.0,10000000000.0,0.2691548995814721,4.8631725651402955e-05,4.953776194467413,0.5841380755595906
HeI_5876,5877.594,1.8471457370965254,1.8471457370965254,54.01137107907906,53.695302943287054,0.2691548995814721,4.8631725651402955e-05,4.953776194467413,0.5841380755595906
HeII_4686,4687.02,0.0,0.0,0.0,10000000000.0,0.2691548995814721,4.8631725651402955e-05,4.953776194467413,0.5841380755595906
NeIII_3869,3870.16,0.6619609101225024,1.82054139108976,19.356034360705685,53.28235572293029,0.2691548995814721,4.8631725651402955e-05,4.953776194467413,0.5841380755595906
