line,wl,amp,amp_err,flux,flux_err,z,zerr,FWHM,FWHMerr
HI_6563,6564.61,13.011814359156688,13.011814359156688,518.346404975345,79.84903614425845,0.26923937245345464,4.880394735120603e-05,6.748924567525215,0.5732141995310587
HI_4861,4862.683,4.9909148680079625,4.9909148680079625,198.82106430064334,65.64761771909718,0.26923937245345464,4.880394735120603e-05,6.748924567525215,0.5732141995310587
HI_4341,4341.684,0.15917705152162398,0.15917705152162398,6.341072054470701,62.87727190281664,0.26923937245345464,4.880394735120603e-05,6.748924567525215,0.5732141995310587
HI_4102,4102.892,0.0,0.0,0.0,10000000000.0,0.26923937245345464,4.880394735120603e-05,6.748924567525215,0.5732141995310587
OIII_4363,4364.436,0.7166658331863118,0.7166658331863118,28.549527986415356,62.93281585445095,0.26923937245345464,4.880394735120603e-05,6.748924567525215,0.5732141995310587
OIII_5007,5008.24,14.940440482306485,14.940440482306485,595.1763066233598,84.54020458659554,0.26923937245345464,4.880394735120603e-05,6.748924567525215,0.5732141995310587
OIII_4959,4960.295,7.173301595582075,7.173301595582075,285.7599248837469,68.47902883662738,0.26923937245345464,4.880394735120603e-05,6.748924567525215,0.5732141995310587
OII_3726,3727.092,7.555364086823374,7.555364086823374,300.97999437939615,99.84415403363839,0.26923937245345464,4.880394735120603e-05,6.748924567525215,0.5732141995310587
OII_3729,3729.875,12.238066301617664,12.238066301617664,487.5229154210409,102.40959844086034,0.26923937245345464,4.880394735120603e-05,6.748924567525215,0.5732141995310587
OI_6300,6302.046,4.553772436098143,4.553772436098143,181.40679740532923,65.19141177601783,0.26923937245345464,4.880394735120603e-05,6.748924567525215,0.5732141995310587
SII_6717,6718.29,0.8183216016193455,0.8183216016193455,32.59914786707313,62.9506375642302,0.26923937245345464,4.880394735120603e-05,6.748924567525215,0.5732141995310587
SII_6731,6732.67,2.9642341382825634,2.9642341382825634,118.08500080564775,63.86632522059419,0.26923937245345464,4.880394735120603e-05,6.748924567525215,0.5732141995310587
NII_6548,6549.85,2.9686652279868895,2.9686652279868895,118.26152034050757,63.87017250597943,0.26923937245345464,4.880394735120603e-05,6.748924567525215,0.5732141995310587
NII_6584,6585.28,2.063034916570359,2.063034916570359,82.18429058591053,63.35679136858419,0.26923937245345464,4.880394735120603e-05,6.748924567525215,0.5732141995310587
NII_5755,5756.24,2.1708238810247167,2.1708238810247167,86.47823612484402,63.4083751475109,0.26923937245345464,4.880394735120603e-05,6.748924567525215,0.5732141995310587
HeI_5876,5877.594,0.0,0.0,0.0,10000000000.0,0.26923937245345464,4.880394735120603e-05,6.748924567525215,0.5732141995310587
HeII_4686,4687.02,0.0,0.0,0.0,10000000000.0,0.26923937245345464,4.880394735120603e-05,6.748924567525215,0.5732141995310587
NeIII_3869,3870.16,2.5228711769480014,1.5819395468838564,100.50260238047764,63.594579513979106,0.26923937245345464,4.880394735120603e-05,6.748924567525215,0.5732141995310587
