line,wl,amp,amp_err,flux,flux_err,z,zerr,FWHM,FWHMerr
HI_6563,6564.61,0.0,0.0,0.0,10000000000.0,0.2701824659950685,3.7888752804466108e-06,0.7190203463342792,0.2183080502430494
HI_4861,4862.683,0.0,0.0,0.0,10000000000.0,0.2701824659950685,3.7888752804466108e-06,0.7190203463342792,0.2183080502430494
HI_4341,4341.684,3.4557750693236358,3.4557750693236358,14.666764048650348,15.13959326861023,0.2701824659950685,3.7888752804466108e-06,0.7190203463342792,0.2183080502430494
HI_4102,4102.892,8.045953058706004,8.045953058706004,34.14808333623811,30.006206384355337,0.2701824659950685,3.7888752804466108e-06,0.7190203463342792,0.2183080502430494
OIII_4363,4364.436,2.3380122468042828,2.3380122468042828,9.92283157290232,14.21949599387473,0.2701824659950685,3.7888752804466108e-06,0.7190203463342792,0.2183080502430494
OIII_5007,5008.24,0.0,0.0,0.0,10000000000.0,0.2701824659950685,3.7888752804466108e-06,0.7190203463342792,0.2183080502430494
OIII_4959,4960.295,210.9408017960111,210.9408017960111,895.2605149676992,1168.3128069651164,0.2701824659950685,3.7888752804466108e-06,0.7190203463342792,0.2183080502430494
OII_3726,3727.092,56.836581942904786,56.836581942904786,241.22193139483448,219.21061562393885,0.2701824659950685,3.7888752804466108e-06,0.7190203463342792,0.2183080502430494
OII_3729,3729.875,0.0,0.0,0.0,10000000000.0,0.2701824659950685,3.7888752804466108e-06,0.7190203463342792,0.2183080502430494
OI_6300,6302.046,0.0,0.0,0.0,10000000000.0,0.2701824659950685,3.7888752804466108e-06,0.7190203463342792,0.2183080502430494
SII_6717,6718.29,0.0,0.0,0.0,10000000000.0,0.2701824659950685,3.7888752804466108e-06,0.7190203463342792,0.2183080502430494
SII_6731,6732.67,16.148784867463064,16.148784867463064,68.53756757086983,119.31789961840458,0.2701824659950685,3.7888752804466108e-06,0.7190203463342792,0.2183080502430494
NII_6548,6549.85,3.17847183524259,3.17847183524259,13.489852640180011,25.154005945864306,0.2701824659950685,3.7888752804466108e-06,0.7190203463342792,0.2183080502430494
NII_6584,6585.28,13.328415771489517,13.328415771489517,56.56755006945721,37.37253864773037,0.2701824659950685,3.7888752804466108e-06,0.7190203463342792,0.2183080502430494
NII_5755,5756.24,7.467951811969783,7.467951811969783,31.694970001125963,36.02312283273935,0.2701824659950685,3.7888752804466108e-06,0.7190203463342792,0.2183080502430494
HeI_5876,5877.594,1.2098652672764274,1.2098652672764274,5.1348273686324335,43.26663087112381,0.2701824659950685,3.7888752804466108e-06,0.7190203463342792,0.2183080502430494
HeII_4686,4687.02,0.0,0.0,0.0,10000000000.0,0.2701824659950685,3.7888752804466108e-06,0.7190203463342792,0.2183080502430494
NeIII_3869,3870.16,7.370760350116484,5.18390226019953,31.282476650155427,23.96376769725379,0.2701824659950685,3.7888752804466108e-06,0.7190203463342792,0.2183080502430494
