line,wl,amp,amp_err,flux,flux_err,z,zerr,FWHM,FWHMerr
HI_6563,6564.61,186.73561504983854,186.73561504983854,4658.664140054763,75.61113589135748,0.26939626660712823,3.3480971846130207e-06,4.226555606135126,0.04360871045806926
HI_4861,4862.683,61.58481819713802,61.58481819713802,1536.4127728405017,56.06384978858798,0.26939626660712823,3.3480971846130207e-06,4.226555606135126,0.04360871045806926
HI_4341,4341.684,25.385496238939595,25.385496238939595,633.315187219532,53.68809486831747,0.26939626660712823,3.3480971846130207e-06,4.226555606135126,0.04360871045806926
HI_4102,4102.892,13.134783490364384,13.134783490364384,327.6854542054687,53.322845391848446,0.26939626660712823,3.3480971846130207e-06,4.226555606135126,0.04360871045806926
OIII_4363,4364.436,0.0,0.0,0.0,10000000000.0,0.26939626660712823,3.3480971846130207e-06,4.226555606135126,0.04360871045806926
OIII_5007,5008.24,176.30629643718112,176.30629643718112,4398.4743920357505,73.50818409217779,0.26939626660712823,3.3480971846130207e-06,4.226555606135126,0.04360871045806926
OIII_4959,4960.295,56.97232534283353,56.97232534283353,1421.3406959318083,55.65844513551783,0.26939626660712823,3.3480971846130207e-06,4.226555606135126,0.04360871045806926
OII_3726,3727.092,88.07475558953115,88.07475558953115,2197.281463418359,66.31850362616002,0.26939626660712823,3.3480971846130207e-06,4.226555606135126,0.04360871045806926
OII_3729,3729.875,119.74434173667305,119.74434173667305,2987.3715877617424,68.96347795723834,0.26939626660712823,3.3480971846130207e-06,4.226555606135126,0.04360871045806926
OI_6300,6302.046,6.688086460346767,6.688086460346767,166.85380852542528,53.22350581850892,0.26939626660712823,3.3480971846130207e-06,4.226555606135126,0.04360871045806926
SII_6717,6718.29,28.536463431264337,28.536463431264337,711.9252470169334,53.8189703717918,0.26939626660712823,3.3480971846130207e-06,4.226555606135126,0.04360871045806926
SII_6731,6732.67,18.645866780738174,18.645866780738174,465.17548839561016,53.458681354860026,0.26939626660712823,3.3480971846130207e-06,4.226555606135126,0.04360871045806926
NII_6548,6549.85,3.855893372113883,3.855893372113883,96.19649779045895,53.20024262739617,0.26939626660712823,3.3480971846130207e-06,4.226555606135126,0.04360871045806926
NII_6584,6585.28,22.15819481408812,22.15819481408812,552.800747523117,53.56958037971281,0.26939626660712823,3.3480971846130207e-06,4.226555606135126,0.04360871045806926
NII_5755,5756.24,0.0,0.0,0.0,10000000000.0,0.26939626660712823,3.3480971846130207e-06,4.226555606135126,0.04360871045806926
HeI_5876,5877.594,7.404439695833048,7.404439695833048,184.72532772588121,53.23134961929364,0.26939626660712823,3.3480971846130207e-06,4.226555606135126,0.04360871045806926
HeII_4686,4687.02,0.0,0.0,0.0,10000000000.0,0.26939626660712823,3.3480971846130207e-06,4.226555606135126,0.04360871045806926
NeIII_3869,3870.16,13.892496843932577,2.133194395675378,346.58882209148584,53.338761437157295,0.26939626660712823,3.3480971846130207e-06,4.226555606135126,0.04360871045806926
