line,wl,amp,amp_err,flux,flux_err,z,zerr,FWHM,FWHMerr
HI_6563,6564.61,108.19406551376733,108.19406551376733,3096.362862368882,72.33764793801292,0.2692376198456629,5.323716465574702e-06,4.848425776832091,0.06599778579471303
HI_4861,4862.683,50.514396385379314,50.514396385379314,1445.6513879937957,59.12878235530254,0.2692376198456629,5.323716465574702e-06,4.848425776832091,0.06599778579471303
HI_4341,4341.684,23.551588874531262,23.551588874531262,674.013540341539,55.833568216905164,0.2692376198456629,5.323716465574702e-06,4.848425776832091,0.06599778579471303
HI_4102,4102.892,10.823799588703423,10.823799588703423,309.7620088221961,55.08530648665703,0.2692376198456629,5.323716465574702e-06,4.848425776832091,0.06599778579471303
OIII_4363,4364.436,0.0,0.0,0.0,10000000000.0,0.2692376198456629,5.323716465574702e-06,4.848425776832091,0.06599778579471303
OIII_5007,5008.24,129.8507890003234,129.8507890003234,3716.148004982192,78.80769485286501,0.2692376198456629,5.323716465574702e-06,4.848425776832091,0.06599778579471303
OIII_4959,4960.295,39.999931847453354,39.999931847453354,1144.7421157677159,57.58192887861164,0.2692376198456629,5.323716465574702e-06,4.848425776832091,0.06599778579471303
OII_3726,3727.092,60.72219791382577,60.72219791382577,1737.784393709271,73.04339086023721,0.2692376198456629,5.323716465574702e-06,4.848425776832091,0.06599778579471303
OII_3729,3729.875,91.43538435946357,91.43538435946357,2616.7528421514194,76.34481455889964,0.2692376198456629,5.323716465574702e-06,4.848425776832091,0.06599778579471303
OI_6300,6302.046,6.5892743192162015,6.5892743192162015,188.57581693688974,54.95818809461257,0.2692376198456629,5.323716465574702e-06,4.848425776832091,0.06599778579471303
SII_6717,6718.29,16.715926589037508,16.715926589037508,478.3864443451769,55.363989952382056,0.2692376198456629,5.323716465574702e-06,4.848425776832091,0.06599778579471303
SII_6731,6732.67,10.780461275726111,10.780461275726111,308.5217269067005,55.083684564615915,0.2692376198456629,5.323716465574702e-06,4.848425776832091,0.06599778579471303
NII_6548,6549.85,0.020666301236815343,0.020666301236815343,0.5914406427777739,54.883197781852836,0.2692376198456629,5.323716465574702e-06,4.848425776832091,0.06599778579471303
NII_6584,6585.28,16.081580885334233,16.081580885334233,460.23235733935917,55.32833627411674,0.2692376198456629,5.323716465574702e-06,4.848425776832091,0.06599778579471303
NII_5755,5756.24,0.0,0.0,0.0,10000000000.0,0.2692376198456629,5.323716465574702e-06,4.848425776832091,0.06599778579471303
HeI_5876,5877.594,4.308399279194987,4.308399279194987,123.30036274178735,54.9152797269002,0.2692376198456629,5.323716465574702e-06,4.848425776832091,0.06599778579471303
HeII_4686,4687.02,0.0,0.0,0.0,10000000000.0,0.2692376198456629,5.323716465574702e-06,4.848425776832091,0.06599778579471303
NeIII_3869,3870.16,18.000790770282833,1.9216551332609852,515.15746052896,55.440358220880846,0.2692376198456629,5.323716465574702e-06,4.848425776832091,0.06599778579471303
