line,wl,amp,amp_err,flux,flux_err,z,zerr,FWHM,FWHMerr
HI_6563,6564.61,9.323305525717728,9.323305525717728,306.5316568486936,72.23907861468047,0.26934821866035047,6.075066758944113e-05,5.570032870778406,0.7404053500735984
HI_4861,4862.683,3.2869808792071353,3.2869808792071353,108.06936361294183,58.3149056572704,0.26934821866035047,6.075066758944113e-05,5.570032870778406,0.7404053500735984
HI_4341,4341.684,6.793406613205775,6.793406613205775,223.35363558007302,65.15238233404071,0.26934821866035047,6.075066758944113e-05,5.570032870778406,0.7404053500735984
HI_4102,4102.892,0.09409444981793058,0.09409444981793058,3.093637500497564,56.06128383091032,0.26934821866035047,6.075066758944113e-05,5.570032870778406,0.7404053500735984
OIII_4363,4364.436,1.1416201629973557,1.1416201629973557,37.5341898954358,56.336364468454654,0.26934821866035047,6.075066758944113e-05,5.570032870778406,0.7404053500735984
OIII_5007,5008.24,9.993001768941895,9.993001768941895,328.5499312101408,74.34550837050865,0.26934821866035047,6.075066758944113e-05,5.570032870778406,0.7404053500735984
OIII_4959,4960.295,0.0,0.0,0.0,10000000000.0,0.26934821866035047,6.075066758944113e-05,5.570032870778406,0.7404053500735984
OII_3726,3727.092,5.683778324828381,5.683778324828381,186.8712745993823,77.84415134545837,0.26934821866035047,6.075066758944113e-05,5.570032870778406,0.7404053500735984
OII_3729,3729.875,6.576489218288202,6.576489218288202,216.22182505643718,78.66979867735546,0.26934821866035047,6.075066758944113e-05,5.570032870778406,0.7404053500735984
OI_6300,6302.046,0.2749416570744643,0.2749416570744643,9.039532325448805,56.075475239493954,0.26934821866035047,6.075066758944113e-05,5.570032870778406,0.7404053500735984
SII_6717,6718.29,0.0,0.0,0.0,10000000000.0,0.26934821866035047,6.075066758944113e-05,5.570032870778406,0.7404053500735984
SII_6731,6732.67,2.670171629447964,2.670171629447964,87.78990792346163,57.55842438537551,0.26934821866035047,6.075066758944113e-05,5.570032870778406,0.7404053500735984
NII_6548,6549.85,2.564316221686795,2.564316221686795,84.30959362528493,57.442442005263686,0.26934821866035047,6.075066758944113e-05,5.570032870778406,0.7404053500735984
NII_6584,6585.28,2.5134991543723118,2.5134991543723118,82.63882998924062,57.38885539545567,0.26934821866035047,6.075066758944113e-05,5.570032870778406,0.7404053500735984
NII_5755,5756.24,0.0,0.0,0.0,10000000000.0,0.26934821866035047,6.075066758944113e-05,5.570032870778406,0.7404053500735984
HeI_5876,5877.594,0.0,0.0,0.0,10000000000.0,0.26934821866035047,6.075066758944113e-05,5.570032870778406,0.7404053500735984
HeII_4686,4687.02,0.0,0.0,0.0,10000000000.0,0.26934821866035047,6.075066758944113e-05,5.570032870778406,0.7404053500735984
NeIII_3869,3870.16,4.383142436015191,1.729827635880188,144.10896536742257,60.01265241757509,0.26934821866035047,6.075066758944113e-05,5.570032870778406,0.7404053500735984
