line,wl,amp,amp_err,flux,flux_err,z,zerr,FWHM,FWHMerr
HI_6563,6564.61,24.73881877283725,24.73881877283725,634.0856247385118,61.40215521275548,0.26924345035671277,1.940563224601612e-05,4.34231465320427,0.2376269723050396
HI_4861,4862.683,14.50812275553119,14.50812275553119,371.86060360023214,52.752180095531905,0.26924345035671277,1.940563224601612e-05,4.34231465320427,0.2376269723050396
HI_4341,4341.684,8.570541604562777,8.570541604562777,219.67327048143164,49.45523701673436,0.26924345035671277,1.940563224601612e-05,4.34231465320427,0.2376269723050396
HI_4102,4102.892,4.839765565204289,4.839765565204289,124.04900169970969,48.19529211358883,0.26924345035671277,1.940563224601612e-05,4.34231465320427,0.2376269723050396
OIII_4363,4364.436,0.0,0.0,0.0,10000000000.0,0.26924345035671277,1.940563224601612e-05,4.34231465320427,0.2376269723050396
OIII_5007,5008.24,31.015186985629043,31.015186985629043,794.9564769744608,68.04921607919285,0.26924345035671277,1.940563224601612e-05,4.34231465320427,0.2376269723050396
OIII_4959,4960.295,6.509736282853396,6.509736282853396,166.8523560360215,48.67642999742472,0.26924345035671277,1.940563224601612e-05,4.34231465320427,0.2376269723050396
OII_3726,3727.092,15.015715118518415,15.015715118518415,384.8708052413325,61.288513749312166,0.26924345035671277,1.940563224601612e-05,4.34231465320427,0.2376269723050396
OII_3729,3729.875,22.632853987180397,22.632853987180397,580.1072190170255,64.75516698691246,0.26924345035671277,1.940563224601612e-05,4.34231465320427,0.2376269723050396
OI_6300,6302.046,2.548617480875123,2.548617480875123,65.3241257159205,47.761480705759816,0.26924345035671277,1.940563224601612e-05,4.34231465320427,0.2376269723050396
SII_6717,6718.29,2.0651631325259814,2.0651631325259814,52.93261036830401,47.70402316222428,0.26924345035671277,1.940563224601612e-05,4.34231465320427,0.2376269723050396
SII_6731,6732.67,1.8900003212452248,1.8900003212452248,48.44297722770058,47.68616580658117,0.26924345035671277,1.940563224601612e-05,4.34231465320427,0.2376269723050396
NII_6548,6549.85,3.068440805728528,3.068440805728528,78.6478215932366,47.83659370331254,0.26924345035671277,1.940563224601612e-05,4.34231465320427,0.2376269723050396
NII_6584,6585.28,0.584676963421316,0.584676963421316,14.985972492279277,47.60279691748481,0.26924345035671277,1.940563224601612e-05,4.34231465320427,0.2376269723050396
NII_5755,5756.24,0.11988533005717272,0.11988533005717272,3.0728049347995103,47.59434545281823,0.26924345035671277,1.940563224601612e-05,4.34231465320427,0.2376269723050396
HeI_5876,5877.594,2.380904398798748,2.380904398798748,61.025438078417615,47.74019180470659,0.26924345035671277,1.940563224601612e-05,4.34231465320427,0.2376269723050396
HeII_4686,4687.02,0.0,0.0,0.0,10000000000.0,0.26924345035671277,1.940563224601612e-05,4.34231465320427,0.2376269723050396
NeIII_3869,3870.16,0.9401901203145826,1.8570541481015592,24.098201506177897,47.61679190603712,0.26924345035671277,1.940563224601612e-05,4.34231465320427,0.2376269723050396
