line,wl,amp,amp_err,flux,flux_err,z,zerr,FWHM,FWHMerr
HI_6563,6564.61,149.22377002736766,149.22377002736766,4739.677467920196,97.05789923173948,0.2693538006734053,5.441429313990916e-06,5.381001623732667,0.06968738990499737
HI_4861,4862.683,58.75086356826114,58.75086356826114,1866.0575605633824,73.76008737221805,0.2693538006734053,5.441429313990916e-06,5.381001623732667,0.06968738990499737
HI_4341,4341.684,25.93877705003547,25.93877705003547,823.8730137089497,69.6622097760567,0.2693538006734053,5.441429313990916e-06,5.381001623732667,0.06968738990499737
HI_4102,4102.892,9.677568933809539,9.677568933809539,307.38102523082785,68.77741562492808,0.2693538006734053,5.441429313990916e-06,5.381001623732667,0.06968738990499737
OIII_4363,4364.436,0.0,0.0,0.0,10000000000.0,0.2693538006734053,5.441429313990916e-06,5.381001623732667,0.06968738990499737
OIII_5007,5008.24,136.6767643960825,136.6767643960825,4341.156777352175,93.06700565013507,0.2693538006734053,5.441429313990916e-06,5.381001623732667,0.06968738990499737
OIII_4959,4960.295,38.722477821646635,38.722477821646635,1229.9116662153642,70.90592338871609,0.2693538006734053,5.441429313990916e-06,5.381001623732667,0.06968738990499737
OII_3726,3727.092,63.420014850777534,63.420014850777534,2014.3601475037533,93.4646508598896,0.2693538006734053,5.441429313990916e-06,5.381001623732667,0.06968738990499737
OII_3729,3729.875,103.36208279029711,103.36208279029711,3283.008697264684,97.30392283233964,0.2693538006734053,5.441429313990916e-06,5.381001623732667,0.06968738990499737
OI_6300,6302.046,10.811798044440934,10.811798044440934,343.40665411108495,68.81306568560042,0.2693538006734053,5.441429313990916e-06,5.381001623732667,0.06968738990499737
SII_6717,6718.29,22.50985949446931,22.50985949446931,714.9629970641997,69.40953565847393,0.2693538006734053,5.441429313990916e-06,5.381001623732667,0.06968738990499737
SII_6731,6732.67,17.177726560376186,17.177726560376186,545.6026443600604,69.08635496697487,0.2693538006734053,5.441429313990916e-06,5.381001623732667,0.06968738990499737
NII_6548,6549.85,1.8457877372020448,1.8457877372020448,58.62630696822277,68.63845660869994,0.2693538006734053,5.441429313990916e-06,5.381001623732667,0.06968738990499737
NII_6584,6585.28,18.704401723419323,18.704401723419323,594.0932291360774,69.17016834016708,0.2693538006734053,5.441429313990916e-06,5.381001623732667,0.06968738990499737
NII_5755,5756.24,0.0,0.0,0.0,10000000000.0,0.2693538006734053,5.441429313990916e-06,5.381001623732667,0.06968738990499737
HeI_5876,5877.594,3.622390109240314,3.622390109240314,115.05513349270363,68.65342981178148,0.2693538006734053,5.441429313990916e-06,5.381001623732667,0.06968738990499737
HeII_4686,4687.02,2.1600499167107046e-12,2.1600499167107046e-12,6.860796988267341e-11,68.63320300293397,0.2693538006734053,5.441429313990916e-06,5.381001623732667,0.06968738990499737
NeIII_3869,3870.16,16.331697607617684,2.1634300879404695,518.7308908595143,69.04293523670614,0.2693538006734053,5.441429313990916e-06,5.381001623732667,0.06968738990499737
