line,wl,amp,amp_err,flux,flux_err,z,zerr,FWHM,FWHMerr
HI_6563,6564.61,10.28767247542146,10.28767247542146,468.65050674422963,82.94027083979637,0.26940065788861994,6.525261786949312e-05,7.717636214562225,0.7646647487488976
HI_4861,4862.683,2.4032004219451437,2.4032004219451437,109.47676437438274,65.81023165726067,0.26940065788861994,6.525261786949312e-05,7.717636214562225,0.7646647487488976
HI_4341,4341.684,3.475800731665686,3.475800731665686,158.3386113942507,67.01962413477045,0.26940065788861994,6.525261786949312e-05,7.717636214562225,0.7646647487488976
HI_4102,4102.892,0.0,0.0,0.0,10000000000.0,0.26940065788861994,6.525261786949312e-05,7.717636214562225,0.7646647487488976
OIII_4363,4364.436,0.49090558062664513,0.49090558062664513,22.362993152620017,64.73047705609375,0.26940065788861994,6.525261786949312e-05,7.717636214562225,0.7646647487488976
OIII_5007,5008.24,9.328287805605896,9.328287805605896,424.946149636643,80.0017898129273,0.26940065788861994,6.525261786949312e-05,7.717636214562225,0.7646647487488976
OIII_4959,4960.295,9.570106463911543,9.570106463911543,435.9620948881959,80.72800667012065,0.26940065788861994,6.525261786949312e-05,7.717636214562225,0.7646647487488976
OII_3726,3727.092,7.463258777377973,7.463258777377973,339.98555225565894,110.35657222583606,0.26940065788861994,6.525261786949312e-05,7.717636214562225,0.7646647487488976
OII_3729,3729.875,5.8994986853900855,5.8994986853900855,268.74913203646804,109.44109320042327,0.26940065788861994,6.525261786949312e-05,7.717636214562225,0.7646647487488976
OI_6300,6302.046,1.6810652822397287,1.6810652822397287,76.58020784332024,65.23715720043717,0.26940065788861994,6.525261786949312e-05,7.717636214562225,0.7646647487488976
SII_6717,6718.29,1.6437823603076822,1.6437823603076822,74.88180032713001,65.21314164381904,0.26940065788861994,6.525261786949312e-05,7.717636214562225,0.7646647487488976
SII_6731,6732.67,0.34911282493897033,0.34911282493897033,15.903684988946463,64.70735048877643,0.26940065788861994,6.525261786949312e-05,7.717636214562225,0.7646647487488976
NII_6548,6549.85,0.0,0.0,0.0,10000000000.0,0.26940065788861994,6.525261786949312e-05,7.717636214562225,0.7646647487488976
NII_6584,6585.28,2.7800494578698363,2.7800494578698363,126.64396055739948,66.18723167941467,0.26940065788861994,6.525261786949312e-05,7.717636214562225,0.7646647487488976
NII_5755,5756.24,0.0,0.0,0.0,10000000000.0,0.26940065788861994,6.525261786949312e-05,7.717636214562225,0.7646647487488976
HeI_5876,5877.594,0.0,0.0,0.0,10000000000.0,0.26940065788861994,6.525261786949312e-05,7.717636214562225,0.7646647487488976
HeII_4686,4687.02,0.0,0.0,0.0,10000000000.0,0.26940065788861994,6.525261786949312e-05,7.717636214562225,0.7646647487488976
NeIII_3869,3870.16,1.9166129471238946,1.4230792086281363,87.31048067948593,65.40240139911678,0.26940065788861994,6.525261786949312e-05,7.717636214562225,0.7646647487488976
