line,wl,amp,amp_err,flux,flux_err,z,zerr,FWHM,FWHMerr
HI_6563,6564.61,127.49698469006262,127.49698469006262,2495.5007689685067,71.41274316578298,0.26986190599279286,4.643832489779959e-06,3.3159665125341835,0.05982856807201973
HI_4861,4862.683,34.38122439481117,34.38122439481117,672.9443219688736,52.44203089042798,0.26986190599279286,4.643832489779959e-06,3.3159665125341835,0.05982856807201973
HI_4341,4341.684,17.86905184893567,17.86905184893567,349.75127245681983,51.14382880522991,0.26986190599279286,4.643832489779959e-06,3.3159665125341835,0.05982856807201973
HI_4102,4102.892,4.10421257890448,4.10421257890448,80.33182644722291,50.68082936966704,0.26986190599279286,4.643832489779959e-06,3.3159665125341835,0.05982856807201973
OIII_4363,4364.436,0.0,0.0,0.0,10000000000.0,0.26986190599279286,4.643832489779959e-06,3.3159665125341835,0.05982856807201973
OIII_5007,5008.24,125.87887180455482,125.87887180455482,2463.829416427278,70.96377068606859,0.26986190599279286,4.643832489779959e-06,3.3159665125341835,0.05982856807201973
OIII_4959,4960.295,39.20649629900163,39.20649629900163,767.3894555276122,52.96741149725909,0.26986190599279286,4.643832489779959e-06,3.3159665125341835,0.05982856807201973
OII_3726,3727.092,52.14108264421702,52.14108264421702,1020.558346142877,57.460796899215694,0.26986190599279286,4.643832489779959e-06,3.3159665125341835,0.05982856807201973
OII_3729,3729.875,67.00690849330726,67.00690849330726,1311.5274222189803,59.40385982029882,0.26986190599279286,4.643832489779959e-06,3.3159665125341835,0.05982856807201973
OI_6300,6302.046,3.6989650222196815,3.6989650222196815,72.39990874902855,50.67604801391057,0.26986190599279286,4.643832489779959e-06,3.3159665125341835,0.05982856807201973
SII_6717,6718.29,12.106509523961108,12.106509523961108,236.96092813498723,50.8798696278531,0.26986190599279286,4.643832489779959e-06,3.3159665125341835,0.05982856807201973
SII_6731,6732.67,15.781137753175244,15.781137753175244,308.8844923978524,51.03666200860633,0.26986190599279286,4.643832489779959e-06,3.3159665125341835,0.05982856807201973
NII_6548,6549.85,1.0092762318987525,1.0092762318987525,19.754581796013895,50.6563300981802,0.26986190599279286,4.643832489779959e-06,3.3159665125341835,0.05982856807201973
NII_6584,6585.28,8.627516150702604,8.627516150702604,168.8665284179434,50.769159525017784,0.26986190599279286,4.643832489779959e-06,3.3159665125341835,0.05982856807201973
NII_5755,5756.24,0.9780238614641803,0.9780238614641803,19.14287858874862,50.6563175884213,0.26986190599279286,4.643832489779959e-06,3.3159665125341835,0.05982856807201973
HeI_5876,5877.594,3.164479456305685,3.164479456305685,61.938413177322644,50.67020164472328,0.26986190599279286,4.643832489779959e-06,3.3159665125341835,0.05982856807201973
HeII_4686,4687.02,0.0,0.0,0.0,10000000000.0,0.26986190599279286,4.643832489779959e-06,3.3159665125341835,0.05982856807201973
NeIII_3869,3870.16,2.5912597800230515,2.5881000638258738,50.718774168379994,50.66519374495407,0.26986190599279286,4.643832489779959e-06,3.3159665125341835,0.05982856807201973
