line,wl,amp,amp_err,flux,flux_err,z,zerr,FWHM,FWHMerr
HI_6563,6564.61,33.153428230471036,33.153428230471036,1034.4155590722519,81.83092775347265,0.26914535235635073,2.0471233995361015e-05,5.285900000731907,0.24700023071789237
HI_4861,4862.683,13.290587271788922,13.290587271788922,414.67778739425904,65.15527478700709,0.26914535235635073,2.0471233995361015e-05,5.285900000731907,0.24700023071789237
HI_4341,4341.684,4.983280888395711,4.983280888395711,155.48266231623674,61.98279035467419,0.26914535235635073,2.0471233995361015e-05,5.285900000731907,0.24700023071789237
HI_4102,4102.892,3.8950106664012765,3.8950106664012765,121.52769264370633,61.7753627409053,0.26914535235635073,2.0471233995361015e-05,5.285900000731907,0.24700023071789237
OIII_4363,4364.436,2.059785677370769,2.059785677370769,64.26708991344118,61.53989613925068,0.26914535235635073,2.0471233995361015e-05,5.285900000731907,0.24700023071789237
OIII_5007,5008.24,35.45417751313289,35.45417751313289,1106.2009213269575,84.35443462595931,0.26914535235635073,2.0471233995361015e-05,5.285900000731907,0.24700023071789237
OIII_4959,4960.295,9.432657904442976,9.432657904442976,294.30706326755785,63.34260955933003,0.26914535235635073,2.0471233995361015e-05,5.285900000731907,0.24700023071789237
OII_3726,3727.092,13.608268851264597,13.608268851264597,424.589726707318,87.0721813775307,0.26914535235635073,2.0471233995361015e-05,5.285900000731907,0.24700023071789237
OII_3729,3729.875,37.02412419543475,37.02412419543475,1155.1846120571463,95.42357815416422,0.26914535235635073,2.0471233995361015e-05,5.285900000731907,0.24700023071789237
OI_6300,6302.046,1.5720178707545074,1.5720178707545074,49.04831359652701,61.50164863520584,0.26914535235635073,2.0471233995361015e-05,5.285900000731907,0.24700023071789237
SII_6717,6718.29,0.0,0.0,0.0,10000000000.0,0.26914535235635073,2.0471233995361015e-05,5.285900000731907,0.24700023071789237
SII_6731,6732.67,5.730222092766667,5.730222092766667,178.78787220712064,62.154077686474935,0.26914535235635073,2.0471233995361015e-05,5.285900000731907,0.24700023071789237
NII_6548,6549.85,0.0,0.0,0.0,10000000000.0,0.26914535235635073,2.0471233995361015e-05,5.285900000731907,0.24700023071789237
NII_6584,6585.28,2.9668511302508023,2.9668511302508023,92.56831448163402,61.638245494310155,0.26914535235635073,2.0471233995361015e-05,5.285900000731907,0.24700023071789237
NII_5755,5756.24,0.9854672602290293,0.9854672602290293,30.747428587198286,61.46923220341295,0.26914535235635073,2.0471233995361015e-05,5.285900000731907,0.24700023071789237
HeI_5876,5877.594,2.8156258707115285,2.8156258707115285,87.84995593648692,61.61939515593121,0.26914535235635073,2.0471233995361015e-05,5.285900000731907,0.24700023071789237
HeII_4686,4687.02,0.0,0.0,0.0,10000000000.0,0.26914535235635073,2.0471233995361015e-05,5.285900000731907,0.24700023071789237
NeIII_3869,3870.16,2.9952373688439593,1.9706831908847235,93.45398961182498,61.64189445867699,0.26914535235635073,2.0471233995361015e-05,5.285900000731907,0.24700023071789237
