line,wl,amp,amp_err,flux,flux_err,z,zerr,FWHM,FWHMerr
HI_6563,6564.61,0.20829314973673263,0.20829314973673263,2.1916704367974087,35.23622145319951,0.2702288890638615,2.0732312409192185e-05,1.7825946716726322,0.2654300515773275
HI_4861,4862.683,0.6856978988438414,0.6856978988438414,7.214945932545583,37.197149854664765,0.2702288890638615,2.0732312409192185e-05,1.7825946716726322,0.2654300515773275
HI_4341,4341.684,7.814113556623283,7.814113556623283,82.22047481386244,37.62001553267937,0.2702288890638615,2.0732312409192185e-05,1.7825946716726322,0.2654300515773275
HI_4102,4102.892,0.0,0.0,0.0,10000000000.0,0.2702288890638615,2.0732312409192185e-05,1.7825946716726322,0.2654300515773275
OIII_4363,4364.436,0.0,0.0,0.0,10000000000.0,0.2702288890638615,2.0732312409192185e-05,1.7825946716726322,0.2654300515773275
OIII_5007,5008.24,1.1767328538247739,1.1767328538247739,12.381639103329537,37.127602647643734,0.2702288890638615,2.0732312409192185e-05,1.7825946716726322,0.2654300515773275
OIII_4959,4960.295,29.008197276929423,29.008197276929423,305.22563260956616,64.19152959730084,0.2702288890638615,2.0732312409192185e-05,1.7825946716726322,0.2654300515773275
OII_3726,3727.092,12.509099333968493,12.509099333968493,131.62133865598798,44.1650903118723,0.2702288890638615,2.0732312409192185e-05,1.7825946716726322,0.2654300515773275
OII_3729,3729.875,0.0,0.0,0.0,10000000000.0,0.2702288890638615,2.0732312409192185e-05,1.7825946716726322,0.2654300515773275
OI_6300,6302.046,3.953889612932471,3.953889612932471,41.60301472216999,36.30816150566454,0.2702288890638615,2.0732312409192185e-05,1.7825946716726322,0.2654300515773275
SII_6717,6718.29,3.2721743182585215,3.2721743182585215,34.42997394028178,36.0147379397306,0.2702288890638615,2.0732312409192185e-05,1.7825946716726322,0.2654300515773275
SII_6731,6732.67,0.0,0.0,0.0,10000000000.0,0.2702288890638615,2.0732312409192185e-05,1.7825946716726322,0.2654300515773275
NII_6548,6549.85,0.0,0.0,0.0,10000000000.0,0.2702288890638615,2.0732312409192185e-05,1.7825946716726322,0.2654300515773275
NII_6584,6585.28,0.0,0.0,0.0,10000000000.0,0.2702288890638615,2.0732312409192185e-05,1.7825946716726322,0.2654300515773275
NII_5755,5756.24,0.0,0.0,0.0,10000000000.0,0.2702288890638615,2.0732312409192185e-05,1.7825946716726322,0.2654300515773275
HeI_5876,5877.594,0.0,0.0,0.0,10000000000.0,0.2702288890638615,2.0732312409192185e-05,1.7825946716726322,0.2654300515773275
HeII_4686,4687.02,0.0,0.0,0.0,10000000000.0,0.2702288890638615,2.0732312409192185e-05,1.7825946716726322,0.2654300515773275
NeIII_3869,3870.16,2.457633022414484,3.359302448160883,25.859331651236758,35.555846747793794,0.2702288890638615,2.0732312409192185e-05,1.7825946716726322,0.2654300515773275
