line,wl,amp,amp_err,flux,flux_err,z,zerr,FWHM,FWHMerr
HI_6563,6564.61,91.00220990686785,91.00220990686785,2580.7128310103594,84.95290115011474,0.269232160056487,7.567325978272605e-06,4.804410240487669,0.0957578024541817
HI_4861,4862.683,41.08903128402676,41.08903128402676,1165.2353317243044,67.70589365535542,0.269232160056487,7.567325978272605e-06,4.804410240487669,0.0957578024541817
HI_4341,4341.684,20.994256818652957,20.994256818652957,595.3717827827771,63.920965475333944,0.269232160056487,7.567325978272605e-06,4.804410240487669,0.0957578024541817
HI_4102,4102.892,11.178221898408424,11.178221898408424,317.00088064483896,62.9267458023461,0.269232160056487,7.567325978272605e-06,4.804410240487669,0.0957578024541817
OIII_4363,4364.436,5.26747453280268,5.26747453280268,149.37921977648875,62.61753382617006,0.269232160056487,7.567325978272605e-06,4.804410240487669,0.0957578024541817
OIII_5007,5008.24,98.40349748130416,98.40349748130416,2790.604413081751,88.18615747603863,0.269232160056487,7.567325978272605e-06,4.804410240487669,0.0957578024541817
OIII_4959,4960.295,29.828249879903296,29.828249879903296,845.8931631487796,65.3083539796526,0.269232160056487,7.567325978272605e-06,4.804410240487669,0.0957578024541817
OII_3726,3727.092,50.37762875121416,50.37762875121416,1428.6487443237686,82.2361601037269,0.269232160056487,7.567325978272605e-06,4.804410240487669,0.0957578024541817
OII_3729,3729.875,62.51388180773665,62.51388180773665,1772.8182322451007,84.11664282735012,0.269232160056487,7.567325978272605e-06,4.804410240487669,0.0957578024541817
OI_6300,6302.046,3.89624529311709,3.89624529311709,110.49281364706887,62.57744732486935,0.269232160056487,7.567325978272605e-06,4.804410240487669,0.0957578024541817
SII_6717,6718.29,13.246060892103742,13.246060892103742,375.64229857254054,63.08679309526531,0.269232160056487,7.567325978272605e-06,4.804410240487669,0.0957578024541817
SII_6731,6732.67,4.547280476472565,4.547280476472565,128.95538563124504,62.59499423853429,0.269232160056487,7.567325978272605e-06,4.804410240487669,0.0957578024541817
NII_6548,6549.85,3.539942166873402,3.539942166873402,100.38848705360233,62.56899438357745,0.269232160056487,7.567325978272605e-06,4.804410240487669,0.0957578024541817
NII_6584,6585.28,14.133945264966655,14.133945264966655,400.82162768823906,63.16369102991275,0.269232160056487,7.567325978272605e-06,4.804410240487669,0.0957578024541817
NII_5755,5756.24,1.220459743241463,1.220459743241463,34.61076519282584,62.53373983795365,0.269232160056487,7.567325978272605e-06,4.804410240487669,0.0957578024541817
HeI_5876,5877.594,3.444781262615038,3.444781262615038,97.68983867043185,62.566872475110344,0.269232160056487,7.567325978272605e-06,4.804410240487669,0.0957578024541817
HeII_4686,4687.02,0.0,0.0,0.0,10000000000.0,0.269232160056487,7.567325978272605e-06,4.804410240487669,0.0957578024541817
NeIII_3869,3870.16,13.753240448678298,2.209180043319,390.0252986185572,63.13012354314586,0.269232160056487,7.567325978272605e-06,4.804410240487669,0.0957578024541817
