line,wl,amp,amp_err,flux,flux_err,z,zerr,FWHM,FWHMerr
HI_6563,6564.61,3.163094425678537,3.163094425678537,54.95505164102661,42.20654532929143,0.27032089669303594,3.566147511575856e-05,2.9433899678363806,0.4289739393670184
HI_4861,4862.683,1.3001997918655661,1.3001997918655661,22.589444730312298,41.40544353948008,0.27032089669303594,3.566147511575856e-05,2.9433899678363806,0.4289739393670184
HI_4341,4341.684,0.8073260827680997,0.8073260827680997,14.026342751418571,41.307996664266675,0.27032089669303594,3.566147511575856e-05,2.9433899678363806,0.4289739393670184
HI_4102,4102.892,0.0,0.0,0.0,10000000000.0,0.27032089669303594,3.566147511575856e-05,2.9433899678363806,0.4289739393670184
OIII_4363,4364.436,0.6243848195792907,0.6243848195792907,10.847953107341164,41.282990065278774,0.27032089669303594,3.566147511575856e-05,2.9433899678363806,0.4289739393670184
OIII_5007,5008.24,9.028331933243976,9.028331933243976,156.85666655914616,48.51731306370241,0.27032089669303594,3.566147511575856e-05,2.9433899678363806,0.4289739393670184
OIII_4959,4960.295,19.702843156195968,19.702843156195968,342.3137653854657,69.34431066722475,0.27032089669303594,3.566147511575856e-05,2.9433899678363806,0.4289739393670184
OII_3726,3727.092,0.4712862429910274,0.4712862429910274,8.188045102612271,41.649392376629216,0.27032089669303594,3.566147511575856e-05,2.9433899678363806,0.4289739393670184
OII_3729,3729.875,0.12702434086952508,0.12702434086952508,2.2068987746562936,41.63385600817094,0.27032089669303594,3.566147511575856e-05,2.9433899678363806,0.4289739393670184
OI_6300,6302.046,0.0,0.0,0.0,10000000000.0,0.27032089669303594,3.566147511575856e-05,2.9433899678363806,0.4289739393670184
SII_6717,6718.29,0.24526311284819258,0.24526311284819258,4.261158605570241,41.25018848476599,0.27032089669303594,3.566147511575856e-05,2.9433899678363806,0.4289739393670184
SII_6731,6732.67,4.0757383771945115,4.0757383771945115,70.81116870103881,42.82637651594616,0.27032089669303594,3.566147511575856e-05,2.9433899678363806,0.4289739393670184
NII_6548,6549.85,4.397095681128917,4.397095681128917,76.3943745293466,43.08336990182581,0.27032089669303594,3.566147511575856e-05,2.9433899678363806,0.4289739393670184
NII_6584,6585.28,0.5231747801872189,0.5231747801872189,9.089547510521681,41.27169315574783,0.27032089669303594,3.566147511575856e-05,2.9433899678363806,0.4289739393670184
NII_5755,5756.24,2.0010175976930213,2.0010175976930213,34.7653312285274,41.627743232597645,0.27032089669303594,3.566147511575856e-05,2.9433899678363806,0.4289739393670184
HeI_5876,5877.594,0.0,0.0,0.0,10000000000.0,0.27032089669303594,3.566147511575856e-05,2.9433899678363806,0.4289739393670184
HeII_4686,4687.02,0.0,0.0,0.0,10000000000.0,0.27032089669303594,3.566147511575856e-05,2.9433899678363806,0.4289739393670184
NeIII_3869,3870.16,0.0,10000000000.0,0.0,10000000000.0,0.27032089669303594,3.566147511575856e-05,2.9433899678363806,0.4289739393670184
