line,wl,amp,amp_err,flux,flux_err,z,zerr,FWHM,FWHMerr
HI_6563,6564.61,0.0,0.0,0.0,10000000000.0,0.27027227876467563,2.8170997150970694e-05,2.6472165126843,0.33017140540180556
HI_4861,4862.683,0.0,0.0,0.0,10000000000.0,0.27027227876467563,2.8170997150970694e-05,2.6472165126843,0.33017140540180556
HI_4341,4341.684,0.0,0.0,0.0,10000000000.0,0.27027227876467563,2.8170997150970694e-05,2.6472165126843,0.33017140540180556
HI_4102,4102.892,0.0,0.0,0.0,10000000000.0,0.27027227876467563,2.8170997150970694e-05,2.6472165126843,0.33017140540180556
OIII_4363,4364.436,1.9301944907342659,1.9301944907342659,30.160476117151006,37.601872850321776,0.27027227876467563,2.8170997150970694e-05,2.6472165126843,0.33017140540180556
OIII_5007,5008.24,0.0,0.0,0.0,10000000000.0,0.27027227876467563,2.8170997150970694e-05,2.6472165126843,0.33017140540180556
OIII_4959,4960.295,23.219763322946278,23.219763322946278,362.82308363713724,62.82684545215385,0.27027227876467563,2.8170997150970694e-05,2.6472165126843,0.33017140540180556
OII_3726,3727.092,0.0,0.0,0.0,10000000000.0,0.27027227876467563,2.8170997150970694e-05,2.6472165126843,0.33017140540180556
OII_3729,3729.875,0.0,0.0,0.0,10000000000.0,0.27027227876467563,2.8170997150970694e-05,2.6472165126843,0.33017140540180556
OI_6300,6302.046,0.0,0.0,0.0,10000000000.0,0.27027227876467563,2.8170997150970694e-05,2.6472165126843,0.33017140540180556
SII_6717,6718.29,1.7837060253751815,1.7837060253751815,27.871503745656955,37.56920606133796,0.27027227876467563,2.8170997150970694e-05,2.6472165126843,0.33017140540180556
SII_6731,6732.67,5.197252722577787,5.197252722577787,81.21027045024641,39.01692549365794,0.27027227876467563,2.8170997150970694e-05,2.6472165126843,0.33017140540180556
NII_6548,6549.85,6.024708698098038,6.024708698098038,94.13977900882631,39.59135883765848,0.27027227876467563,2.8170997150970694e-05,2.6472165126843,0.33017140540180556
NII_6584,6585.28,0.0,0.0,0.0,10000000000.0,0.27027227876467563,2.8170997150970694e-05,2.6472165126843,0.33017140540180556
NII_5755,5756.24,0.9991365937402179,0.9991365937402179,15.61212381339354,37.42250337306156,0.27027227876467563,2.8170997150970694e-05,2.6472165126843,0.33017140540180556
HeI_5876,5877.594,2.010181035687083,2.010181035687083,31.410315079143455,37.600223556151306,0.27027227876467563,2.8170997150970694e-05,2.6472165126843,0.33017140540180556
HeII_4686,4687.02,0.0,0.0,0.0,10000000000.0,0.27027227876467563,2.8170997150970694e-05,2.6472165126843,0.33017140540180556
NeIII_3869,3870.16,0.9539407523236605,2.39074997269881,14.905910992777688,37.40317126639613,0.27027227876467563,2.8170997150970694e-05,2.6472165126843,0.33017140540180556
