line,wl,amp,amp_err,flux,flux_err,z,zerr,FWHM,FWHMerr
HI_6563,6564.61,13.307415539253839,13.307415539253839,452.08982482991354,80.27442554846898,0.26925158984994424,5.119282504717312e-05,5.755503944072626,0.590333086724722
HI_4861,4862.683,4.108562515820381,4.108562515820381,139.57926710870063,63.34874853386744,0.26925158984994424,5.119282504717312e-05,5.755503944072626,0.590333086724722
HI_4341,4341.684,4.078214477127176,4.078214477127176,138.54826003927596,63.31884923194924,0.26925158984994424,5.119282504717312e-05,5.755503944072626,0.590333086724722
HI_4102,4102.892,1.3601129781112604,1.3601129781112604,46.20681124816589,61.52223450535909,0.26925158984994424,5.119282504717312e-05,5.755503944072626,0.590333086724722
OIII_4363,4364.436,0.0,0.0,0.0,10000000000.0,0.26925158984994424,5.119282504717312e-05,5.755503944072626,0.590333086724722
OIII_5007,5008.24,14.268274115071563,14.268274115071563,484.7328563747234,82.74051892429006,0.26925158984994424,5.119282504717312e-05,5.755503944072626,0.590333086724722
OIII_4959,4960.295,4.217361126263199,4.217361126263199,143.27545774705126,63.45714632022044,0.26925158984994424,5.119282504717312e-05,5.755503944072626,0.590333086724722
OII_3726,3727.092,11.480687184964268,11.480687184964268,390.03079471497097,97.55692768659867,0.26925158984994424,5.119282504717312e-05,5.755503944072626,0.590333086724722
OII_3729,3729.875,12.805874391097632,12.805874391097632,435.0510805939575,98.53243895085812,0.26925158984994424,5.119282504717312e-05,5.755503944072626,0.590333086724722
OI_6300,6302.046,0.0,0.0,0.0,10000000000.0,0.26925158984994424,5.119282504717312e-05,5.755503944072626,0.590333086724722
SII_6717,6718.29,1.8416155960131846,1.8416155960131846,62.56479101819052,61.71216916310841,0.26925158984994424,5.119282504717312e-05,5.755503944072626,0.590333086724722
SII_6731,6732.67,0.0,0.0,0.0,10000000000.0,0.26925158984994424,5.119282504717312e-05,5.755503944072626,0.590333086724722
NII_6548,6549.85,1.3510459476041206,1.3510459476041206,45.898779067040344,61.51926000120514,0.26925158984994424,5.119282504717312e-05,5.755503944072626,0.590333086724722
NII_6584,6585.28,0.5894367010041606,0.5894367010041606,20.024800016144592,61.336719679367484,0.26925158984994424,5.119282504717312e-05,5.755503944072626,0.590333086724722
NII_5755,5756.24,0.0,0.0,0.0,10000000000.0,0.26925158984994424,5.119282504717312e-05,5.755503944072626,0.590333086724722
HeI_5876,5877.594,0.0,0.0,0.0,10000000000.0,0.26925158984994424,5.119282504717312e-05,5.755503944072626,0.590333086724722
HeII_4686,4687.02,0.0,0.0,0.0,10000000000.0,0.26925158984994424,5.119282504717312e-05,5.755503944072626,0.590333086724722
NeIII_3869,3870.16,0.0,10000000000.0,0.0,10000000000.0,0.26925158984994424,5.119282504717312e-05,5.755503944072626,0.590333086724722
