line,wl,amp,amp_err,flux,flux_err,z,zerr,FWHM,FWHMerr
HI_6563,6564.61,14.332987392574182,14.332987392574182,473.42565468064373,85.42359020856412,0.2697000439211376,4.9844404591530755e-05,5.595867354653724,0.6378917290146006
HI_4861,4862.683,5.497619704211729,5.497619704211729,181.5890948875105,64.73976610884942,0.2697000439211376,4.9844404591530755e-05,5.595867354653724,0.6378917290146006
HI_4341,4341.684,0.0,0.0,0.0,10000000000.0,0.2697000439211376,4.9844404591530755e-05,5.595867354653724,0.6378917290146006
HI_4102,4102.892,2.101325356843631,2.101325356843631,69.40781468043035,61.104207557356695,0.2697000439211376,4.9844404591530755e-05,5.595867354653724,0.6378917290146006
OIII_4363,4364.436,1.8351621791148318,1.8351621791148318,60.61631342414505,60.95206269603247,0.2697000439211376,4.9844404591530755e-05,5.595867354653724,0.6378917290146006
OIII_5007,5008.24,13.036384637279298,13.036384637279298,430.5982250964779,81.65822848363389,0.2697000439211376,4.9844404591530755e-05,5.595867354653724,0.6378917290146006
OIII_4959,4960.295,4.533663038356281,4.533663038356281,149.74912997881157,63.40150999542792,0.2697000439211376,4.9844404591530755e-05,5.595867354653724,0.6378917290146006
OII_3726,3727.092,8.815127553307775,8.815127553307775,291.16801813279176,85.13870463229125,0.2697000439211376,4.9844404591530755e-05,5.595867354653724,0.6378917290146006
OII_3729,3729.875,6.245228016382384,6.245228016382384,206.28296678873437,83.05800075950674,0.2697000439211376,4.9844404591530755e-05,5.595867354653724,0.6378917290146006
OI_6300,6302.046,1.9525207380474967,1.9525207380474967,64.49272460579859,61.01663784913313,0.2697000439211376,4.9844404591530755e-05,5.595867354653724,0.6378917290146006
SII_6717,6718.29,1.4783986840708394,1.4783986840708394,48.832238926538004,60.7799430551845,0.2697000439211376,4.9844404591530755e-05,5.595867354653724,0.6378917290146006
SII_6731,6732.67,0.0,0.0,0.0,10000000000.0,0.2697000439211376,4.9844404591530755e-05,5.595867354653724,0.6378917290146006
NII_6548,6549.85,0.0,0.0,0.0,10000000000.0,0.2697000439211376,4.9844404591530755e-05,5.595867354653724,0.6378917290146006
NII_6584,6585.28,0.7022590219625044,0.7022590219625044,23.19596244117512,60.53262966702233,0.2697000439211376,4.9844404591530755e-05,5.595867354653724,0.6378917290146006
NII_5755,5756.24,0.0,0.0,0.0,10000000000.0,0.2697000439211376,4.9844404591530755e-05,5.595867354653724,0.6378917290146006
HeI_5876,5877.594,0.0,0.0,0.0,10000000000.0,0.2697000439211376,4.9844404591530755e-05,5.595867354653724,0.6378917290146006
HeII_4686,4687.02,0.0,0.0,0.0,10000000000.0,0.2697000439211376,4.9844404591530755e-05,5.595867354653724,0.6378917290146006
NeIII_3869,3870.16,1.8932963250568946,1.8336266395073197,62.5365129853461,60.983687898749956,0.2697000439211376,4.9844404591530755e-05,5.595867354653724,0.6378917290146006
