line,wl,amp,amp_err,flux,flux_err,z,zerr,FWHM,FWHMerr
HI_6563,6564.61,0.0,0.0,0.0,10000000000.0,0.2702285045448645,1.9828813159423196e-05,1.5114797464903735,0.2792541326664164
HI_4861,4862.683,7.976205588118546,7.976205588118546,71.16170249945627,36.99990518688407,0.2702285045448645,1.9828813159423196e-05,1.5114797464903735,0.2792541326664164
HI_4341,4341.684,0.0,0.0,0.0,10000000000.0,0.2702285045448645,1.9828813159423196e-05,1.5114797464903735,0.2792541326664164
HI_4102,4102.892,4.543638950828495,4.543638950828495,40.53720528034531,33.34289455013906,0.2702285045448645,1.9828813159423196e-05,1.5114797464903735,0.2792541326664164
OIII_4363,4364.436,2.0675105356419863,2.0675105356419863,18.445809605385488,29.28200756841444,0.2702285045448645,1.9828813159423196e-05,1.5114797464903735,0.2792541326664164
OIII_5007,5008.24,2.525543640180217,2.525543640180217,22.532265898413463,32.33038664900354,0.2702285045448645,1.9828813159423196e-05,1.5114797464903735,0.2792541326664164
OIII_4959,4960.295,40.749950096444536,40.749950096444536,363.56081768385036,90.3736618309066,0.2702285045448645,1.9828813159423196e-05,1.5114797464903735,0.2792541326664164
OII_3726,3727.092,0.0,0.0,0.0,10000000000.0,0.2702285045448645,1.9828813159423196e-05,1.5114797464903735,0.2792541326664164
OII_3729,3729.875,0.0,0.0,0.0,10000000000.0,0.2702285045448645,1.9828813159423196e-05,1.5114797464903735,0.2792541326664164
OI_6300,6302.046,3.0564943208152044,3.0564943208152044,27.269274487248403,29.13163733452023,0.2702285045448645,1.9828813159423196e-05,1.5114797464903735,0.2792541326664164
SII_6717,6718.29,1.9406314062879346,1.9406314062879346,17.313825887471715,28.65260679974716,0.2702285045448645,1.9828813159423196e-05,1.5114797464903735,0.2792541326664164
SII_6731,6732.67,0.0,0.0,0.0,10000000000.0,0.2702285045448645,1.9828813159423196e-05,1.5114797464903735,0.2792541326664164
NII_6548,6549.85,0.0,0.0,0.0,10000000000.0,0.2702285045448645,1.9828813159423196e-05,1.5114797464903735,0.2792541326664164
NII_6584,6585.28,4.961057973694778,4.961057973694778,44.261312939640355,28.957299164883825,0.2702285045448645,1.9828813159423196e-05,1.5114797464903735,0.2792541326664164
NII_5755,5756.24,0.0,0.0,0.0,10000000000.0,0.2702285045448645,1.9828813159423196e-05,1.5114797464903735,0.2792541326664164
HeI_5876,5877.594,0.0,0.0,0.0,10000000000.0,0.2702285045448645,1.9828813159423196e-05,1.5114797464903735,0.2792541326664164
HeII_4686,4687.02,0.0,0.0,0.0,10000000000.0,0.2702285045448645,1.9828813159423196e-05,1.5114797464903735,0.2792541326664164
NeIII_3869,3870.16,0.0,10000000000.0,0.0,10000000000.0,0.2702285045448645,1.9828813159423196e-05,1.5114797464903735,0.2792541326664164
