line,wl,amp,amp_err,flux,flux_err,z,zerr,FWHM,FWHMerr
HI_6563,6564.61,205.62485883139925,205.62485883139925,3985.906580001633,60.53218062165,0.2698514823653459,2.314477175184354e-06,3.284005231875212,0.029727715792249726
HI_4861,4862.683,68.20469842788793,68.20469842788793,1322.1045246949122,47.074105649919396,0.2698514823653459,2.314477175184354e-06,3.284005231875212,0.029727715792249726
HI_4341,4341.684,25.507815860035635,25.507815860035635,494.45272160089917,45.40926915042249,0.2698514823653459,2.314477175184354e-06,3.284005231875212,0.029727715792249726
HI_4102,4102.892,3.0522889726964877,3.0522889726964877,59.16667259727045,45.13662423962762,0.2698514823653459,2.314477175184354e-06,3.284005231875212,0.029727715792249726
OIII_4363,4364.436,4.534010900848216,4.534010900848216,87.88890597273635,45.141325817470424,0.2698514823653459,2.314477175184354e-06,3.284005231875212,0.029727715792249726
OIII_5007,5008.24,258.5657088114858,258.5657088114858,5012.131149763058,67.89648354332085,0.2698514823653459,2.314477175184354e-06,3.284005231875212,0.029727715792249726
OIII_4959,4960.295,90.00544246654545,90.00544246654545,1744.6980263097435,48.46382410758911,0.2698514823653459,2.314477175184354e-06,3.284005231875212,0.029727715792249726
OII_3726,3727.092,58.99056373112808,58.99056373112808,1143.494407583779,48.19629369184358,0.2698514823653459,2.314477175184354e-06,3.284005231875212,0.029727715792249726
OII_3729,3729.875,79.9768489668279,79.9768489668279,1550.3001454024482,49.155183973589565,0.2698514823653459,2.314477175184354e-06,3.284005231875212,0.029727715792249726
OI_6300,6302.046,6.677684110214159,6.677684110214159,129.442642224008,45.15176347461763,0.2698514823653459,2.314477175184354e-06,3.284005231875212,0.029727715792249726
SII_6717,6718.29,23.36125209201373,23.36125209201373,452.8429537159419,45.364634318219196,0.2698514823653459,2.314477175184354e-06,3.284005231875212,0.029727715792249726
SII_6731,6732.67,19.820529033472212,19.820529033472212,384.20829827004576,45.29994020219614,0.2698514823653459,2.314477175184354e-06,3.284005231875212,0.029727715792249726
NII_6548,6549.85,3.3210771278447737,3.3210771278447737,64.3769593413966,45.13721354302297,0.2698514823653459,2.314477175184354e-06,3.284005231875212,0.029727715792249726
NII_6584,6585.28,3.2448413265749423,3.2448413265749423,62.89917701663269,45.13700675252401,0.2698514823653459,2.314477175184354e-06,3.284005231875212,0.029727715792249726
NII_5755,5756.24,0.0,0.0,0.0,10000000000.0,0.2698514823653459,2.314477175184354e-06,3.284005231875212,0.029727715792249726
HeI_5876,5877.594,5.532365824856356,5.532365824856356,107.241378642609,45.14557767932325,0.2698514823653459,2.314477175184354e-06,3.284005231875212,0.029727715792249726
HeII_4686,4687.02,2.1600499167107046e-12,2.1600499167107046e-12,4.1871188265270445e-11,45.13289267289663,0.2698514823653459,2.314477175184354e-06,3.284005231875212,0.029727715792249726
NeIII_3869,3870.16,28.485418293045996,2.33187282060131,552.1716433198743,45.477387143847736,0.2698514823653459,2.314477175184354e-06,3.284005231875212,0.029727715792249726
