line,wl,amp,amp_err,flux,flux_err,z,zerr,FWHM,FWHMerr
HI_6563,6564.61,26.927697803666206,26.927697803666206,502.9403690247525,49.29475254165636,0.2697988834710534,1.3550387691105763e-05,3.1642414343202194,0.16370394070698008
HI_4861,4862.683,10.275019671902896,10.275019671902896,191.91102868139913,41.31461863972181,0.2697988834710534,1.3550387691105763e-05,3.1642414343202194,0.16370394070698008
HI_4341,4341.684,6.552391901856822,6.552391901856822,122.38188445006956,40.42101460952491,0.2697988834710534,1.3550387691105763e-05,3.1642414343202194,0.16370394070698008
HI_4102,4102.892,2.333633245347187,2.333633245347187,43.58628703206661,39.875246209166086,0.2697988834710534,1.3550387691105763e-05,3.1642414343202194,0.16370394070698008
OIII_4363,4364.436,1.928331658052798,1.928331658052798,36.016292323777634,39.85056270661274,0.2697988834710534,1.3550387691105763e-05,3.1642414343202194,0.16370394070698008
OIII_5007,5008.24,41.89549789524608,41.89549789524608,782.5005065617602,60.268306983154055,0.2697988834710534,1.3550387691105763e-05,3.1642414343202194,0.16370394070698008
OIII_4959,4960.295,10.388823858291516,10.388823858291516,194.0365991596545,41.34757004846919,0.2697988834710534,1.3550387691105763e-05,3.1642414343202194,0.16370394070698008
OII_3726,3727.092,10.931141541484067,10.931141541484067,204.16570331487023,43.541384553044466,0.2697988834710534,1.3550387691105763e-05,3.1642414343202194,0.16370394070698008
OII_3729,3729.875,22.131651029838054,22.131651029838054,413.3625093846055,47.56909233557234,0.2697988834710534,1.3550387691105763e-05,3.1642414343202194,0.16370394070698008
OI_6300,6302.046,0.0,0.0,0.0,10000000000.0,0.2697988834710534,1.3550387691105763e-05,3.1642414343202194,0.16370394070698008
SII_6717,6718.29,4.052633108899272,4.052633108899272,75.69279803170637,40.0357712145069,0.2697988834710534,1.3550387691105763e-05,3.1642414343202194,0.16370394070698008
SII_6731,6732.67,0.0,0.0,0.0,10000000000.0,0.2697988834710534,1.3550387691105763e-05,3.1642414343202194,0.16370394070698008
NII_6548,6549.85,0.0,0.0,0.0,10000000000.0,0.2697988834710534,1.3550387691105763e-05,3.1642414343202194,0.16370394070698008
NII_6584,6585.28,3.0736087095940547,3.0736087095940547,57.40713186518532,39.93429612824005,0.2697988834710534,1.3550387691105763e-05,3.1642414343202194,0.16370394070698008
NII_5755,5756.24,0.0,0.0,0.0,10000000000.0,0.2697988834710534,1.3550387691105763e-05,3.1642414343202194,0.16370394070698008
HeI_5876,5877.594,3.2414638414717274,3.2414638414717274,60.542235452011866,39.94948038446265,0.2697988834710534,1.3550387691105763e-05,3.1642414343202194,0.16370394070698008
HeII_4686,4687.02,0.0,0.0,0.0,10000000000.0,0.2697988834710534,1.3550387691105763e-05,3.1642414343202194,0.16370394070698008
NeIII_3869,3870.16,9.361320231466152,2.1444410309028252,174.84546529378562,41.06142986416605,0.2697988834710534,1.3550387691105763e-05,3.1642414343202194,0.16370394070698008
