line,wl,amp,amp_err,flux,flux_err,z,zerr,FWHM,FWHMerr
HI_6563,6564.61,10.904916164607698,10.904916164607698,352.2331296662216,77.78063069857673,0.2692187722137221,5.505869743970264e-05,5.472177955934626,0.6739428568037864
HI_4861,4862.683,4.849656085155971,4.849656085155971,156.64582055416253,64.51833054334497,0.2692187722137221,5.505869743970264e-05,5.472177955934626,0.6739428568037864
HI_4341,4341.684,1.3033918749727036,1.3033918749727036,42.1000759999585,61.08186079838122,0.2692187722137221,5.505869743970264e-05,5.472177955934626,0.6739428568037864
HI_4102,4102.892,1.3295605217958837,1.3295605217958837,42.94533370121202,61.09318578485159,0.2692187722137221,5.505869743970264e-05,5.472177955934626,0.6739428568037864
OIII_4363,4364.436,0.8085383737334269,0.8085383737334269,26.11611107655017,60.91253468253777,0.2692187722137221,5.505869743970264e-05,5.472177955934626,0.6739428568037864
OIII_5007,5008.24,12.615909698251016,12.615909698251016,407.4989013692482,82.74254963164906,0.2692187722137221,5.505869743970264e-05,5.472177955934626,0.6739428568037864
OIII_4959,4960.295,3.5162698168015822,3.5162698168015822,113.57691371737835,62.784366751056005,0.2692187722137221,5.505869743970264e-05,5.472177955934626,0.6739428568037864
OII_3726,3727.092,13.090535373843863,13.090535373843863,422.8294994784385,92.30215135343674,0.2692187722137221,5.505869743970264e-05,5.472177955934626,0.6739428568037864
OII_3729,3729.875,1.3635420463481296,1.3635420463481296,44.04295046077175,82.68334519221796,0.2692187722137221,5.505869743970264e-05,5.472177955934626,0.6739428568037864
OI_6300,6302.046,1.2863266028352882,1.2863266028352882,41.54886092202178,61.074706209776025,0.2692187722137221,5.505869743970264e-05,5.472177955934626,0.6739428568037864
SII_6717,6718.29,3.975607211367901,3.975607211367901,128.41369426833117,63.32472681151552,0.2692187722137221,5.505869743970264e-05,5.472177955934626,0.6739428568037864
SII_6731,6732.67,1.226790575866744,1.226790575866744,39.62582356983344,61.05052809722315,0.2692187722137221,5.505869743970264e-05,5.472177955934626,0.6739428568037864
NII_6548,6549.85,1.5156508996200273,1.5156508996200273,48.95612692441016,61.178823663813155,0.2692187722137221,5.505869743970264e-05,5.472177955934626,0.6739428568037864
NII_6584,6585.28,4.071069247351488,4.071069247351488,131.4971560016675,63.44503191248903,0.2692187722137221,5.505869743970264e-05,5.472177955934626,0.6739428568037864
NII_5755,5756.24,0.0,0.0,0.0,10000000000.0,0.2692187722137221,5.505869743970264e-05,5.472177955934626,0.6739428568037864
HeI_5876,5877.594,0.0,0.0,0.0,10000000000.0,0.2692187722137221,5.505869743970264e-05,5.472177955934626,0.6739428568037864
HeII_4686,4687.02,0.0,0.0,0.0,10000000000.0,0.2692187722137221,5.505869743970264e-05,5.472177955934626,0.6739428568037864
NeIII_3869,3870.16,0.4387371632074064,1.8827166817680672,14.171384884093152,60.83753790821088,0.2692187722137221,5.505869743970264e-05,5.472177955934626,0.6739428568037864
