line,wl,amp,amp_err,flux,flux_err,z,zerr,FWHM,FWHMerr
HI_6563,6564.61,0.0,0.0,0.0,10000000000.0,0.2701742000082214,4.89161635012136e-06,1.138779857811324,0.5404948125265286
HI_4861,4862.683,3.510539818293637,3.510539818293637,23.597247003962988,29.563807835172533,0.2701742000082214,4.89161635012136e-06,1.138779857811324,0.5404948125265286
HI_4341,4341.684,0.0,0.0,0.0,10000000000.0,0.2701742000082214,4.89161635012136e-06,1.138779857811324,0.5404948125265286
HI_4102,4102.892,0.6715538907685641,0.6715538907685641,4.514070159341143,23.902408957219958,0.2701742000082214,4.89161635012136e-06,1.138779857811324,0.5404948125265286
OIII_4363,4364.436,0.0,0.0,0.0,10000000000.0,0.2701742000082214,4.89161635012136e-06,1.138779857811324,0.5404948125265286
OIII_5007,5008.24,0.0,0.0,0.0,10000000000.0,0.2701742000082214,4.89161635012136e-06,1.138779857811324,0.5404948125265286
OIII_4959,4960.295,99.16895462307048,99.16895462307048,666.5967168840853,617.9942360470849,0.2701742000082214,4.89161635012136e-06,1.138779857811324,0.5404948125265286
OII_3726,3727.092,8.08838974991454,8.08838974991454,54.36876966854309,50.954280892171425,0.2701742000082214,4.89161635012136e-06,1.138779857811324,0.5404948125265286
OII_3729,3729.875,0.0,0.0,0.0,10000000000.0,0.2701742000082214,4.89161635012136e-06,1.138779857811324,0.5404948125265286
OI_6300,6302.046,0.21987613832561692,0.21987613832561692,1.4779697183064764,20.468231080920184,0.2701742000082214,4.89161635012136e-06,1.138779857811324,0.5404948125265286
SII_6717,6718.29,0.416338944974882,0.416338944974882,2.798559033783301,21.131962297206513,0.2701742000082214,4.89161635012136e-06,1.138779857811324,0.5404948125265286
SII_6731,6732.67,1.2710525477082228,1.2710525477082228,8.543797386085826,32.8946186495116,0.2701742000082214,4.89161635012136e-06,1.138779857811324,0.5404948125265286
NII_6548,6549.85,0.0,0.0,0.0,10000000000.0,0.2701742000082214,4.89161635012136e-06,1.138779857811324,0.5404948125265286
NII_6584,6585.28,0.0,0.0,0.0,10000000000.0,0.2701742000082214,4.89161635012136e-06,1.138779857811324,0.5404948125265286
NII_5755,5756.24,0.0,0.0,0.0,10000000000.0,0.2701742000082214,4.89161635012136e-06,1.138779857811324,0.5404948125265286
HeI_5876,5877.594,0.9662418599473312,0.9662418599473312,6.494912183001094,30.80985748797084,0.2701742000082214,4.89161635012136e-06,1.138779857811324,0.5404948125265286
HeII_4686,4687.02,0.0,0.0,0.0,10000000000.0,0.2701742000082214,4.89161635012136e-06,1.138779857811324,0.5404948125265286
NeIII_3869,3870.16,0.5972403182311155,3.5203938737690814,4.01454706099171,23.740073148905694,0.2701742000082214,4.89161635012136e-06,1.138779857811324,0.5404948125265286
