line,wl,amp,amp_err,flux,flux_err,z,zerr,FWHM,FWHMerr
HI_6563,6564.61,18.264338886515247,18.264338886515247,692.049995686671,85.6281107346234,0.2692828819625,3.929728892747841e-05,6.419273141200367,0.4659602324945744
HI_4861,4862.683,6.031605283712224,6.031605283712224,228.54221204023878,67.24756585578531,0.2692828819625,3.929728892747841e-05,6.419273141200367,0.4659602324945744
HI_4341,4341.684,0.21246836713089579,0.21246836713089579,8.050591563708375,64.64282188010036,0.2692828819625,3.929728892747841e-05,6.419273141200367,0.4659602324945744
HI_4102,4102.892,0.08726563503989837,0.08726563503989837,3.3065627356238143,64.64008160005064,0.2692828819625,3.929728892747841e-05,6.419273141200367,0.4659602324945744
OIII_4363,4364.436,0.0,0.0,0.0,10000000000.0,0.2692828819625,3.929728892747841e-05,6.419273141200367,0.4659602324945744
OIII_5007,5008.24,16.809307082471946,16.809307082471946,636.917709762236,82.76333987988934,0.2692828819625,3.929728892747841e-05,6.419273141200367,0.4659602324945744
OIII_4959,4960.295,11.79610494855126,11.79610494855126,446.9635845834864,74.12202804792163,0.2692828819625,3.929728892747841e-05,6.419273141200367,0.4659602324945744
OII_3726,3727.092,7.21883778435074,7.21883778435074,273.52737422163995,99.94906018607404,0.2692828819625,3.929728892747841e-05,6.419273141200367,0.4659602324945744
OII_3729,3729.875,18.589160774069796,18.589160774069796,704.3577494618174,105.43712671714523,0.2692828819625,3.929728892747841e-05,6.419273141200367,0.4659602324945744
OI_6300,6302.046,1.6433723192998286,1.6433723192998286,62.26865442815006,64.83673374426787,0.2692828819625,3.929728892747841e-05,6.419273141200367,0.4659602324945744
SII_6717,6718.29,3.1190784618431735,3.1190784618431735,118.18430710671069,65.34714089830874,0.2692828819625,3.929728892747841e-05,6.419273141200367,0.4659602324945744
SII_6731,6732.67,0.3717590144897258,0.3717590144897258,14.086237994852649,64.64963637115,0.2692828819625,3.929728892747841e-05,6.419273141200367,0.4659602324945744
NII_6548,6549.85,0.0,0.0,0.0,10000000000.0,0.2692828819625,3.929728892747841e-05,6.419273141200367,0.4659602324945744
NII_6584,6585.28,2.930291347996217,2.930291347996217,111.03101663530221,65.2644082066532,0.2692828819625,3.929728892747841e-05,6.419273141200367,0.4659602324945744
NII_5755,5756.24,0.7243004457944835,0.7243004457944835,27.444306826676645,64.6778856247419,0.2692828819625,3.929728892747841e-05,6.419273141200367,0.4659602324945744
HeI_5876,5877.594,1.7105678392708796,1.7105678392708796,64.8147449050664,64.85316126138144,0.2692828819625,3.929728892747841e-05,6.419273141200367,0.4659602324945744
HeII_4686,4687.02,0.0,0.0,0.0,10000000000.0,0.2692828819625,3.929728892747841e-05,6.419273141200367,0.4659602324945744
NeIII_3869,3870.16,0.0,10000000000.0,0.0,10000000000.0,0.2692828819625,3.929728892747841e-05,6.419273141200367,0.4659602324945744
