line,wl,amp,amp_err,flux,flux_err,z,zerr,FWHM,FWHMerr
HI_6563,6564.61,336.0686712018976,336.0686712018976,9524.311010762314,93.18242152850652,0.2692318560810327,2.2593578166719235e-06,4.801289372624564,0.029530503421764408
HI_4861,4862.683,123.85194841290013,123.85194841290013,3510.010236165954,70.54132469755378,0.2692318560810327,2.2593578166719235e-06,4.801289372624564,0.029530503421764408
HI_4341,4341.684,53.82444592906381,53.82444592906381,1525.4047965166849,67.10835960998983,0.2692318560810327,2.2593578166719235e-06,4.801289372624564,0.029530503421764408
HI_4102,4102.892,20.34428185775664,20.34428185775664,576.5645069232787,66.4019764287941,0.2692318560810327,2.2593578166719235e-06,4.801289372624564,0.029530503421764408
OIII_4363,4364.436,5.314865032268813,5.314865032268813,150.62524979349408,66.29159415410652,0.2692318560810327,2.2593578166719235e-06,4.801289372624564,0.029530503421764408
OIII_5007,5008.24,333.96689202383527,333.96689202383527,9464.745807923804,92.89498780505784,0.2692318560810327,2.2593578166719235e-06,4.801289372624564,0.029530503421764408
OIII_4959,4960.295,112.58608923790621,112.58608923790621,3190.731601229969,69.82058452681544,0.2692318560810327,2.2593578166719235e-06,4.801289372624564,0.029530503421764408
OII_3726,3727.092,137.18667065219006,137.18667065219006,3887.9212190460776,84.02241876874771,0.2692318560810327,2.2593578166719235e-06,4.801289372624564,0.029530503421764408
OII_3729,3729.875,204.67391888196994,204.67391888196994,5800.5349092843735,87.02260144985148,0.2692318560810327,2.2593578166719235e-06,4.801289372624564,0.029530503421764408
OI_6300,6302.046,9.383801695473494,9.383801695473494,265.9404266734389,66.30872598407619,0.2692318560810327,2.2593578166719235e-06,4.801289372624564,0.029530503421764408
SII_6717,6718.29,45.4680291178538,45.4680291178538,1288.580839196032,66.87315806037878,0.2692318560810327,2.2593578166719235e-06,4.801289372624564,0.029530503421764408
SII_6731,6732.67,36.80880072802415,36.80880072802415,1043.1750892253262,66.6705382657732,0.2692318560810327,2.2593578166719235e-06,4.801289372624564,0.029530503421764408
NII_6548,6549.85,11.025321950464559,11.025321950464559,312.4617206193664,66.31832241193312,0.2692318560810327,2.2593578166719235e-06,4.801289372624564,0.029530503421764408
NII_6584,6585.28,49.20399910767446,49.20399910767446,1394.4596168359442,66.9735190649739,0.2692318560810327,2.2593578166719235e-06,4.801289372624564,0.029530503421764408
NII_5755,5756.24,0.0,0.0,0.0,10000000000.0,0.2692318560810327,2.2593578166719235e-06,4.801289372624564,0.029530503421764408
HeI_5876,5877.594,12.728822970377678,12.728822970377678,360.7395724726151,66.32990770086607,0.2692318560810327,2.2593578166719235e-06,4.801289372624564,0.029530503421764408
HeII_4686,4687.02,0.0,0.0,0.0,10000000000.0,0.2692318560810327,2.2593578166719235e-06,4.801289372624564,0.029530503421764408
NeIII_3869,3870.16,28.734303016323793,2.3405053742653155,814.340823933987,66.51962387045334,0.2692318560810327,2.2593578166719235e-06,4.801289372624564,0.029530503421764408
