line,wl,amp,amp_err,flux,flux_err,z,zerr,FWHM,FWHMerr
HI_6563,6564.61,31.38344262519604,31.38344262519604,772.1416118886385,64.36858815908852,0.2692977052740201,1.6083118231382324e-05,4.168201615940623,0.1936532367662704
HI_4861,4862.683,14.235086619871367,14.235086619871367,350.23253692433974,53.53267860139903,0.2692977052740201,1.6083118231382324e-05,4.168201615940623,0.1936532367662704
HI_4341,4341.684,4.147298917828721,4.147298917828721,102.0379475139328,50.625054744751765,0.2692977052740201,1.6083118231382324e-05,4.168201615940623,0.1936532367662704
HI_4102,4102.892,1.8847978179094298,1.8847978179094298,46.37256793607374,50.40443547650617,0.2692977052740201,1.6083118231382324e-05,4.168201615940623,0.1936532367662704
OIII_4363,4364.436,0.0,0.0,0.0,10000000000.0,0.2692977052740201,1.6083118231382324e-05,4.168201615940623,0.1936532367662704
OIII_5007,5008.24,40.749870896215725,40.749870896215725,1002.5882556554416,72.4338586394955,0.2692977052740201,1.6083118231382324e-05,4.168201615940623,0.1936532367662704
OIII_4959,4960.295,7.884273885621724,7.884273885621724,193.9805017352659,51.34517236504621,0.2692977052740201,1.6083118231382324e-05,4.168201615940623,0.1936532367662704
OII_3726,3727.092,17.861486085874617,17.861486085874617,439.4545500244515,65.89758854105952,0.2692977052740201,1.6083118231382324e-05,4.168201615940623,0.1936532367662704
OII_3729,3729.875,38.8005815677634,38.8005815677634,954.6289727276944,74.60987693946514,0.2692977052740201,1.6083118231382324e-05,4.168201615940623,0.1936532367662704
OI_6300,6302.046,0.0,0.0,0.0,10000000000.0,0.2692977052740201,1.6083118231382324e-05,4.168201615940623,0.1936532367662704
SII_6717,6718.29,5.349461779420608,5.349461779420608,131.61532628617067,50.80887244284078,0.2692977052740201,1.6083118231382324e-05,4.168201615940623,0.1936532367662704
SII_6731,6732.67,5.4669299810525445,5.4669299810525445,134.5054517461775,50.829300249442085,0.2692977052740201,1.6083118231382324e-05,4.168201615940623,0.1936532367662704
NII_6548,6549.85,0.47242799826142345,0.47242799826142345,11.623368425044472,50.35045468656124,0.2692977052740201,1.6083118231382324e-05,4.168201615940623,0.1936532367662704
NII_6584,6585.28,2.822165444405755,2.822165444405755,69.43506489343483,50.475872112458916,0.2692977052740201,1.6083118231382324e-05,4.168201615940623,0.1936532367662704
NII_5755,5756.24,1.1249016394933733,1.1249016394933733,27.676484556134948,50.36736452695627,0.2692977052740201,1.6083118231382324e-05,4.168201615940623,0.1936532367662704
HeI_5876,5877.594,0.7567505438738635,0.7567505438738635,18.618689852567407,50.356147650317084,0.2692977052740201,1.6083118231382324e-05,4.168201615940623,0.1936532367662704
HeII_4686,4687.02,0.0,0.0,0.0,10000000000.0,0.2692977052740201,1.6083118231382324e-05,4.168201615940623,0.1936532367662704
NeIII_3869,3870.16,0.4699304946850589,2.0463605838437178,11.561921168917015,50.35043815726219,0.2692977052740201,1.6083118231382324e-05,4.168201615940623,0.1936532367662704
