line,wl,amp,amp_err,flux,flux_err,z,zerr,FWHM,FWHMerr
HI_6563,6564.61,53.83472243409824,53.83472243409824,1697.533435367255,86.38848272139913,0.2697043187338285,1.3240124029642383e-05,5.342053101000835,0.16827610116052036
HI_4861,4862.683,20.52841274898492,20.52841274898492,647.3083809260852,66.39664345040978,0.2697043187338285,1.3240124029642383e-05,5.342053101000835,0.16827610116052036
HI_4341,4341.684,4.697896423138104,4.697896423138104,148.1355506927998,62.57816314487079,0.2697043187338285,1.3240124029642383e-05,5.342053101000835,0.16827610116052036
HI_4102,4102.892,8.240021492051824,8.240021492051824,259.826954769309,63.028118261644856,0.2697043187338285,1.3240124029642383e-05,5.342053101000835,0.16827610116052036
OIII_4363,4364.436,3.174396984579289,3.174396984579289,100.09608622109725,62.45988512849368,0.2697043187338285,1.3240124029642383e-05,5.342053101000835,0.16827610116052036
OIII_5007,5008.24,50.71776631302919,50.71776631302919,1599.248592558518,84.02990041170001,0.2697043187338285,1.3240124029642383e-05,5.342053101000835,0.16827610116052036
OIII_4959,4960.295,29.446543579608942,29.446543579608942,928.5176930850922,70.41386281184033,0.2697043187338285,1.3240124029642383e-05,5.342053101000835,0.16827610116052036
OII_3726,3727.092,32.24919983092832,32.24919983092832,1016.8919333401564,85.77495728661322,0.2697043187338285,1.3240124029642383e-05,5.342053101000835,0.16827610116052036
OII_3729,3729.875,28.296708622520327,28.296708622520327,892.2607348143146,84.86495530220297,0.2697043187338285,1.3240124029642383e-05,5.342053101000835,0.16827610116052036
OI_6300,6302.046,3.0964962396642477,3.0964962396642477,97.63969537975544,62.45504497334646,0.2697043187338285,1.3240124029642383e-05,5.342053101000835,0.16827610116052036
SII_6717,6718.29,7.179714752738391,7.179714752738391,226.3930284788347,62.867961896334855,0.2697043187338285,1.3240124029642383e-05,5.342053101000835,0.16827610116052036
SII_6731,6732.67,3.8639618611795186,3.8639618611795186,121.83966324644042,62.50776420594037,0.2697043187338285,1.3240124029642383e-05,5.342053101000835,0.16827610116052036
NII_6548,6549.85,0.0,0.0,0.0,10000000000.0,0.2697043187338285,1.3240124029642383e-05,5.342053101000835,0.16827610116052036
NII_6584,6585.28,3.1938874225381824,3.1938874225381824,100.71066485379428,62.461102631641616,0.2697043187338285,1.3240124029642383e-05,5.342053101000835,0.16827610116052036
NII_5755,5756.24,0.0,0.0,0.0,10000000000.0,0.2697043187338285,1.3240124029642383e-05,5.342053101000835,0.16827610116052036
HeI_5876,5877.594,1.8378616910795245,1.8378616910795245,57.95203409857345,62.39370724974885,0.2697043187338285,1.3240124029642383e-05,5.342053101000835,0.16827610116052036
HeII_4686,4687.02,0.0,0.0,0.0,10000000000.0,0.2697043187338285,1.3240124029642383e-05,5.342053101000835,0.16827610116052036
NeIII_3869,3870.16,6.037160517072948,1.9799482493358171,190.36564821070317,62.71967349559901,0.2697043187338285,1.3240124029642383e-05,5.342053101000835,0.16827610116052036
