line,wl,amp,amp_err,flux,flux_err,z,zerr,FWHM,FWHMerr
HI_6563,6564.61,66.69625738826403,66.69625738826403,1404.2883389573378,56.706556234268625,0.2698371612510434,6.291020655356533e-06,3.5670333258188034,0.07812159897864765
HI_4861,4862.683,26.233812095490066,26.233812095490066,552.3523785995383,47.0768037158826,0.2698371612510434,6.291020655356533e-06,3.5670333258188034,0.07812159897864765
HI_4341,4341.684,8.067463640640653,8.067463640640653,169.86028240780206,45.283642390068,0.2698371612510434,6.291020655356533e-06,3.5670333258188034,0.07812159897864765
HI_4102,4102.892,0.0,0.0,0.0,10000000000.0,0.2698371612510434,6.291020655356533e-06,3.5670333258188034,0.07812159897864765
OIII_4363,4364.436,0.0,0.0,0.0,10000000000.0,0.2698371612510434,6.291020655356533e-06,3.5670333258188034,0.07812159897864765
OIII_5007,5008.24,98.27688321156438,98.27688321156438,2069.2177715410508,67.82606201560944,0.2698371612510434,6.291020655356533e-06,3.5670333258188034,0.07812159897864765
OIII_4959,4960.295,50.995553604863744,50.995553604863744,1073.7103410330942,52.19673181051268,0.2698371612510434,6.291020655356533e-06,3.5670333258188034,0.07812159897864765
OII_3726,3727.092,36.88439446559801,36.88439446559801,776.6001731703766,51.351150978824954,0.2698371612510434,6.291020655356533e-06,3.5670333258188034,0.07812159897864765
OII_3729,3729.875,31.86091408983293,31.86091408983293,670.8308963187309,50.654681128936005,0.2698371612510434,6.291020655356533e-06,3.5670333258188034,0.07812159897864765
OI_6300,6302.046,0.19122153589773916,0.19122153589773916,4.026165538127453,45.09232145738288,0.2698371612510434,6.291020655356533e-06,3.5670333258188034,0.07812159897864765
SII_6717,6718.29,7.89946500799374,7.89946500799374,166.32307462396093,45.27573594672239,0.2698371612510434,6.291020655356533e-06,3.5670333258188034,0.07812159897864765
SII_6731,6732.67,2.326270721031392,2.326270721031392,48.9795825841509,45.10817243868711,0.2698371612510434,6.291020655356533e-06,3.5670333258188034,0.07812159897864765
NII_6548,6549.85,1.4972422566119121,1.4972422566119121,31.524405174858405,45.09881641342482,0.2698371612510434,6.291020655356533e-06,3.5670333258188034,0.07812159897864765
NII_6584,6585.28,5.188499364229983,5.188499364229983,109.24374828800828,45.17146592709797,0.2698371612510434,6.291020655356533e-06,3.5670333258188034,0.07812159897864765
NII_5755,5756.24,0.3007768608482593,0.3007768608482593,6.332850670444464,45.09249633952629,0.2698371612510434,6.291020655356533e-06,3.5670333258188034,0.07812159897864765
HeI_5876,5877.594,2.0478067153544544,2.0478067153544544,43.11652862424037,45.104557763683765,0.2698371612510434,6.291020655356533e-06,3.5670333258188034,0.07812159897864765
HeII_4686,4687.02,0.0,0.0,0.0,10000000000.0,0.2698371612510434,6.291020655356533e-06,3.5670333258188034,0.07812159897864765
NeIII_3869,3870.16,9.23466400479822,2.1440286199925693,194.43566226864627,45.34288058411073,0.2698371612510434,6.291020655356533e-06,3.5670333258188034,0.07812159897864765
