line,wl,amp,amp_err,flux,flux_err,z,zerr,FWHM,FWHMerr
HI_6563,6564.61,47.29803965456722,47.29803965456722,1187.915335972524,73.91576188888797,0.26983325894352245,1.2721420179134352e-05,4.254952241653119,0.16500304785180525
HI_4861,4862.683,16.55944028993258,16.55944028993258,415.8991201157047,55.999118646610654,0.26983325894352245,1.2721420179134352e-05,4.254952241653119,0.16500304785180525
HI_4341,4341.684,4.436441745444199,4.436441745444199,111.42358594671654,53.23599183161697,0.26983325894352245,1.2721420179134352e-05,4.254952241653119,0.16500304785180525
HI_4102,4102.892,0.0,0.0,0.0,10000000000.0,0.26983325894352245,1.2721420179134352e-05,4.254952241653119,0.16500304785180525
OIII_4363,4364.436,0.0,0.0,0.0,10000000000.0,0.26983325894352245,1.2721420179134352e-05,4.254952241653119,0.16500304785180525
OIII_5007,5008.24,43.47537618106594,43.47537618106594,1091.9071166552214,71.07770174907276,0.26983325894352245,1.2721420179134352e-05,4.254952241653119,0.16500304785180525
OIII_4959,4960.295,28.27776384627373,28.27776384627373,710.2110274617747,61.30980539651668,0.26983325894352245,1.2721420179134352e-05,4.254952241653119,0.16500304785180525
OII_3726,3727.092,29.697263933371914,29.697263933371914,745.8625245469281,67.22802053841289,0.26983325894352245,1.2721420179134352e-05,4.254952241653119,0.16500304785180525
OII_3729,3729.875,19.079664003027574,19.079664003027574,479.1958744998596,64.15353009731557,0.26983325894352245,1.2721420179134352e-05,4.254952241653119,0.16500304785180525
OI_6300,6302.046,1.3061479587906888,1.3061479587906888,32.804598301080794,53.03540393536206,0.26983325894352245,1.2721420179134352e-05,4.254952241653119,0.16500304785180525
SII_6717,6718.29,7.186436555253636,7.186436555253636,180.49116321367472,53.59079291946737,0.26983325894352245,1.2721420179134352e-05,4.254952241653119,0.16500304785180525
SII_6731,6732.67,6.772666356300078,6.772666356300078,170.09910535049286,53.526855985770986,0.26983325894352245,1.2721420179134352e-05,4.254952241653119,0.16500304785180525
NII_6548,6549.85,0.935643336932003,0.935643336932003,23.499178339301594,53.02612740180832,0.26983325894352245,1.2721420179134352e-05,4.254952241653119,0.16500304785180525
NII_6584,6585.28,0.0,0.0,0.0,10000000000.0,0.26983325894352245,1.2721420179134352e-05,4.254952241653119,0.16500304785180525
NII_5755,5756.24,0.41123834663119396,0.41123834663119396,10.328469050112265,53.01824093539364,0.26983325894352245,1.2721420179134352e-05,4.254952241653119,0.16500304785180525
HeI_5876,5877.594,0.0,0.0,0.0,10000000000.0,0.26983325894352245,1.2721420179134352e-05,4.254952241653119,0.16500304785180525
HeII_4686,4687.02,0.0,0.0,0.0,10000000000.0,0.26983325894352245,1.2721420179134352e-05,4.254952241653119,0.16500304785180525
NeIII_3869,3870.16,4.848882737018471,2.112991959549719,121.78226006202907,53.27863077300021,0.26983325894352245,1.2721420179134352e-05,4.254952241653119,0.16500304785180525
