line,wl,amp,amp_err,flux,flux_err,z,zerr,FWHM,FWHMerr
HI_6563,6564.61,0.0,0.0,0.0,10000000000.0,0.27016808278540955,2.204224929279172e-05,1.5325731759322025,0.4131345436746861
HI_4861,4862.683,0.0,0.0,0.0,10000000000.0,0.27016808278540955,2.204224929279172e-05,1.5325731759322025,0.4131345436746861
HI_4341,4341.684,7.341363747980608,7.341363747980608,66.41185654208178,32.65539642989891,0.27016808278540955,2.204224929279172e-05,1.5325731759322025,0.4131345436746861
HI_4102,4102.892,0.0,0.0,0.0,10000000000.0,0.27016808278540955,2.204224929279172e-05,1.5325731759322025,0.4131345436746861
OIII_4363,4364.436,2.2743930108978248,2.2743930108978248,20.57474163456459,26.950898902931502,0.27016808278540955,2.204224929279172e-05,1.5325731759322025,0.4131345436746861
OIII_5007,5008.24,0.0,0.0,0.0,10000000000.0,0.27016808278540955,2.204224929279172e-05,1.5325731759322025,0.4131345436746861
OIII_4959,4960.295,17.095346210009666,17.095346210009666,154.64887982817632,64.21078116783228,0.27016808278540955,2.204224929279172e-05,1.5325731759322025,0.4131345436746861
OII_3726,3727.092,0.6674498328073923,0.6674498328073923,6.037922117349645,29.549853070282712,0.27016808278540955,2.204224929279172e-05,1.5325731759322025,0.4131345436746861
OII_3729,3729.875,0.0,0.0,0.0,10000000000.0,0.27016808278540955,2.204224929279172e-05,1.5325731759322025,0.4131345436746861
OI_6300,6302.046,0.0,0.0,0.0,10000000000.0,0.27016808278540955,2.204224929279172e-05,1.5325731759322025,0.4131345436746861
SII_6717,6718.29,0.0,0.0,0.0,10000000000.0,0.27016808278540955,2.204224929279172e-05,1.5325731759322025,0.4131345436746861
SII_6731,6732.67,3.104993384467548,3.104993384467548,28.08856532549467,31.76963620853997,0.27016808278540955,2.204224929279172e-05,1.5325731759322025,0.4131345436746861
NII_6548,6549.85,0.0,0.0,0.0,10000000000.0,0.27016808278540955,2.204224929279172e-05,1.5325731759322025,0.4131345436746861
NII_6584,6585.28,4.713195481363641,4.713195481363641,42.636773344626945,32.37631903467579,0.27016808278540955,2.204224929279172e-05,1.5325731759322025,0.4131345436746861
NII_5755,5756.24,0.0,0.0,0.0,10000000000.0,0.27016808278540955,2.204224929279172e-05,1.5325731759322025,0.4131345436746861
HeI_5876,5877.594,2.289578469456501,2.289578469456501,20.712113181588386,31.024883539533437,0.27016808278540955,2.204224929279172e-05,1.5325731759322025,0.4131345436746861
HeII_4686,4687.02,0.0,0.0,0.0,10000000000.0,0.27016808278540955,2.204224929279172e-05,1.5325731759322025,0.4131345436746861
NeIII_3869,3870.16,3.624756618469064,3.1657987008580712,32.79047664842186,29.971722738044804,0.27016808278540955,2.204224929279172e-05,1.5325731759322025,0.4131345436746861
