line,wl,amp,amp_err,flux,flux_err,z,zerr,FWHM,FWHMerr
HI_6563,6564.61,10.534265420670522,10.534265420670522,269.51294953118236,80.9603117345352,0.26956877630942705,6.305077675570368e-05,4.3343873695192485,0.8330416011935328
HI_4861,4862.683,2.039655364517216,2.039655364517216,52.18337599881205,57.67339547703184,0.26956877630942705,6.305077675570368e-05,4.3343873695192485,0.8330416011935328
HI_4341,4341.684,1.687899385858941,1.687899385858941,43.18390735647125,57.328436773630834,0.26956877630942705,6.305077675570368e-05,4.3343873695192485,0.8330416011935328
HI_4102,4102.892,0.6250928328848886,0.6250928328848886,15.99263037278639,56.67667480295511,0.26956877630942705,6.305077675570368e-05,4.3343873695192485,0.8330416011935328
OIII_4363,4364.436,1.9232543577512615,1.9232543577512615,49.20532509453791,57.55235817491509,0.26956877630942705,6.305077675570368e-05,4.3343873695192485,0.8330416011935328
OIII_5007,5008.24,5.450365147770185,5.450365147770185,139.44436829122546,64.01753197797525,0.26956877630942705,6.305077675570368e-05,4.3343873695192485,0.8330416011935328
OIII_4959,4960.295,4.308233862593397,4.308233862593397,110.22361495650996,61.332332187358425,0.26956877630942705,6.305077675570368e-05,4.3343873695192485,0.8330416011935328
OII_3726,3727.092,7.821422868630179,7.821422868630179,200.10647754506505,76.11145388123042,0.26956877630942705,6.305077675570368e-05,4.3343873695192485,0.8330416011935328
OII_3729,3729.875,3.7472481360415486,3.7472481360415486,95.87112697844852,69.83151143025256,0.26956877630942705,6.305077675570368e-05,4.3343873695192485,0.8330416011935328
OI_6300,6302.046,0.0,0.0,0.0,10000000000.0,0.26956877630942705,6.305077675570368e-05,4.3343873695192485,0.8330416011935328
SII_6717,6718.29,0.1339888053876166,0.1339888053876166,3.428024328427977,56.57722954425653,0.26956877630942705,6.305077675570368e-05,4.3343873695192485,0.8330416011935328
SII_6731,6732.67,3.9919376019901165,3.9919376019901165,102.13136222537955,60.679882711289764,0.26956877630942705,6.305077675570368e-05,4.3343873695192485,0.8330416011935328
NII_6548,6549.85,2.1267701877857235,2.1267701877857235,54.412157221745076,57.76764761918222,0.26956877630942705,6.305077675570368e-05,4.3343873695192485,0.8330416011935328
NII_6584,6585.28,1.853398146287418,1.853398146287418,47.418095245767304,57.48299660931359,0.26956877630942705,6.305077675570368e-05,4.3343873695192485,0.8330416011935328
NII_5755,5756.24,0.0,0.0,0.0,10000000000.0,0.26956877630942705,6.305077675570368e-05,4.3343873695192485,0.8330416011935328
HeI_5876,5877.594,0.260717203904278,0.260717203904278,6.67029544175773,56.5905937739334,0.26956877630942705,6.305077675570368e-05,4.3343873695192485,0.8330416011935328
HeII_4686,4687.02,0.0,0.0,0.0,10000000000.0,0.26956877630942705,6.305077675570368e-05,4.3343873695192485,0.8330416011935328
NeIII_3869,3870.16,5.039120241328419,2.2636323223230446,128.92291062059266,62.991691598776384,0.26956877630942705,6.305077675570368e-05,4.3343873695192485,0.8330416011935328
