line,wl,amp,amp_err,flux,flux_err,z,zerr,FWHM,FWHMerr
HI_6563,6564.61,1.761628568060246,1.761628568060246,17.69836089996446,33.3472009196406,0.2700737640114908,1.5842680716356704e-05,1.702045023432368,0.11992614560421333
HI_4861,4862.683,8.858862118238676,8.858862118238676,89.00136031754552,33.56646840104416,0.2700737640114908,1.5842680716356704e-05,1.702045023432368,0.11992614560421333
HI_4341,4341.684,0.3106170051426034,0.3106170051426034,3.120641864211585,35.19583690809798,0.2700737640114908,1.5842680716356704e-05,1.702045023432368,0.11992614560421333
HI_4102,4102.892,0.0,0.0,0.0,10000000000.0,0.2700737640114908,1.5842680716356704e-05,1.702045023432368,0.11992614560421333
OIII_4363,4364.436,0.0,0.0,0.0,10000000000.0,0.2700737640114908,1.5842680716356704e-05,1.702045023432368,0.11992614560421333
OIII_5007,5008.24,5.567913323013727,5.567913323013727,55.9385452967105,33.79319435617484,0.2700737640114908,1.5842680716356704e-05,1.702045023432368,0.11992614560421333
OIII_4959,4960.295,51.99803247429509,51.99803247429509,522.4029409510994,51.00414575449948,0.2700737640114908,1.5842680716356704e-05,1.702045023432368,0.11992614560421333
OII_3726,3727.092,18.48526233174448,18.48526233174448,185.71386159908363,35.65595729531781,0.2700737640114908,1.5842680716356704e-05,1.702045023432368,0.11992614560421333
OII_3729,3729.875,3.288773841899797,3.288773841899797,33.040964155342124,33.015542354020845,0.2700737640114908,1.5842680716356704e-05,1.702045023432368,0.11992614560421333
OI_6300,6302.046,0.0,0.0,0.0,10000000000.0,0.2700737640114908,1.5842680716356704e-05,1.702045023432368,0.11992614560421333
SII_6717,6718.29,0.0,0.0,0.0,10000000000.0,0.2700737640114908,1.5842680716356704e-05,1.702045023432368,0.11992614560421333
SII_6731,6732.67,1.992224036399989,1.992224036399989,20.01505914984975,32.89500516784144,0.2700737640114908,1.5842680716356704e-05,1.702045023432368,0.11992614560421333
NII_6548,6549.85,0.0,0.0,0.0,10000000000.0,0.2700737640114908,1.5842680716356704e-05,1.702045023432368,0.11992614560421333
NII_6584,6585.28,0.0,0.0,0.0,10000000000.0,0.2700737640114908,1.5842680716356704e-05,1.702045023432368,0.11992614560421333
NII_5755,5756.24,0.0,0.0,0.0,10000000000.0,0.2700737640114908,1.5842680716356704e-05,1.702045023432368,0.11992614560421333
HeI_5876,5877.594,6.638944065781061,6.638944065781061,66.6987526208489,33.42612805362015,0.2700737640114908,1.5842680716356704e-05,1.702045023432368,0.11992614560421333
HeII_4686,4687.02,0.0,0.0,0.0,10000000000.0,0.2700737640114908,1.5842680716356704e-05,1.702045023432368,0.11992614560421333
NeIII_3869,3870.16,8.42724665754099,3.529709524850881,84.66509651487381,35.959818139024144,0.2700737640114908,1.5842680716356704e-05,1.702045023432368,0.11992614560421333
