line,wl,amp,amp_err,flux,flux_err,z,zerr,FWHM,FWHMerr
HI_6563,6564.61,2.495859115604503,2.495859115604503,37.37194970815663,43.63990200141631,0.26841352304974203,3.436361876078316e-05,2.536752111704126,0.4830654472879309
HI_4861,4862.683,0.0,0.0,0.0,10000000000.0,0.26841352304974203,3.436361876078316e-05,2.536752111704126,0.4830654472879309
HI_4341,4341.684,0.0,0.0,0.0,10000000000.0,0.26841352304974203,3.436361876078316e-05,2.536752111704126,0.4830654472879309
HI_4102,4102.892,0.0,0.0,0.0,10000000000.0,0.26841352304974203,3.436361876078316e-05,2.536752111704126,0.4830654472879309
OIII_4363,4364.436,2.256829272693267,2.256829272693267,33.79281689085267,43.455411774565945,0.26841352304974203,3.436361876078316e-05,2.536752111704126,0.4830654472879309
OIII_5007,5008.24,2.176995316775333,2.176995316775333,32.59741665094546,43.416624843707986,0.26841352304974203,3.436361876078316e-05,2.536752111704126,0.4830654472879309
OIII_4959,4960.295,2.143752885722961,2.143752885722961,32.09965840261372,43.44974653533118,0.26841352304974203,3.436361876078316e-05,2.536752111704126,0.4830654472879309
OII_3726,3727.092,6.535515603700333,6.535515603700333,97.86007508649182,48.13894262823964,0.26841352304974203,3.436361876078316e-05,2.536752111704126,0.4830654472879309
OII_3729,3729.875,4.082826884303131,4.082826884303131,61.13454082135979,45.42129524216941,0.26841352304974203,3.436361876078316e-05,2.536752111704126,0.4830654472879309
OI_6300,6302.046,0.0,0.0,0.0,10000000000.0,0.26841352304974203,3.436361876078316e-05,2.536752111704126,0.4830654472879309
SII_6717,6718.29,1.0427315402567956,1.0427315402567956,15.613425628852973,43.028027437891325,0.26841352304974203,3.436361876078316e-05,2.536752111704126,0.4830654472879309
SII_6731,6732.67,0.0,0.0,0.0,10000000000.0,0.26841352304974203,3.436361876078316e-05,2.536752111704126,0.4830654472879309
NII_6548,6549.85,1.4085254666829314,1.4085254666829314,21.090670773211084,43.140184033125514,0.26841352304974203,3.436361876078316e-05,2.536752111704126,0.4830654472879309
NII_6584,6585.28,0.0,0.0,0.0,10000000000.0,0.26841352304974203,3.436361876078316e-05,2.536752111704126,0.4830654472879309
NII_5755,5756.24,3.0795203875596826,3.0795203875596826,46.11144929198015,43.96909319093007,0.26841352304974203,3.436361876078316e-05,2.536752111704126,0.4830654472879309
HeI_5876,5877.594,0.43682097957673705,0.43682097957673705,6.540774508522534,42.91029694585528,0.26841352304974203,3.436361876078316e-05,2.536752111704126,0.4830654472879309
HeII_4686,4687.02,0.0,0.0,0.0,10000000000.0,0.26841352304974203,3.436361876078316e-05,2.536752111704126,0.4830654472879309
NeIII_3869,3870.16,0.0,10000000000.0,0.0,10000000000.0,0.26841352304974203,3.436361876078316e-05,2.536752111704126,0.4830654472879309
