line,wl,amp,amp_err,flux,flux_err,z,zerr,FWHM,FWHMerr
HI_6563,6564.61,0.0,0.0,0.0,10000000000.0,0.27016260627330724,1.924932213170662e-05,1.1761958767192797,0.3613503931333965
HI_4861,4862.683,2.5248977839761437,2.5248977839761437,17.529563904209912,26.19154055807718,0.27016260627330724,1.924932213170662e-05,1.1761958767192797,0.3613503931333965
HI_4341,4341.684,0.0,0.0,0.0,10000000000.0,0.27016260627330724,1.924932213170662e-05,1.1761958767192797,0.3613503931333965
HI_4102,4102.892,0.0,0.0,0.0,10000000000.0,0.27016260627330724,1.924932213170662e-05,1.1761958767192797,0.3613503931333965
OIII_4363,4364.436,0.0,0.0,0.0,10000000000.0,0.27016260627330724,1.924932213170662e-05,1.1761958767192797,0.3613503931333965
OIII_5007,5008.24,5.113586747608906,5.113586747608906,35.502009721268855,25.52117299845101,0.27016260627330724,1.924932213170662e-05,1.1761958767192797,0.3613503931333965
OIII_4959,4960.295,0.0,0.0,0.0,10000000000.0,0.27016260627330724,1.924932213170662e-05,1.1761958767192797,0.3613503931333965
OII_3726,3727.092,14.687939776339704,14.687939776339704,101.97370387211136,53.11958868424553,0.27016260627330724,1.924932213170662e-05,1.1761958767192797,0.3613503931333965
OII_3729,3729.875,0.0,0.0,0.0,10000000000.0,0.27016260627330724,1.924932213170662e-05,1.1761958767192797,0.3613503931333965
OI_6300,6302.046,2.6446917614005088,2.6446917614005088,18.361255466508705,23.7472675576115,0.27016260627330724,1.924932213170662e-05,1.1761958767192797,0.3613503931333965
SII_6717,6718.29,0.0,0.0,0.0,10000000000.0,0.27016260627330724,1.924932213170662e-05,1.1761958767192797,0.3613503931333965
SII_6731,6732.67,0.0,0.0,0.0,10000000000.0,0.27016260627330724,1.924932213170662e-05,1.1761958767192797,0.3613503931333965
NII_6548,6549.85,0.0,0.0,0.0,10000000000.0,0.27016260627330724,1.924932213170662e-05,1.1761958767192797,0.3613503931333965
NII_6584,6585.28,0.0,0.0,0.0,10000000000.0,0.27016260627330724,1.924932213170662e-05,1.1761958767192797,0.3613503931333965
NII_5755,5756.24,0.0,0.0,0.0,10000000000.0,0.27016260627330724,1.924932213170662e-05,1.1761958767192797,0.3613503931333965
HeI_5876,5877.594,0.0,0.0,0.0,10000000000.0,0.27016260627330724,1.924932213170662e-05,1.1761958767192797,0.3613503931333965
HeII_4686,4687.02,0.0,0.0,0.0,10000000000.0,0.27016260627330724,1.924932213170662e-05,1.1761958767192797,0.3613503931333965
NeIII_3869,3870.16,0.0,10000000000.0,0.0,10000000000.0,0.27016260627330724,1.924932213170662e-05,1.1761958767192797,0.3613503931333965
