line,wl,amp,amp_err,flux,flux_err,z,zerr,FWHM,FWHMerr
HI_6563,6564.61,0.0,0.0,0.0,10000000000.0,0.27021249897677685,2.04834641354699e-05,0.912589354119499,0.26583278649563535
HI_4861,4862.683,3.4301548928284546,3.4301548928284546,18.477226728984526,41.938758814922075,0.27021249897677685,2.04834641354699e-05,0.912589354119499,0.26583278649563535
HI_4341,4341.684,0.0,0.0,0.0,10000000000.0,0.27021249897677685,2.04834641354699e-05,0.912589354119499,0.26583278649563535
HI_4102,4102.892,0.0,0.0,0.0,10000000000.0,0.27021249897677685,2.04834641354699e-05,0.912589354119499,0.26583278649563535
OIII_4363,4364.436,2.369941285347977,2.369941285347977,12.7661705759436,18.75988434335946,0.27021249897677685,2.04834641354699e-05,0.912589354119499,0.26583278649563535
OIII_5007,5008.24,0.0,0.0,0.0,10000000000.0,0.27021249897677685,2.04834641354699e-05,0.912589354119499,0.26583278649563535
OIII_4959,4960.295,82.78175126860151,82.78175126860151,445.9207339033854,332.1529892312977,0.27021249897677685,2.04834641354699e-05,0.912589354119499,0.26583278649563535
OII_3726,3727.092,0.0,0.0,0.0,10000000000.0,0.27021249897677685,2.04834641354699e-05,0.912589354119499,0.26583278649563535
OII_3729,3729.875,9.885655779713943,9.885655779713943,53.25109475037511,33.404997110574456,0.27021249897677685,2.04834641354699e-05,0.912589354119499,0.26583278649563535
OI_6300,6302.046,0.0,0.0,0.0,10000000000.0,0.27021249897677685,2.04834641354699e-05,0.912589354119499,0.26583278649563535
SII_6717,6718.29,1.7729814745341628,1.7729814745341628,9.550525184664126,17.03737281567816,0.27021249897677685,2.04834641354699e-05,0.912589354119499,0.26583278649563535
SII_6731,6732.67,0.0,0.0,0.0,10000000000.0,0.27021249897677685,2.04834641354699e-05,0.912589354119499,0.26583278649563535
NII_6548,6549.85,0.0,0.0,0.0,10000000000.0,0.27021249897677685,2.04834641354699e-05,0.912589354119499,0.26583278649563535
NII_6584,6585.28,11.061227454578216,11.061227454578216,59.58355058729745,25.908027273004695,0.27021249897677685,2.04834641354699e-05,0.912589354119499,0.26583278649563535
NII_5755,5756.24,0.0,0.0,0.0,10000000000.0,0.27021249897677685,2.04834641354699e-05,0.912589354119499,0.26583278649563535
HeI_5876,5877.594,0.0,0.0,0.0,10000000000.0,0.27021249897677685,2.04834641354699e-05,0.912589354119499,0.26583278649563535
HeII_4686,4687.02,0.0,0.0,0.0,10000000000.0,0.27021249897677685,2.04834641354699e-05,0.912589354119499,0.26583278649563535
NeIII_3869,3870.16,0.0,10000000000.0,0.0,10000000000.0,0.27021249897677685,2.04834641354699e-05,0.912589354119499,0.26583278649563535
