line,wl,amp,amp_err,flux,flux_err,z,zerr,FWHM,FWHMerr
HI_6563,6564.61,17.782961442150736,17.782961442150736,636.5813990106989,78.74152959583033,0.2693147890206945,3.554187184630932e-05,6.064600526654081,0.4201232278300913
HI_4861,4862.683,8.102597846327626,8.102597846327626,290.0508494839593,65.37368389188501,0.2693147890206945,3.554187184630932e-05,6.064600526654081,0.4201232278300913
HI_4341,4341.684,4.94008021533466,4.94008021533466,176.84136497359876,62.901568331832806,0.2693147890206945,3.554187184630932e-05,6.064600526654081,0.4201232278300913
HI_4102,4102.892,0.0,0.0,0.0,10000000000.0,0.2693147890206945,3.554187184630932e-05,6.064600526654081,0.4201232278300913
OIII_4363,4364.436,1.2003949593885181,1.2003949593885181,42.970857531169166,61.48219223953286,0.2693147890206945,3.554187184630932e-05,6.064600526654081,0.4201232278300913
OIII_5007,5008.24,18.286264976064558,18.286264976064558,654.5982894362983,79.62280050733422,0.2693147890206945,3.554187184630932e-05,6.064600526654081,0.4201232278300913
OIII_4959,4960.295,14.411753063548417,14.411753063548417,515.9013563199184,73.25408645348763,0.2693147890206945,3.554187184630932e-05,6.064600526654081,0.4201232278300913
OII_3726,3727.092,14.302852764817544,14.302852764817544,512.0030233710281,93.94048513557736,0.2693147890206945,3.554187184630932e-05,6.064600526654081,0.4201232278300913
OII_3729,3729.875,13.581242506460399,13.581242506460399,486.1713490855157,93.58598624007313,0.2693147890206945,3.554187184630932e-05,6.064600526654081,0.4201232278300913
OI_6300,6302.046,2.4326508577896675,2.4326508577896675,87.0822495675969,61.7614794365848,0.2693147890206945,3.554187184630932e-05,6.064600526654081,0.4201232278300913
SII_6717,6718.29,4.496999208602119,4.496999208602119,160.98027636592101,62.64553024615169,0.2693147890206945,3.554187184630932e-05,6.064600526654081,0.4201232278300913
SII_6731,6732.67,0.0,0.0,0.0,10000000000.0,0.2693147890206945,3.554187184630932e-05,6.064600526654081,0.4201232278300913
NII_6548,6549.85,0.0,0.0,0.0,10000000000.0,0.2693147890206945,3.554187184630932e-05,6.064600526654081,0.4201232278300913
NII_6584,6585.28,0.22841295035095754,0.22841295035095754,8.17655911584703,61.39531085315981,0.2693147890206945,3.554187184630932e-05,6.064600526654081,0.4201232278300913
NII_5755,5756.24,0.7604361355101901,0.7604361355101901,27.22153453327287,61.42823498623036,0.2693147890206945,3.554187184630932e-05,6.064600526654081,0.4201232278300913
HeI_5876,5877.594,0.07125727846391783,0.07125727846391783,2.55081574358796,61.392363592315505,0.2693147890206945,3.554187184630932e-05,6.064600526654081,0.4201232278300913
HeII_4686,4687.02,0.0,0.0,0.0,10000000000.0,0.2693147890206945,3.554187184630932e-05,6.064600526654081,0.4201232278300913
NeIII_3869,3870.16,0.0,10000000000.0,0.0,10000000000.0,0.2693147890206945,3.554187184630932e-05,6.064600526654081,0.4201232278300913
