line,wl,amp,amp_err,flux,flux_err,z,zerr,FWHM,FWHMerr
HI_6563,6564.61,40.92566502786144,40.92566502786144,1398.698149205757,82.52721637051802,0.26918667773801835,1.6803607296284538e-05,5.79002710408842,0.2000748473761239
HI_4861,4862.683,17.199514151685776,17.199514151685776,587.8201024912754,66.38034201920578,0.26918667773801835,1.6803607296284538e-05,5.79002710408842,0.2000748473761239
HI_4341,4341.684,7.937298877277499,7.937298877277499,271.2695136849459,63.248908588663944,0.26918667773801835,1.6803607296284538e-05,5.79002710408842,0.2000748473761239
HI_4102,4102.892,4.3367609671962555,4.3367609671962555,148.2155399120741,62.63683986431054,0.26918667773801835,1.6803607296284538e-05,5.79002710408842,0.2000748473761239
OIII_4363,4364.436,0.0,0.0,0.0,10000000000.0,0.26918667773801835,1.6803607296284538e-05,5.79002710408842,0.2000748473761239
OIII_5007,5008.24,43.0477856064424,43.0477856064424,1471.2249150782711,84.38879535517478,0.26918667773801835,1.6803607296284538e-05,5.79002710408842,0.2000748473761239
OIII_4959,4960.295,19.217373894969683,19.217373894969683,656.7835924276415,67.3382214781154,0.26918667773801835,1.6803607296284538e-05,5.79002710408842,0.2000748473761239
OII_3726,3727.092,23.97504088089636,23.97504088089636,819.3842490870429,92.99406445756544,0.26918667773801835,1.6803607296284538e-05,5.79002710408842,0.2000748473761239
OII_3729,3729.875,38.66967030432647,38.66967030432647,1321.596026557826,96.6989174749913,0.26918667773801835,1.6803607296284538e-05,5.79002710408842,0.2000748473761239
OI_6300,6302.046,1.2557259424338554,1.2557259424338554,42.91638389739486,62.39657469071151,0.26918667773801835,1.6803607296284538e-05,5.79002710408842,0.2000748473761239
SII_6717,6718.29,4.121010520748314,4.121010520748314,140.84193340057055,62.61144776752471,0.26918667773801835,1.6803607296284538e-05,5.79002710408842,0.2000748473761239
SII_6731,6732.67,4.94670609282241,4.94670609282241,169.06136166596812,62.71560508808579,0.26918667773801835,1.6803607296284538e-05,5.79002710408842,0.2000748473761239
NII_6548,6549.85,0.0,0.0,0.0,10000000000.0,0.26918667773801835,1.6803607296284538e-05,5.79002710408842,0.2000748473761239
NII_6584,6585.28,6.223032841421173,6.223032841421173,212.6818101017251,62.9134507566767,0.26918667773801835,1.6803607296284538e-05,5.79002710408842,0.2000748473761239
NII_5755,5756.24,1.3138574010547472,1.3138574010547472,44.90311675875018,62.3986721992822,0.26918667773801835,1.6803607296284538e-05,5.79002710408842,0.2000748473761239
HeI_5876,5877.594,4.572156694313094,4.572156694313094,156.26055439443178,62.666026528155804,0.26918667773801835,1.6803607296284538e-05,5.79002710408842,0.2000748473761239
HeII_4686,4687.02,0.0,0.0,0.0,10000000000.0,0.26918667773801835,1.6803607296284538e-05,5.79002710408842,0.2000748473761239
NeIII_3869,3870.16,3.660420735141315,1.826164385904696,125.1005623017012,62.56153204344964,0.26918667773801835,1.6803607296284538e-05,5.79002710408842,0.2000748473761239
