line,wl,amp,amp_err,flux,flux_err,z,zerr,FWHM,FWHMerr
HI_6563,6564.61,552.8700837850977,552.8700837850977,15170.252369781509,133.35828032339242,0.2692780687881528,1.964570688985185e-06,4.6485987053836055,0.025051971977083858
HI_4861,4862.683,246.2572786644555,246.2572786644555,6757.07580279839,105.29579616944058,0.2692780687881528,1.964570688985185e-06,4.6485987053836055,0.025051971977083858
HI_4341,4341.684,118.34812236363746,118.34812236363746,3247.3648627441917,99.05799747173937,0.2692780687881528,1.964570688985185e-06,4.6485987053836055,0.025051971977083858
HI_4102,4102.892,47.30266138692127,47.30266138692127,1297.9420157608772,97.42079620481435,0.2692780687881528,1.964570688985185e-06,4.6485987053836055,0.025051971977083858
OIII_4363,4364.436,8.376744281437482,8.376744281437482,229.85024604067024,97.11626376249113,0.2692780687881528,1.964570688985185e-06,4.6485987053836055,0.025051971977083858
OIII_5007,5008.24,577.175897066666,577.175897066666,15837.181784753264,136.14397165271546,0.2692780687881528,1.964570688985185e-06,4.6485987053836055,0.025051971977083858
OIII_4959,4960.295,201.988836184599,201.988836184599,5542.389994807341,102.68801163481773,0.2692780687881528,1.964570688985185e-06,4.6485987053836055,0.025051971977083858
OII_3726,3727.092,338.2156030322594,338.2156030322594,9280.328604995708,127.4663401295444,0.2692780687881528,1.964570688985185e-06,4.6485987053836055,0.025051971977083858
OII_3729,3729.875,325.9901690150152,325.9901690150152,8944.873812249505,126.94824297620029,0.2692780687881528,1.964570688985185e-06,4.6485987053836055,0.025051971977083858
OI_6300,6302.046,12.549609482969004,12.549609482969004,344.3498727502945,97.1285459228055,0.2692780687881528,1.964570688985185e-06,4.6485987053836055,0.025051971977083858
SII_6717,6718.29,50.38304421532962,50.38304421532962,1382.464919555144,97.46298655964986,0.2692780687881528,1.964570688985185e-06,4.6485987053836055,0.025051971977083858
SII_6731,6732.67,33.29252129568954,33.29252129568954,913.5165111922613,97.2622550070493,0.2692780687881528,1.964570688985185e-06,4.6485987053836055,0.025051971977083858
NII_6548,6549.85,27.188683813194075,27.188683813194075,746.0327609418487,97.21036621073218,0.2692780687881528,1.964570688985185e-06,4.6485987053836055,0.025051971977083858
NII_6584,6585.28,90.94856627534546,90.94856627534546,2495.545958321537,98.26362170434693,0.2692780687881528,1.964570688985185e-06,4.6485987053836055,0.025051971977083858
NII_5755,5756.24,0.9111972413425065,0.9111972413425065,25.002423743346572,97.10650609835552,0.2692780687881528,1.964570688985185e-06,4.6485987053836055,0.025051971977083858
HeI_5876,5877.594,16.7582258578974,16.7582258578974,459.83047914909514,97.14590329228554,0.2692780687881528,1.964570688985185e-06,4.6485987053836055,0.025051971977083858
HeII_4686,4687.02,0.0,0.0,0.0,10000000000.0,0.2692780687881528,1.964570688985185e-06,4.6485987053836055,0.025051971977083858
NeIII_3869,3870.16,52.006439011197244,3.5417532611622384,1427.009396587608,97.48629544671716,0.2692780687881528,1.964570688985185e-06,4.6485987053836055,0.025051971977083858
