line,wl,amp,amp_err,flux,flux_err,z,zerr,FWHM,FWHMerr
HI_6563,6564.61,5.864833148806156,5.864833148806156,238.6899830928539,70.25770789476937,0.269692823956724,7.645273827150623e-05,6.894946081107259,0.9539475582449519
HI_4861,4862.683,3.8506812693516395,3.8506812693516395,156.7169983795034,64.50075058235913,0.269692823956724,7.645273827150623e-05,6.894946081107259,0.9539475582449519
HI_4341,4341.684,2.079637458725415,2.079637458725415,84.638150356158,61.18794538573834,0.269692823956724,7.645273827150623e-05,6.894946081107259,0.9539475582449519
HI_4102,4102.892,2.1460411601939313,2.1460411601939313,87.3406822063692,61.27880030555664,0.269692823956724,7.645273827150623e-05,6.894946081107259,0.9539475582449519
OIII_4363,4364.436,1.487631637654772,1.487631637654772,60.54439426166671,60.49981307523193,0.269692823956724,7.645273827150623e-05,6.894946081107259,0.9539475582449519
OIII_5007,5008.24,9.888123428130712,9.888123428130712,402.4319113598335,86.30295978905048,0.269692823956724,7.645273827150623e-05,6.894946081107259,0.9539475582449519
OIII_4959,4960.295,7.019440782161155,7.019440782161155,285.6807958733478,74.33250800907214,0.269692823956724,7.645273827150623e-05,6.894946081107259,0.9539475582449519
OII_3726,3727.092,1.2931156121757112,1.2931156121757112,52.627881437710705,83.83042413295608,0.269692823956724,7.645273827150623e-05,6.894946081107259,0.9539475582449519
OII_3729,3729.875,1.2552161411128964,1.2552161411128964,51.08542935464457,83.81975328075609,0.269692823956724,7.645273827150623e-05,6.894946081107259,0.9539475582449519
OI_6300,6302.046,0.0,0.0,0.0,10000000000.0,0.269692823956724,7.645273827150623e-05,6.894946081107259,0.9539475582449519
SII_6717,6718.29,0.0,0.0,0.0,10000000000.0,0.269692823956724,7.645273827150623e-05,6.894946081107259,0.9539475582449519
SII_6731,6732.67,1.7276059507070158,1.7276059507070158,70.31099175418345,60.75188692565381,0.269692823956724,7.645273827150623e-05,6.894946081107259,0.9539475582449519
NII_6548,6549.85,0.0,0.0,0.0,10000000000.0,0.269692823956724,7.645273827150623e-05,6.894946081107259,0.9539475582449519
NII_6584,6585.28,2.7904727640599276,2.7904727640599276,113.5680896582908,62.29879682317607,0.269692823956724,7.645273827150623e-05,6.894946081107259,0.9539475582449519
NII_5755,5756.24,0.0,0.0,0.0,10000000000.0,0.269692823956724,7.645273827150623e-05,6.894946081107259,0.9539475582449519
HeI_5876,5877.594,0.47351068451757783,0.47351068451757783,19.271180341216205,59.84469120676063,0.269692823956724,7.645273827150623e-05,6.894946081107259,0.9539475582449519
HeII_4686,4687.02,0.0,0.0,0.0,10000000000.0,0.269692823956724,7.645273827150623e-05,6.894946081107259,0.9539475582449519
NeIII_3869,3870.16,0.4599294528060227,1.4689587329020917,18.71844441755722,59.84050152694574,0.269692823956724,7.645273827150623e-05,6.894946081107259,0.9539475582449519
