line,wl,amp,amp_err,flux,flux_err,z,zerr,FWHM,FWHMerr
HI_6563,6564.61,180.8901307152339,180.8901307152339,3404.5395741804223,68.55852043753629,0.26944558311334604,3.0838768531536704e-06,3.188569267957473,0.03917730597041618
HI_4861,4862.683,59.2226464810949,59.2226464810949,1114.6315326069048,52.41979767800721,0.26944558311334604,3.0838768531536704e-06,3.188569267957473,0.03917730597041618
HI_4341,4341.684,23.25157937584504,23.25157937584504,437.6188011709757,50.492342178188,0.26944558311334604,3.0838768531536704e-06,3.188569267957473,0.03917730597041618
HI_4102,4102.892,13.19694073037931,13.19694073037931,248.38009015218236,50.24851726153358,0.26944558311334604,3.0838768531536704e-06,3.188569267957473,0.03917730597041618
OIII_4363,4364.436,2.6351823111622252,2.6351823111622252,49.59685986216421,50.13791933540434,0.26944558311334604,3.0838768531536704e-06,3.188569267957473,0.03917730597041618
OIII_5007,5008.24,198.0305893268387,198.0305893268387,3727.1407544221242,71.65761524613306,0.26944558311334604,3.0838768531536704e-06,3.188569267957473,0.03917730597041618
OIII_4959,4960.295,64.44004035191597,64.44004035191597,1212.8282879360265,52.82949788369957,0.26944558311334604,3.0838768531536704e-06,3.188569267957473,0.03917730597041618
OII_3726,3727.092,80.01392337734728,80.01392337734728,1505.944893436231,56.399457459651494,0.26944558311334604,3.0838768531536704e-06,3.188569267957473,0.03917730597041618
OII_3729,3729.875,90.43158885857133,90.43158885857133,1702.0161454230795,57.28223061790787,0.26944558311334604,3.0838768531536704e-06,3.188569267957473,0.03917730597041618
OI_6300,6302.046,4.2143653772872085,4.2143653772872085,79.31872043156068,50.144598903361924,0.26944558311334604,3.0838768531536704e-06,3.188569267957473,0.03917730597041618
SII_6717,6718.29,23.06666176940712,23.06666176940712,434.13846033319004,50.48580976772394,0.26944558311334604,3.0838768531536704e-06,3.188569267957473,0.03917730597041618
SII_6731,6732.67,18.230661129973782,18.230661129973782,343.11992055651416,50.354414344709234,0.26944558311334604,3.0838768531536704e-06,3.188569267957473,0.03917730597041618
NII_6548,6549.85,4.020287972881988,4.020287972881988,75.66598271093862,50.14327674612719,0.26944558311334604,3.0838768531536704e-06,3.188569267957473,0.03917730597041618
NII_6584,6585.28,11.997381736099555,11.997381736099555,225.80314772065387,50.228395174357345,0.26944558311334604,3.0838768531536704e-06,3.188569267957473,0.03917730597041618
NII_5755,5756.24,0.0,0.0,0.0,10000000000.0,0.26944558311334604,3.0838768531536704e-06,3.188569267957473,0.03917730597041618
HeI_5876,5877.594,12.050567082663747,12.050567082663747,226.80415101712086,50.2293115780068,0.26944558311334604,3.0838768531536704e-06,3.188569267957473,0.03917730597041618
HeII_4686,4687.02,0.0,0.0,0.0,10000000000.0,0.26944558311334604,3.0838768531536704e-06,3.188569267957473,0.03917730597041618
NeIII_3869,3870.16,16.46133596894947,2.6656052618595205,309.81938886646145,50.3136633383643,0.26944558311334604,3.0838768531536704e-06,3.188569267957473,0.03917730597041618
