line,wl,amp,amp_err,flux,flux_err,z,zerr,FWHM,FWHMerr
HI_6563,6564.61,0.0,0.0,0.0,10000000000.0,0.2702110409051643,1.256878121490895e-05,1.0370791862127842,0.19130986837108438
HI_4861,4862.683,7.028599413088273,7.028599413088273,43.02574196482558,36.80726220641665,0.2702110409051643,1.256878121490895e-05,1.0370791862127842,0.19130986837108438
HI_4341,4341.684,0.22243517499657628,0.22243517499657628,1.3616423245692402,17.97508129454113,0.2702110409051643,1.256878121490895e-05,1.0370791862127842,0.19130986837108438
HI_4102,4102.892,19.11635516222907,19.11635516222907,117.02123227942447,43.24550975470061,0.2702110409051643,1.256878121490895e-05,1.0370791862127842,0.19130986837108438
OIII_4363,4364.436,3.9985054550825225,3.9985054550825225,24.476948228827364,19.931644461072143,0.2702110409051643,1.256878121490895e-05,1.0370791862127842,0.19130986837108438
OIII_5007,5008.24,0.0,0.0,0.0,10000000000.0,0.2702110409051643,1.256878121490895e-05,1.0370791862127842,0.19130986837108438
OIII_4959,4960.295,43.83552218978298,43.83552218978298,268.34021343126744,102.71258645413725,0.2702110409051643,1.256878121490895e-05,1.0370791862127842,0.19130986837108438
OII_3726,3727.092,0.0,0.0,0.0,10000000000.0,0.2702110409051643,1.256878121490895e-05,1.0370791862127842,0.19130986837108438
OII_3729,3729.875,0.0,0.0,0.0,10000000000.0,0.2702110409051643,1.256878121490895e-05,1.0370791862127842,0.19130986837108438
OI_6300,6302.046,2.8214651722809094,2.8214651722809094,17.27166755858134,18.67566742786917,0.2702110409051643,1.256878121490895e-05,1.0370791862127842,0.19130986837108438
SII_6717,6718.29,0.0,0.0,0.0,10000000000.0,0.2702110409051643,1.256878121490895e-05,1.0370791862127842,0.19130986837108438
SII_6731,6732.67,2.271611598371578,2.271611598371578,13.905725555199314,27.713606731914545,0.2702110409051643,1.256878121490895e-05,1.0370791862127842,0.19130986837108438
NII_6548,6549.85,3.2160683520513658,3.2160683520513658,19.68724050469172,19.2395099573311,0.2702110409051643,1.256878121490895e-05,1.0370791862127842,0.19130986837108438
NII_6584,6585.28,0.22264938828345748,0.22264938828345748,1.36295363640608,18.795514376285194,0.2702110409051643,1.256878121490895e-05,1.0370791862127842,0.19130986837108438
NII_5755,5756.24,0.0,0.0,0.0,10000000000.0,0.2702110409051643,1.256878121490895e-05,1.0370791862127842,0.19130986837108438
HeI_5876,5877.594,0.0,0.0,0.0,10000000000.0,0.2702110409051643,1.256878121490895e-05,1.0370791862127842,0.19130986837108438
HeII_4686,4687.02,0.0,0.0,0.0,10000000000.0,0.2702110409051643,1.256878121490895e-05,1.0370791862127842,0.19130986837108438
NeIII_3869,3870.16,0.0,10000000000.0,0.0,10000000000.0,0.2702110409051643,1.256878121490895e-05,1.0370791862127842,0.19130986837108438
