line,wl,amp,amp_err,flux,flux_err,z,zerr,FWHM,FWHMerr
HI_6563,6564.61,10.202631354422465,10.202631354422465,541.3281257944374,102.98114526940955,0.27013676414333493,8.008128773738532e-05,8.988779753145455,1.008214031334905
HI_4861,4862.683,0.0,0.0,0.0,10000000000.0,0.27013676414333493,8.008128773738532e-05,8.988779753145455,1.008214031334905
HI_4341,4341.684,0.0,0.0,0.0,10000000000.0,0.27013676414333493,8.008128773738532e-05,8.988779753145455,1.008214031334905
HI_4102,4102.892,0.19214572907526417,0.19214572907526417,10.194809925640632,77.52650693650834,0.27013676414333493,8.008128773738532e-05,8.988779753145455,1.008214031334905
OIII_4363,4364.436,0.4631476688261955,0.4631476688261955,24.57354880543356,77.57724538199042,0.27013676414333493,8.008128773738532e-05,8.988779753145455,1.008214031334905
OIII_5007,5008.24,11.015442666914169,11.015442666914169,584.4540223529685,106.68985432947073,0.27013676414333493,8.008128773738532e-05,8.988779753145455,1.008214031334905
OIII_4959,4960.295,6.901236614864729,6.901236614864729,366.16372312318475,90.10066522795846,0.27013676414333493,8.008128773738532e-05,8.988779753145455,1.008214031334905
OII_3726,3727.092,6.578655195474312,6.578655195474312,349.04829582716354,139.83289766497006,0.27013676414333493,8.008128773738532e-05,8.988779753145455,1.008214031334905
OII_3729,3729.875,0.8947201111346885,0.8947201111346885,47.47178880095372,136.9341819282534,0.27013676414333493,8.008128773738532e-05,8.988779753145455,1.008214031334905
OI_6300,6302.046,0.0,0.0,0.0,10000000000.0,0.27013676414333493,8.008128773738532e-05,8.988779753145455,1.008214031334905
SII_6717,6718.29,1.8225235174270438,1.8225235174270438,96.69890106118747,78.45577169770445,0.27013676414333493,8.008128773738532e-05,8.988779753145455,1.008214031334905
SII_6731,6732.67,0.0,0.0,0.0,10000000000.0,0.27013676414333493,8.008128773738532e-05,8.988779753145455,1.008214031334905
NII_6548,6549.85,0.0,0.0,0.0,10000000000.0,0.27013676414333493,8.008128773738532e-05,8.988779753145455,1.008214031334905
NII_6584,6585.28,0.0,0.0,0.0,10000000000.0,0.27013676414333493,8.008128773738532e-05,8.988779753145455,1.008214031334905
NII_5755,5756.24,1.2531199192968643,1.2531199192968643,66.48765732524568,77.96317193750896,0.27013676414333493,8.008128773738532e-05,8.988779753145455,1.008214031334905
HeI_5876,5877.594,0.0,0.0,0.0,10000000000.0,0.27013676414333493,8.008128773738532e-05,8.988779753145455,1.008214031334905
HeII_4686,4687.02,0.0,0.0,0.0,10000000000.0,0.27013676414333493,8.008128773738532e-05,8.988779753145455,1.008214031334905
NeIII_3869,3870.16,4.19043328374994,1.4797825462652927,222.33474061333374,82.37913935277055,0.27013676414333493,8.008128773738532e-05,8.988779753145455,1.008214031334905
