line,wl,amp,amp_err,flux,flux_err,z,zerr,FWHM,FWHMerr
HI_6563,6564.61,4.8492111629497,4.8492111629497,58.860633502180924,35.07944588533518,0.27028708037518095,2.6525294575486187e-05,2.056393287411506,0.2731244127084789
HI_4861,4862.683,1.5541835516345373,1.5541835516345373,18.864971096089032,34.03213105922147,0.27028708037518095,2.6525294575486187e-05,2.056393287411506,0.2731244127084789
HI_4341,4341.684,0.0,0.0,0.0,10000000000.0,0.27028708037518095,2.6525294575486187e-05,2.056393287411506,0.2731244127084789
HI_4102,4102.892,0.0,0.0,0.0,10000000000.0,0.27028708037518095,2.6525294575486187e-05,2.056393287411506,0.2731244127084789
OIII_4363,4364.436,0.5795044249094872,0.5795044249094872,7.034133268541943,34.14158507935742,0.27028708037518095,2.6525294575486187e-05,2.056393287411506,0.2731244127084789
OIII_5007,5008.24,8.197859904739062,8.197859904739062,99.5071592348545,37.23276845685675,0.27028708037518095,2.6525294575486187e-05,2.056393287411506,0.2731244127084789
OIII_4959,4960.295,14.052812862414385,14.052812862414385,170.57567504776594,41.72692068347596,0.27028708037518095,2.6525294575486187e-05,2.056393287411506,0.2731244127084789
OII_3726,3727.092,21.68128724695191,21.68128724695191,263.17152617500545,51.954994478358834,0.27028708037518095,2.6525294575486187e-05,2.056393287411506,0.2731244127084789
OII_3729,3729.875,0.0,0.0,0.0,10000000000.0,0.27028708037518095,2.6525294575486187e-05,2.056393287411506,0.2731244127084789
OI_6300,6302.046,0.0,0.0,0.0,10000000000.0,0.27028708037518095,2.6525294575486187e-05,2.056393287411506,0.2731244127084789
SII_6717,6718.29,0.41320561535940215,0.41320561535940215,5.015567165344578,34.173239428608944,0.27028708037518095,2.6525294575486187e-05,2.056393287411506,0.2731244127084789
SII_6731,6732.67,0.0,0.0,0.0,10000000000.0,0.27028708037518095,2.6525294575486187e-05,2.056393287411506,0.2731244127084789
NII_6548,6549.85,0.0,0.0,0.0,10000000000.0,0.27028708037518095,2.6525294575486187e-05,2.056393287411506,0.2731244127084789
NII_6584,6585.28,2.1445178946446504,2.1445178946446504,26.030559939312905,34.19147681834155,0.27028708037518095,2.6525294575486187e-05,2.056393287411506,0.2731244127084789
NII_5755,5756.24,0.0,0.0,0.0,10000000000.0,0.27028708037518095,2.6525294575486187e-05,2.056393287411506,0.2731244127084789
HeI_5876,5877.594,0.0,0.0,0.0,10000000000.0,0.27028708037518095,2.6525294575486187e-05,2.056393287411506,0.2731244127084789
HeII_4686,4687.02,0.0,0.0,0.0,10000000000.0,0.27028708037518095,2.6525294575486187e-05,2.056393287411506,0.2731244127084789
NeIII_3869,3870.16,6.530912279467543,2.800989239614928,79.27343668878284,35.5919179476478,0.27028708037518095,2.6525294575486187e-05,2.056393287411506,0.2731244127084789
