line,wl,amp,amp_err,flux,flux_err,z,zerr,FWHM,FWHMerr
HI_6563,6564.61,0.0,0.0,0.0,10000000000.0,0.27014089030876803,2.2570928232373048e-05,1.5282335773891038,0.3870536626029395
HI_4861,4862.683,0.0,0.0,0.0,10000000000.0,0.27014089030876803,2.2570928232373048e-05,1.5282335773891038,0.3870536626029395
HI_4341,4341.684,0.0,0.0,0.0,10000000000.0,0.27014089030876803,2.2570928232373048e-05,1.5282335773891038,0.3870536626029395
HI_4102,4102.892,7.14592175238954,7.14592175238954,64.46079421045133,34.2862126186331,0.27014089030876803,2.2570928232373048e-05,1.5282335773891038,0.3870536626029395
OIII_4363,4364.436,1.6603532863613282,1.6603532863613282,14.977450805838297,29.62220270150066,0.27014089030876803,2.2570928232373048e-05,1.5282335773891038,0.3870536626029395
OIII_5007,5008.24,0.15265149362187458,0.15265149362187458,1.3770143107132748,29.170731180206694,0.27014089030876803,2.2570928232373048e-05,1.5282335773891038,0.3870536626029395
OIII_4959,4960.295,31.360989566354192,31.360989566354192,282.89622594830075,99.2204610717445,0.27014089030876803,2.2570928232373048e-05,1.5282335773891038,0.3870536626029395
OII_3726,3727.092,0.9545342974639652,0.9545342974639652,8.61051114855368,31.491487293824353,0.27014089030876803,2.2570928232373048e-05,1.5282335773891038,0.3870536626029395
OII_3729,3729.875,1.2574042774022018,1.2574042774022018,11.34259248470794,29.55080925594422,0.27014089030876803,2.2570928232373048e-05,1.5282335773891038,0.3870536626029395
OI_6300,6302.046,0.0,0.0,0.0,10000000000.0,0.27014089030876803,2.2570928232373048e-05,1.5282335773891038,0.3870536626029395
SII_6717,6718.29,1.0037849409031878,1.0037849409031878,9.054783518371673,32.07854595461483,0.27014089030876803,2.2570928232373048e-05,1.5282335773891038,0.3870536626029395
SII_6731,6732.67,0.0,0.0,0.0,10000000000.0,0.27014089030876803,2.2570928232373048e-05,1.5282335773891038,0.3870536626029395
NII_6548,6549.85,0.0,0.0,0.0,10000000000.0,0.27014089030876803,2.2570928232373048e-05,1.5282335773891038,0.3870536626029395
NII_6584,6585.28,3.34626256682418,3.34626256682418,30.185433057962154,34.897826776857315,0.27014089030876803,2.2570928232373048e-05,1.5282335773891038,0.3870536626029395
NII_5755,5756.24,0.0,0.0,0.0,10000000000.0,0.27014089030876803,2.2570928232373048e-05,1.5282335773891038,0.3870536626029395
HeI_5876,5877.594,1.7009748059670073,1.7009748059670073,15.343882948051707,33.570197800759004,0.27014089030876803,2.2570928232373048e-05,1.5282335773891038,0.3870536626029395
HeII_4686,4687.02,0.0,0.0,0.0,10000000000.0,0.27014089030876803,2.2570928232373048e-05,1.5282335773891038,0.3870536626029395
NeIII_3869,3870.16,0.0,10000000000.0,0.0,10000000000.0,0.27014089030876803,2.2570928232373048e-05,1.5282335773891038,0.3870536626029395
