line,wl,amp,amp_err,flux,flux_err,z,zerr,FWHM,FWHMerr
HI_6563,6564.61,3.5249603476930815,3.5249603476930815,29.042791180630815,27.41781445340698,0.27019441784152115,1.5697765354333304e-05,1.3958426307546046,0.41217244079768217
HI_4861,4862.683,0.8593739673236769,0.8593739673236769,7.08053884787272,29.05292015344021,0.27019441784152115,1.5697765354333304e-05,1.3958426307546046,0.41217244079768217
HI_4341,4341.684,0.0,0.0,0.0,10000000000.0,0.27019441784152115,1.5697765354333304e-05,1.3958426307546046,0.41217244079768217
HI_4102,4102.892,0.0,0.0,0.0,10000000000.0,0.27019441784152115,1.5697765354333304e-05,1.3958426307546046,0.41217244079768217
OIII_4363,4364.436,0.8967720147272757,0.8967720147272757,7.388668181020222,24.463454933790235,0.27019441784152115,1.5697765354333304e-05,1.3958426307546046,0.41217244079768217
OIII_5007,5008.24,2.0960905262476217,2.0960905262476217,17.270072127009566,27.864279980392595,0.27019441784152115,1.5697765354333304e-05,1.3958426307546046,0.41217244079768217
OIII_4959,4960.295,31.57997335382379,31.57997335382379,260.193159961426,117.46944844120345,0.27019441784152115,1.5697765354333304e-05,1.3958426307546046,0.41217244079768217
OII_3726,3727.092,8.129632516956804,8.129632516956804,66.98152497510034,41.13210859692577,0.27019441784152115,1.5697765354333304e-05,1.3958426307546046,0.41217244079768217
OII_3729,3729.875,3.829644175652902,3.829644175652902,31.55313680688544,28.875415286443193,0.27019441784152115,1.5697765354333304e-05,1.3958426307546046,0.41217244079768217
OI_6300,6302.046,0.0,0.0,0.0,10000000000.0,0.27019441784152115,1.5697765354333304e-05,1.3958426307546046,0.41217244079768217
SII_6717,6718.29,0.0,0.0,0.0,10000000000.0,0.27019441784152115,1.5697765354333304e-05,1.3958426307546046,0.41217244079768217
SII_6731,6732.67,0.0,0.0,0.0,10000000000.0,0.27019441784152115,1.5697765354333304e-05,1.3958426307546046,0.41217244079768217
NII_6548,6549.85,0.0,0.0,0.0,10000000000.0,0.27019441784152115,1.5697765354333304e-05,1.3958426307546046,0.41217244079768217
NII_6584,6585.28,7.120707252376633,7.120707252376633,58.66880571423225,32.00899833598058,0.27019441784152115,1.5697765354333304e-05,1.3958426307546046,0.41217244079768217
NII_5755,5756.24,4.311479698576591,4.311479698576591,35.523067556557855,31.82273010181805,0.27019441784152115,1.5697765354333304e-05,1.3958426307546046,0.41217244079768217
HeI_5876,5877.594,3.595455083555521,3.595455083555521,29.62361016610577,30.003897936613527,0.27019441784152115,1.5697765354333304e-05,1.3958426307546046,0.41217244079768217
HeII_4686,4687.02,0.0,0.0,0.0,10000000000.0,0.27019441784152115,1.5697765354333304e-05,1.3958426307546046,0.41217244079768217
NeIII_3869,3870.16,0.0,10000000000.0,0.0,10000000000.0,0.27019441784152115,1.5697765354333304e-05,1.3958426307546046,0.41217244079768217
