line,wl,amp,amp_err,flux,flux_err,z,zerr,FWHM,FWHMerr
HI_6563,6564.61,1.4661018659464844,1.4661018659464844,35.21626341916714,51.991754593273484,0.27001543468214295,5.738477807487824e-05,4.06941019781719,0.6456155111454098
HI_4861,4862.683,0.0,0.0,0.0,10000000000.0,0.27001543468214295,5.738477807487824e-05,4.06941019781719,0.6456155111454098
HI_4341,4341.684,0.0,0.0,0.0,10000000000.0,0.27001543468214295,5.738477807487824e-05,4.06941019781719,0.6456155111454098
HI_4102,4102.892,0.7489362898151057,0.7489362898151057,17.989703361625214,51.713823454020265,0.27001543468214295,5.738477807487824e-05,4.06941019781719,0.6456155111454098
OIII_4363,4364.436,0.0,0.0,0.0,10000000000.0,0.27001543468214295,5.738477807487824e-05,4.06941019781719,0.6456155111454098
OIII_5007,5008.24,4.256597867260666,4.256597867260666,102.24492256964932,54.710860874268214,0.27001543468214295,5.738477807487824e-05,4.06941019781719,0.6456155111454098
OIII_4959,4960.295,13.630488924659744,13.630488924659744,327.40896089984193,77.7023625596337,0.27001543468214295,5.738477807487824e-05,4.06941019781719,0.6456155111454098
OII_3726,3727.092,10.525828796599853,10.525828796599853,252.83397301101726,69.15536306048959,0.27001543468214295,5.738477807487824e-05,4.06941019781719,0.6456155111454098
OII_3729,3729.875,0.0,0.0,0.0,10000000000.0,0.27001543468214295,5.738477807487824e-05,4.06941019781719,0.6456155111454098
OI_6300,6302.046,0.1959936602046355,0.1959936602046355,4.707834105236124,51.62198244534415,0.27001543468214295,5.738477807487824e-05,4.06941019781719,0.6456155111454098
SII_6717,6718.29,0.0,0.0,0.0,10000000000.0,0.27001543468214295,5.738477807487824e-05,4.06941019781719,0.6456155111454098
SII_6731,6732.67,1.0110803613342796,1.0110803613342796,24.286492753153887,51.79485774599671,0.27001543468214295,5.738477807487824e-05,4.06941019781719,0.6456155111454098
NII_6548,6549.85,0.7631175276301292,0.7631175276301292,18.33034149742167,51.71758236749098,0.27001543468214295,5.738477807487824e-05,4.06941019781719,0.6456155111454098
NII_6584,6585.28,4.768730564305997,4.768730564305997,114.54652342265253,55.47143187694216,0.27001543468214295,5.738477807487824e-05,4.06941019781719,0.6456155111454098
NII_5755,5756.24,0.20927418366227357,0.20927418366227357,5.026836777077539,51.622899878064565,0.27001543468214295,5.738477807487824e-05,4.06941019781719,0.6456155111454098
HeI_5876,5877.594,0.0,0.0,0.0,10000000000.0,0.27001543468214295,5.738477807487824e-05,4.06941019781719,0.6456155111454098
HeII_4686,4687.02,0.0,0.0,0.0,10000000000.0,0.27001543468214295,5.738477807487824e-05,4.06941019781719,0.6456155111454098
NeIII_3869,3870.16,5.88488705853274,2.1990339563290098,141.35698047935057,57.38518083343375,0.27001543468214295,5.738477807487824e-05,4.06941019781719,0.6456155111454098
