line,wl,amp,amp_err,flux,flux_err,z,zerr,FWHM,FWHMerr
HI_6563,6564.61,20.255355907763374,20.255355907763374,571.4627117892309,68.26534354138325,0.26918980681081967,2.7056332175687798e-05,4.779696942227172,0.3317940311159997
HI_4861,4862.683,9.86415727395206,9.86415727395206,278.29666834575784,56.2111674230968,0.26918980681081967,2.7056332175687798e-05,4.779696942227172,0.3317940311159997
HI_4341,4341.684,4.509716188249968,4.509716188249968,127.23225669657913,52.82699274773368,0.26918980681081967,2.7056332175687798e-05,4.779696942227172,0.3317940311159997
HI_4102,4102.892,4.124454939620136,4.124454939620136,116.3629123665234,52.67610619014984,0.26918980681081967,2.7056332175687798e-05,4.779696942227172,0.3317940311159997
OIII_4363,4364.436,1.7064026564157757,1.7064026564157757,48.14259961070135,52.03044243649059,0.26918980681081967,2.7056332175687798e-05,4.779696942227172,0.3317940311159997
OIII_5007,5008.24,23.74901156821477,23.74901156821477,670.0289353041751,73.46550920587559,0.26918980681081967,2.7056332175687798e-05,4.779696942227172,0.3317940311159997
OIII_4959,4960.295,6.311599495623227,6.311599495623227,178.06864416112174,53.70460700163442,0.26918980681081967,2.7056332175687798e-05,4.779696942227172,0.3317940311159997
OII_3726,3727.092,19.119619038744645,19.119619038744645,539.4202597087075,74.42053024160045,0.26918980681081967,2.7056332175687798e-05,4.779696942227172,0.3317940311159997
OII_3729,3729.875,12.259685734211985,12.259685734211985,345.8815183134511,70.48612757128933,0.26918980681081967,2.7056332175687798e-05,4.779696942227172,0.3317940311159997
OI_6300,6302.046,0.0,0.0,0.0,10000000000.0,0.26918980681081967,2.7056332175687798e-05,4.779696942227172,0.3317940311159997
SII_6717,6718.29,1.050183195505042,1.050183195505042,29.628733235379606,51.947030566796634,0.26918980681081967,2.7056332175687798e-05,4.779696942227172,0.3317940311159997
SII_6731,6732.67,0.0,0.0,0.0,10000000000.0,0.26918980681081967,2.7056332175687798e-05,4.779696942227172,0.3317940311159997
NII_6548,6549.85,0.0,0.0,0.0,10000000000.0,0.26918980681081967,2.7056332175687798e-05,4.779696942227172,0.3317940311159997
NII_6584,6585.28,4.461435506171824,4.461435506171824,125.87011773278857,52.80746254934613,0.26918980681081967,2.7056332175687798e-05,4.779696942227172,0.3317940311159997
NII_5755,5756.24,0.0,0.0,0.0,10000000000.0,0.26918980681081967,2.7056332175687798e-05,4.779696942227172,0.3317940311159997
HeI_5876,5877.594,0.0,0.0,0.0,10000000000.0,0.26918980681081967,2.7056332175687798e-05,4.779696942227172,0.3317940311159997
HeII_4686,4687.02,0.0,0.0,0.0,10000000000.0,0.26918980681081967,2.7056332175687798e-05,4.779696942227172,0.3317940311159997
NeIII_3869,3870.16,0.0,10000000000.0,0.0,10000000000.0,0.26918980681081967,2.7056332175687798e-05,4.779696942227172,0.3317940311159997
