line,wl,amp,amp_err,flux,flux_err,z,zerr,FWHM,FWHMerr
HI_6563,6564.61,412.3142716859545,412.3142716859545,11586.208813530566,103.31956760439245,0.26922497786779326,2.088813783290857e-06,4.760639827420206,0.027522832285004777
HI_4861,4862.683,127.24069608359582,127.24069608359582,3575.5184228170433,74.8366487033307,0.26922497786779326,2.088813783290857e-06,4.760639827420206,0.027522832285004777
HI_4341,4341.684,60.97822078414265,60.97822078414265,1713.5142962520777,72.03518832299112,0.26922497786779326,2.088813783290857e-06,4.760639827420206,0.027522832285004777
HI_4102,4102.892,32.69479070010652,32.69479070010652,918.7377158136229,71.42591478607892,0.26922497786779326,2.088813783290857e-06,4.760639827420206,0.027522832285004777
OIII_4363,4364.436,4.863266255607414,4.863266255607414,136.6598786960783,71.18412335568146,0.26922497786779326,2.088813783290857e-06,4.760639827420206,0.027522832285004777
OIII_5007,5008.24,363.67852117140615,363.67852117140615,10219.52325360521,97.10730527601456,0.26922497786779326,2.088813783290857e-06,4.760639827420206,0.027522832285004777
OIII_4959,4960.295,118.82516446566729,118.82516446566729,3339.038355795608,74.37879706724519,0.26922497786779326,2.088813783290857e-06,4.760639827420206,0.027522832285004777
OII_3726,3727.092,193.89349490044629,193.89349490044629,5448.490808518189,91.92022754899592,0.26922497786779326,2.088813783290857e-06,4.760639827420206,0.027522832285004777
OII_3729,3729.875,225.08274675974303,225.08274675974303,6324.922233755994,93.29675305764164,0.26922497786779326,2.088813783290857e-06,4.760639827420206,0.027522832285004777
OI_6300,6302.046,11.202361356982124,11.202361356982124,314.7911842971064,71.20774286284502,0.26922497786779326,2.088813783290857e-06,4.760639827420206,0.027522832285004777
SII_6717,6718.29,43.41943998632928,43.41943998632928,1220.1049849454114,71.61420304565647,0.26922497786779326,2.088813783290857e-06,4.760639827420206,0.027522832285004777
SII_6731,6732.67,35.4026784691921,35.4026784691921,994.8305296954753,71.4684933500954,0.26922497786779326,2.088813783290857e-06,4.760639827420206,0.027522832285004777
NII_6548,6549.85,21.57122669595367,21.57122669595367,606.1607711063814,71.2864249160909,0.26922497786779326,2.088813783290857e-06,4.760639827420206,0.027522832285004777
NII_6584,6585.28,67.03029374238236,67.03029374238236,1883.5801558745536,72.21235775673867,0.26922497786779326,2.088813783290857e-06,4.760639827420206,0.027522832285004777
NII_5755,5756.24,0.5478234971877782,0.5478234971877782,15.394076478173943,71.17869752590508,0.26922497786779326,2.088813783290857e-06,4.760639827420206,0.027522832285004777
HeI_5876,5877.594,18.00614379121157,18.00614379121157,505.98040431240526,71.25374217008061,0.26922497786779326,2.088813783290857e-06,4.760639827420206,0.027522832285004777
HeII_4686,4687.02,2.1600499167107046e-12,2.1600499167107046e-12,6.069833401673171e-11,71.17863709027459,0.26922497786779326,2.088813783290857e-06,4.760639827420206,0.027522832285004777
NeIII_3869,3870.16,35.62017397332056,2.5351006154838607,1000.9422471398714,71.47207048379629,0.26922497786779326,2.088813783290857e-06,4.760639827420206,0.027522832285004777
