line,wl,amp,amp_err,flux,flux_err,z,zerr,FWHM,FWHMerr
HI_6563,6564.61,0.0,0.0,0.0,10000000000.0,0.2701761139965154,9.339118203499678e-06,1.621919919934578,0.3158316323187908
HI_4861,4862.683,0.0,0.0,0.0,10000000000.0,0.2701761139965154,9.339118203499678e-06,1.621919919934578,0.3158316323187908
HI_4341,4341.684,6.987814143420678,6.987814143420678,66.89881288950627,37.62195570666971,0.2701761139965154,9.339118203499678e-06,1.621919919934578,0.3158316323187908
HI_4102,4102.892,2.8541855334570982,2.8541855334570982,27.324943113213976,37.007818208182854,0.2701761139965154,9.339118203499678e-06,1.621919919934578,0.3158316323187908
OIII_4363,4364.436,0.0,0.0,0.0,10000000000.0,0.2701761139965154,9.339118203499678e-06,1.621919919934578,0.3158316323187908
OIII_5007,5008.24,0.0,0.0,0.0,10000000000.0,0.2701761139965154,9.339118203499678e-06,1.621919919934578,0.3158316323187908
OIII_4959,4960.295,63.829338238049104,63.829338238049104,611.0790682188851,159.63011522105992,0.2701761139965154,9.339118203499678e-06,1.621919919934578,0.3158316323187908
OII_3726,3727.092,14.036295416409416,14.036295416409416,134.37843100167842,50.0872204993801,0.2701761139965154,9.339118203499678e-06,1.621919919934578,0.3158316323187908
OII_3729,3729.875,0.0,0.0,0.0,10000000000.0,0.2701761139965154,9.339118203499678e-06,1.621919919934578,0.3158316323187908
OI_6300,6302.046,0.0,0.0,0.0,10000000000.0,0.2701761139965154,9.339118203499678e-06,1.621919919934578,0.3158316323187908
SII_6717,6718.29,0.4303951356937432,0.4303951356937432,4.12044783395379,35.353965638673756,0.2701761139965154,9.339118203499678e-06,1.621919919934578,0.3158316323187908
SII_6731,6732.67,0.3693781606407356,0.3693781606407356,3.5362933167650112,38.46335709305381,0.2701761139965154,9.339118203499678e-06,1.621919919934578,0.3158316323187908
NII_6548,6549.85,0.0,0.0,0.0,10000000000.0,0.2701761139965154,9.339118203499678e-06,1.621919919934578,0.3158316323187908
NII_6584,6585.28,2.3665609717777443,2.3665609717777443,22.65660139109918,37.331659755485404,0.2701761139965154,9.339118203499678e-06,1.621919919934578,0.3158316323187908
NII_5755,5756.24,0.0,0.0,0.0,10000000000.0,0.2701761139965154,9.339118203499678e-06,1.621919919934578,0.3158316323187908
HeI_5876,5877.594,0.0,0.0,0.0,10000000000.0,0.2701761139965154,9.339118203499678e-06,1.621919919934578,0.3158316323187908
HeII_4686,4687.02,0.0,0.0,0.0,10000000000.0,0.2701761139965154,9.339118203499678e-06,1.621919919934578,0.3158316323187908
NeIII_3869,3870.16,6.431114375476341,3.8420353480084484,61.569170050278046,38.68688650529605,0.2701761139965154,9.339118203499678e-06,1.621919919934578,0.3158316323187908
