line,wl,amp,amp_err,flux,flux_err,z,zerr,FWHM,FWHMerr
HI_6563,6564.61,0.0,0.0,0.0,10000000000.0,0.2702846155450545,6.996467192311225e-05,0.38668118571687116,1.2025139581149054
HI_4861,4862.683,0.0,0.0,0.0,10000000000.0,0.2702846155450545,6.996467192311225e-05,0.38668118571687116,1.2025139581149054
HI_4341,4341.684,19.460570162066233,19.460570162066233,44.41771979382054,639.3412972500711,0.2702846155450545,6.996467192311225e-05,0.38668118571687116,1.2025139581149054
HI_4102,4102.892,418.11073751307345,418.11073751307345,954.3155944035046,27262.930909379073,0.2702846155450545,6.996467192311225e-05,0.38668118571687116,1.2025139581149054
OIII_4363,4364.436,288.75061550526743,288.75061550526743,659.0579732759696,18841.467830646805,0.2702846155450545,6.996467192311225e-05,0.38668118571687116,1.2025139581149054
OIII_5007,5008.24,0.0,0.0,0.0,10000000000.0,0.2702846155450545,6.996467192311225e-05,0.38668118571687116,1.2025139581149054
OIII_4959,4960.295,55.024235049175786,55.024235049175786,125.58989967558644,440.47342563399036,0.2702846155450545,6.996467192311225e-05,0.38668118571687116,1.2025139581149054
OII_3726,3727.092,0.0,0.0,0.0,10000000000.0,0.2702846155450545,6.996467192311225e-05,0.38668118571687116,1.2025139581149054
OII_3729,3729.875,0.0,0.0,0.0,10000000000.0,0.2702846155450545,6.996467192311225e-05,0.38668118571687116,1.2025139581149054
OI_6300,6302.046,0.0,0.0,0.0,10000000000.0,0.2702846155450545,6.996467192311225e-05,0.38668118571687116,1.2025139581149054
SII_6717,6718.29,0.0,0.0,0.0,10000000000.0,0.2702846155450545,6.996467192311225e-05,0.38668118571687116,1.2025139581149054
SII_6731,6732.67,0.0,0.0,0.0,10000000000.0,0.2702846155450545,6.996467192311225e-05,0.38668118571687116,1.2025139581149054
NII_6548,6549.85,8.669587154789724,8.669587154789724,19.787873107653564,303.24215006858645,0.2702846155450545,6.996467192311225e-05,0.38668118571687116,1.2025139581149054
NII_6584,6585.28,0.0,0.0,0.0,10000000000.0,0.2702846155450545,6.996467192311225e-05,0.38668118571687116,1.2025139581149054
NII_5755,5756.24,0.0,0.0,0.0,10000000000.0,0.2702846155450545,6.996467192311225e-05,0.38668118571687116,1.2025139581149054
HeI_5876,5877.594,0.0037430497208106317,0.0037430497208106317,0.008543312569401737,13.13214976103067,0.2702846155450545,6.996467192311225e-05,0.38668118571687116,1.2025139581149054
HeII_4686,4687.02,0.0,0.0,0.0,10000000000.0,0.2702846155450545,6.996467192311225e-05,0.38668118571687116,1.2025139581149054
NeIII_3869,3870.16,8.381877483639641,18.58788971913171,19.131191034688044,73.07247970582377,0.2702846155450545,6.996467192311225e-05,0.38668118571687116,1.2025139581149054
