line,wl,amp,amp_err,flux,flux_err,z,zerr,FWHM,FWHMerr
HI_6563,6564.61,203.87836035669602,203.87836035669602,6178.31459150574,101.67070946065476,0.26927959486330577,4.1362787955197334e-06,5.133945189665027,0.05362371914505812
HI_4861,4862.683,72.99595606129333,72.99595606129333,2212.0639957343487,76.15033532544433,0.26927959486330577,4.1362787955197334e-06,5.133945189665027,0.05362371914505812
HI_4341,4341.684,31.101139049206495,31.101139049206495,942.4865928094586,72.47573356021975,0.26927959486330577,4.1362787955197334e-06,5.133945189665027,0.05362371914505812
HI_4102,4102.892,17.400343022170546,17.400343022170546,527.2986941968536,71.89934492665668,0.26927959486330577,4.1362787955197334e-06,5.133945189665027,0.05362371914505812
OIII_4363,4364.436,2.396786570061522,2.396786570061522,72.63204104951863,71.64017457958197,0.26927959486330577,4.1362787955197334e-06,5.133945189665027,0.05362371914505812
OIII_5007,5008.24,191.93453954875326,191.93453954875326,5816.3699385914315,98.716190039262,0.26927959486330577,4.1362787955197334e-06,5.133945189665027,0.05362371914505812
OIII_4959,4960.295,59.86937371134081,59.86937371134081,1814.2770254672525,74.70250809924539,0.26927959486330577,4.1362787955197334e-06,5.133945189665027,0.05362371914505812
OII_3726,3727.092,92.0679080459322,92.0679080459322,2790.0190029702167,94.96072361322022,0.26927959486330577,4.1362787955197334e-06,5.133945189665027,0.05362371914505812
OII_3729,3729.875,124.93066929755082,124.93066929755082,3785.8896633130885,97.50813956658523,0.26927959486330577,4.1362787955197334e-06,5.133945189665027,0.05362371914505812
OI_6300,6302.046,8.655864202666066,8.655864202666066,262.30666173624417,71.70061515132669,0.26927959486330577,4.1362787955197334e-06,5.133945189665027,0.05362371914505812
SII_6717,6718.29,31.629507985386454,31.629507985386454,958.4982455537113,72.50433649299525,0.26927959486330577,4.1362787955197334e-06,5.133945189665027,0.05362371914505812
SII_6731,6732.67,25.66215999887777,25.66215999887777,777.6641782542871,72.20847345981527,0.26927959486330577,4.1362787955197334e-06,5.133945189665027,0.05362371914505812
NII_6548,6549.85,3.9303781965978715,3.9303781965978715,119.10588705781257,71.64865060881472,0.26927959486330577,4.1362787955197334e-06,5.133945189665027,0.05362371914505812
NII_6584,6585.28,25.036061811889567,25.036061811889567,758.6909455992039,72.18096144823791,0.26927959486330577,4.1362787955197334e-06,5.133945189665027,0.05362371914505812
NII_5755,5756.24,1.9503913925973393,1.9503913925973393,59.10451496151429,71.63847650871395,0.26927959486330577,4.1362787955197334e-06,5.133945189665027,0.05362371914505812
HeI_5876,5877.594,4.667247964988178,4.667247964988178,141.43593343507519,71.65419184905282,0.26927959486330577,4.1362787955197334e-06,5.133945189665027,0.05362371914505812
HeII_4686,4687.02,0.0,0.0,0.0,10000000000.0,0.26927959486330577,4.1362787955197334e-06,5.133945189665027,0.05362371914505812
NeIII_3869,3870.16,19.56100341746776,2.36609652991988,592.7751852977145,71.96883507333878,0.26927959486330577,4.1362787955197334e-06,5.133945189665027,0.05362371914505812
