line,wl,amp,amp_err,flux,flux_err,z,zerr,FWHM,FWHMerr
HI_6563,6564.61,470.27705646461027,470.27705646461027,13025.115379678378,96.12498405403443,0.26925784536625136,1.6129339644513235e-06,4.692239051733454,0.02139942699964595
HI_4861,4862.683,176.60490216102312,176.60490216102312,4891.37030106686,73.83257999610662,0.26925784536625136,1.6129339644513235e-06,4.692239051733454,0.02139942699964595
HI_4341,4341.684,71.02023527431948,71.02023527431948,1967.025067508323,70.21259825814819,0.26925784536625136,1.6129339644513235e-06,4.692239051733454,0.02139942699964595
HI_4102,4102.892,37.58588901139842,37.58588901139842,1041.0045191266756,69.69497203556725,0.26925784536625136,1.6129339644513235e-06,4.692239051733454,0.02139942699964595
OIII_4363,4364.436,6.7162914556846545,6.7162914556846545,186.01900716035428,69.49902367572385,0.26925784536625136,1.6129339644513235e-06,4.692239051733454,0.02139942699964595
OIII_5007,5008.24,503.3412179462123,503.3412179462123,13940.88303687131,99.4084667056286,0.26925784536625136,1.6129339644513235e-06,4.692239051733454,0.02139942699964595
OIII_4959,4960.295,176.17888015178596,176.17888015178596,4879.570903778989,73.81227869869947,0.26925784536625136,1.6129339644513235e-06,4.692239051733454,0.02139942699964595
OII_3726,3727.092,210.0411625853592,210.0411625853592,5817.443865373786,87.03585441236025,0.26925784536625136,1.6129339644513235e-06,4.692239051733454,0.02139942699964595
OII_3729,3729.875,264.8293597573727,264.8293597573727,7334.895290656631,88.81913096152805,0.26925784536625136,1.6129339644513235e-06,4.692239051733454,0.02139942699964595
OI_6300,6302.046,13.458315720583641,13.458315720583641,372.75072782533846,69.51853673399225,0.26925784536625136,1.6129339644513235e-06,4.692239051733454,0.02139942699964595
SII_6717,6718.29,56.66594269501138,56.66594269501138,1569.458751080511,69.95180444944515,0.26925784536625136,1.6129339644513235e-06,4.692239051733454,0.02139942699964595
SII_6731,6732.67,42.71513395343777,42.71513395343777,1183.067599309542,69.75387934460082,0.26925784536625136,1.6129339644513235e-06,4.692239051733454,0.02139942699964595
NII_6548,6549.85,22.74365088063564,22.74365088063564,629.9237285833777,69.56673699627211,0.26925784536625136,1.6129339644513235e-06,4.692239051733454,0.02139942699964595
NII_6584,6585.28,82.16496591716441,82.16496591716441,2275.6971587852577,70.45464738642475,0.26925784536625136,1.6129339644513235e-06,4.692239051733454,0.02139942699964595
NII_5755,5756.24,2.163115598856166,2.163115598856166,59.91113082677868,69.49322230870106,0.26925784536625136,1.6129339644513235e-06,4.692239051733454,0.02139942699964595
HeI_5876,5877.594,17.628415453700654,17.628415453700654,488.24866552390563,69.5371290669608,0.26925784536625136,1.6129339644513235e-06,4.692239051733454,0.02139942699964595
HeII_4686,4687.02,0.0,0.0,0.0,10000000000.0,0.26925784536625136,1.6129339644513235e-06,4.692239051733454,0.02139942699964595
NeIII_3869,3870.16,41.7769408896761,2.510864467755422,1157.082761784666,69.7425470353981,0.26925784536625136,1.6129339644513235e-06,4.692239051733454,0.02139942699964595
