line,wl,amp,amp_err,flux,flux_err,z,zerr,FWHM,FWHMerr
HI_6563,6564.61,161.6590142986463,161.6590142986463,4630.060102040536,77.07942264488543,0.26924682222107155,3.8585721629290895e-06,4.85220391564427,0.049105785018129885
HI_4861,4862.683,59.02954693163656,59.02954693163656,1690.659511165833,59.687781734545936,0.26924682222107155,3.8585721629290895e-06,4.85220391564427,0.049105785018129885
HI_4341,4341.684,26.280586080441026,26.280586080441026,752.6997093060389,57.17714041999097,0.26924682222107155,3.8585721629290895e-06,4.85220391564427,0.049105785018129885
HI_4102,4102.892,13.554810750639831,13.554810750639831,388.222016072092,56.70967333237459,0.26924682222107155,3.8585721629290895e-06,4.85220391564427,0.049105785018129885
OIII_4363,4364.436,0.0,0.0,0.0,10000000000.0,0.26924682222107155,3.8585721629290895e-06,4.85220391564427,0.049105785018129885
OIII_5007,5008.24,178.55217853379554,178.55217853379554,5113.895575501279,80.90000582208191,0.26924682222107155,3.8585721629290895e-06,4.85220391564427,0.049105785018129885
OIII_4959,4960.295,59.61897331084515,59.61897331084515,1707.5412147522613,59.749273835370296,0.26924682222107155,3.8585721629290895e-06,4.85220391564427,0.049105785018129885
OII_3726,3727.092,89.80562869090818,89.80562869090818,2572.11427487915,74.41862276972877,0.26924682222107155,3.8585721629290895e-06,4.85220391564427,0.049105785018129885
OII_3729,3729.875,105.05534782768632,105.05534782768632,3008.8799971548165,75.60247783142366,0.26924682222107155,3.8585721629290895e-06,4.85220391564427,0.049105785018129885
OI_6300,6302.046,7.749639712564203,7.749639712564203,221.95667710831063,56.5950402576695,0.26924682222107155,3.8585721629290895e-06,4.85220391564427,0.049105785018129885
SII_6717,6718.29,19.666708172962103,19.666708172962103,563.2722755681732,56.89737221641735,0.26924682222107155,3.8585721629290895e-06,4.85220391564427,0.049105785018129885
SII_6731,6732.67,17.195704729375848,17.195704729375848,492.50050632419055,56.81324605077359,0.26924682222107155,3.8585721629290895e-06,4.85220391564427,0.049105785018129885
NII_6548,6549.85,8.145022721122473,8.145022721122473,233.28080339283989,56.60087100232954,0.26924682222107155,3.8585721629290895e-06,4.85220391564427,0.049105785018129885
NII_6584,6585.28,26.2922850162729,26.2922850162729,753.0347773891056,57.177705333450305,0.26924682222107155,3.8585721629290895e-06,4.85220391564427,0.049105785018129885
NII_5755,5756.24,0.0,0.0,0.0,10000000000.0,0.26924682222107155,3.8585721629290895e-06,4.85220391564427,0.049105785018129885
HeI_5876,5877.594,8.985096775263287,8.985096775263287,257.34128265353394,56.61422105160011,0.26924682222107155,3.8585721629290895e-06,4.85220391564427,0.049105785018129885
HeII_4686,4687.02,0.0,0.0,0.0,10000000000.0,0.26924682222107155,3.8585721629290895e-06,4.85220391564427,0.049105785018129885
NeIII_3869,3870.16,22.06454419939064,1.977229873383621,631.948463935203,56.98964511283573,0.26924682222107155,3.8585721629290895e-06,4.85220391564427,0.049105785018129885
