line,wl,amp,amp_err,flux,flux_err,z,zerr,FWHM,FWHMerr
HI_6563,6564.61,13.426747976234424,13.426747976234424,189.24128333616108,40.89209846145936,0.2698678848745328,1.898713801001471e-05,2.387796928320032,0.19545674076013395
HI_4861,4862.683,12.19610129115199,12.19610129115199,171.89611841382768,40.26162173467838,0.2698678848745328,1.898713801001471e-05,2.387796928320032,0.19545674076013395
HI_4341,4341.684,4.4346760766037505,4.4346760766037505,62.503876098822005,37.55260264933471,0.2698678848745328,1.898713801001471e-05,2.387796928320032,0.19545674076013395
HI_4102,4102.892,3.847002334659237,3.847002334659237,54.22099678170135,37.470564627195834,0.2698678848745328,1.898713801001471e-05,2.387796928320032,0.19545674076013395
OIII_4363,4364.436,0.0,0.0,0.0,10000000000.0,0.2698678848745328,1.898713801001471e-05,2.387796928320032,0.19545674076013395
OIII_5007,5008.24,23.643523313748688,23.643523313748688,333.240089290563,47.86940886322827,0.2698678848745328,1.898713801001471e-05,2.387796928320032,0.19545674076013395
OIII_4959,4960.295,0.0,0.0,0.0,10000000000.0,0.2698678848745328,1.898713801001471e-05,2.387796928320032,0.19545674076013395
OII_3726,3727.092,12.647333774478057,12.647333774478057,178.25594689789045,41.56623001067877,0.2698678848745328,1.898713801001471e-05,2.387796928320032,0.19545674076013395
OII_3729,3729.875,21.640706379797166,21.640706379797166,305.0116867362553,47.1142898411384,0.2698678848745328,1.898713801001471e-05,2.387796928320032,0.19545674076013395
OI_6300,6302.046,3.763697084355954,3.763697084355954,53.046863439514745,37.49535041179624,0.2698678848745328,1.898713801001471e-05,2.387796928320032,0.19545674076013395
SII_6717,6718.29,4.281226611292254,4.281226611292254,60.34110565029682,37.53667041660903,0.2698678848745328,1.898713801001471e-05,2.387796928320032,0.19545674076013395
SII_6731,6732.67,0.0,0.0,0.0,10000000000.0,0.2698678848745328,1.898713801001471e-05,2.387796928320032,0.19545674076013395
NII_6548,6549.85,0.0,0.0,0.0,10000000000.0,0.2698678848745328,1.898713801001471e-05,2.387796928320032,0.19545674076013395
NII_6584,6585.28,5.111061027639721,5.111061027639721,72.03708223256903,37.66955720277737,0.2698678848745328,1.898713801001471e-05,2.387796928320032,0.19545674076013395
NII_5755,5756.24,1.5850327720835367,1.5850327720835367,22.34000641479862,37.16206905820629,0.2698678848745328,1.898713801001471e-05,2.387796928320032,0.19545674076013395
HeI_5876,5877.594,1.0059893803320392,1.0059893803320392,14.178766272633634,37.13377746084,0.2698678848745328,1.898713801001471e-05,2.387796928320032,0.19545674076013395
HeII_4686,4687.02,0.0,0.0,0.0,10000000000.0,0.2698678848745328,1.898713801001471e-05,2.387796928320032,0.19545674076013395
NeIII_3869,3870.16,0.6600976044686604,2.6340692795287595,9.303646573085416,37.13330420853805,0.2698678848745328,1.898713801001471e-05,2.387796928320032,0.19545674076013395
