line,wl,amp,amp_err,flux,flux_err,z,zerr,FWHM,FWHMerr
HI_6563,6564.61,335.84298553690337,335.84298553690337,9540.202851701824,90.52404713233808,0.2692383827125911,2.1530807686818915e-06,4.812532428357022,0.02756116342097218
HI_4861,4862.683,140.82643576508394,140.82643576508394,4000.419308842252,71.54952468195327,0.2692383827125911,2.1530807686818915e-06,4.812532428357022,0.02756116342097218
HI_4341,4341.684,57.325556084602795,57.325556084602795,1628.4319077244083,67.61624267102836,0.2692383827125911,2.1530807686818915e-06,4.812532428357022,0.02756116342097218
HI_4102,4102.892,25.788583484488072,25.788583484488072,732.5694693511155,66.97196323072964,0.2692383827125911,2.1530807686818915e-06,4.812532428357022,0.02756116342097218
OIII_4363,4364.436,4.074305281045099,4.074305281045099,115.73771236814812,66.81157037876812,0.2692383827125911,2.1530807686818915e-06,4.812532428357022,0.02756116342097218
OIII_5007,5008.24,386.49839054966174,386.49839054966174,10979.157542341702,96.97984419946344,0.2692383827125911,2.1530807686818915e-06,4.812532428357022,0.02756116342097218
OIII_4959,4960.295,126.70774598763978,126.70774598763978,3599.353423063121,70.67086494495209,0.2692383827125911,2.1530807686818915e-06,4.812532428357022,0.02756116342097218
OII_3726,3727.092,150.25034155738786,150.25034155738786,4268.121707837357,84.42723081358251,0.2692383827125911,2.1530807686818915e-06,4.812532428357022,0.02756116342097218
OII_3729,3729.875,206.4649038110531,206.4649038110531,5864.993907690572,86.69660210639373,0.2692383827125911,2.1530807686818915e-06,4.812532428357022,0.02756116342097218
OI_6300,6302.046,13.687493781715943,13.687493781715943,388.8170151900605,66.85383098448695,0.2692383827125911,2.1530807686818915e-06,4.812532428357022,0.02756116342097218
SII_6717,6718.29,40.135183965915985,40.135183965915985,1140.10955421052,67.20511235917401,0.2692383827125911,2.1530807686818915e-06,4.812532428357022,0.02756116342097218
SII_6731,6732.67,32.82876217230228,32.82876217230228,932.5579630414064,67.07374287490089,0.2692383827125911,2.1530807686818915e-06,4.812532428357022,0.02756116342097218
NII_6548,6549.85,14.758886356767789,14.758886356767789,419.2517806607796,66.86138196154013,0.2692383827125911,2.1530807686818915e-06,4.812532428357022,0.02756116342097218
NII_6584,6585.28,56.25595078371498,56.25595078371498,1598.0479128780903,67.5864754799939,0.2692383827125911,2.1530807686818915e-06,4.812532428357022,0.02756116342097218
NII_5755,5756.24,3.6087362112990604,3.6087362112990604,102.51241495794729,66.810665601845,0.2692383827125911,2.1530807686818915e-06,4.812532428357022,0.02756116342097218
HeI_5876,5877.594,11.147632758619352,11.147632758619352,316.6678549605107,66.83822792318487,0.2692383827125911,2.1530807686818915e-06,4.812532428357022,0.02756116342097218
HeII_4686,4687.02,0.0,0.0,0.0,10000000000.0,0.2692383827125911,2.1530807686818915e-06,4.812532428357022,0.02756116342097218
NeIII_3869,3870.16,30.9439474342862,2.3534871163385156,879.0165293568409,67.0441483824505,0.2692383827125911,2.1530807686818915e-06,4.812532428357022,0.02756116342097218
