line,wl,amp,amp_err,flux,flux_err,z,zerr,FWHM,FWHMerr
HI_6563,6564.61,0.0,0.0,0.0,10000000000.0,0.270178283719218,2.048272570459412e-06,0.4755992102665746,0.530400916201368
HI_4861,4862.683,26.794350269860615,26.794350269860615,75.21977212229211,331.36592570059634,0.270178283719218,2.048272570459412e-06,0.4755992102665746,0.530400916201368
HI_4341,4341.684,0.0,0.0,0.0,10000000000.0,0.270178283719218,2.048272570459412e-06,0.4755992102665746,0.530400916201368
HI_4102,4102.892,0.0,0.0,0.0,10000000000.0,0.270178283719218,2.048272570459412e-06,0.4755992102665746,0.530400916201368
OIII_4363,4364.436,9.819046832985805,9.819046832985805,27.565007465999226,32.06805574919466,0.270178283719218,2.048272570459412e-06,0.4755992102665746,0.530400916201368
OIII_5007,5008.24,0.0,0.0,0.0,10000000000.0,0.270178283719218,2.048272570459412e-06,0.4755992102665746,0.530400916201368
OIII_4959,4960.295,2313.6899527258142,2313.6899527258142,6495.22116613645,69724.64149050578,0.270178283719218,2.048272570459412e-06,0.4755992102665746,0.530400916201368
OII_3726,3727.092,24.765608850527542,24.765608850527542,69.52448689535598,492.5848902578111,0.270178283719218,2.048272570459412e-06,0.4755992102665746,0.530400916201368
OII_3729,3729.875,12.34763795602521,12.34763795602521,34.66352062828402,84.08053234113682,0.270178283719218,2.048272570459412e-06,0.4755992102665746,0.530400916201368
OI_6300,6302.046,0.9917168841551529,0.9917168841551529,2.784046535358225,10.876127660764094,0.270178283719218,2.048272570459412e-06,0.4755992102665746,0.530400916201368
SII_6717,6718.29,0.6471036818513767,0.6471036818513767,1.8166139875803742,12.26198072029751,0.270178283719218,2.048272570459412e-06,0.4755992102665746,0.530400916201368
SII_6731,6732.67,443.9055382094348,443.9055382094348,1246.175894979476,13106.022787386344,0.270178283719218,2.048272570459412e-06,0.4755992102665746,0.530400916201368
NII_6548,6549.85,0.0,0.0,0.0,10000000000.0,0.270178283719218,2.048272570459412e-06,0.4755992102665746,0.530400916201368
NII_6584,6585.28,62.27890369721081,62.27890369721081,174.83554917171506,633.0358590404069,0.270178283719218,2.048272570459412e-06,0.4755992102665746,0.530400916201368
NII_5755,5756.24,0.0,0.0,0.0,10000000000.0,0.270178283719218,2.048272570459412e-06,0.4755992102665746,0.530400916201368
HeI_5876,5877.594,53.0579123325208,53.0579123325208,148.94946265690987,1011.6897167082496,0.270178283719218,2.048272570459412e-06,0.4755992102665746,0.530400916201368
HeII_4686,4687.02,0.0,0.0,0.0,10000000000.0,0.270178283719218,2.048272570459412e-06,0.4755992102665746,0.530400916201368
NeIII_3869,3870.16,0.0,10000000000.0,0.0,10000000000.0,0.270178283719218,2.048272570459412e-06,0.4755992102665746,0.530400916201368
