line,wl,amp,amp_err,flux,flux_err,z,zerr,FWHM,FWHMerr
HI_6563,6564.61,31.77222826623256,31.77222826623256,83.60829000862506,748.8769592254383,0.2704928715863088,1.1764372626222668e-05,0.44581431441268526,0.5907698292921764
HI_4861,4862.683,235.39759672332207,235.39759672332207,619.4463406614134,7369.071435440234,0.2704928715863088,1.1764372626222668e-05,0.44581431441268526,0.5907698292921764
HI_4341,4341.684,4.449433591888692,4.449433591888692,11.708638469027958,17.48137494534799,0.2704928715863088,1.1764372626222668e-05,0.44581431441268526,0.5907698292921764
HI_4102,4102.892,0.0,0.0,0.0,10000000000.0,0.2704928715863088,1.1764372626222668e-05,0.44581431441268526,0.5907698292921764
OIII_4363,4364.436,0.0,0.0,0.0,10000000000.0,0.2704928715863088,1.1764372626222668e-05,0.44581431441268526,0.5907698292921764
OIII_5007,5008.24,0.0,0.0,0.0,10000000000.0,0.2704928715863088,1.1764372626222668e-05,0.44581431441268526,0.5907698292921764
OIII_4959,4960.295,0.0,0.0,0.0,10000000000.0,0.2704928715863088,1.1764372626222668e-05,0.44581431441268526,0.5907698292921764
OII_3726,3727.092,0.0,0.0,0.0,10000000000.0,0.2704928715863088,1.1764372626222668e-05,0.44581431441268526,0.5907698292921764
OII_3729,3729.875,0.0,0.0,0.0,10000000000.0,0.2704928715863088,1.1764372626222668e-05,0.44581431441268526,0.5907698292921764
OI_6300,6302.046,200.48634179042756,200.48634179042756,527.5777344517364,7740.267269245946,0.2704928715863088,1.1764372626222668e-05,0.44581431441268526,0.5907698292921764
SII_6717,6718.29,83.50254510104469,83.50254510104469,219.73608362515648,2243.2635762161167,0.2704928715863088,1.1764372626222668e-05,0.44581431441268526,0.5907698292921764
SII_6731,6732.67,0.0,0.0,0.0,10000000000.0,0.2704928715863088,1.1764372626222668e-05,0.44581431441268526,0.5907698292921764
NII_6548,6549.85,0.0,0.0,0.0,10000000000.0,0.2704928715863088,1.1764372626222668e-05,0.44581431441268526,0.5907698292921764
NII_6584,6585.28,0.0,0.0,0.0,10000000000.0,0.2704928715863088,1.1764372626222668e-05,0.44581431441268526,0.5907698292921764
NII_5755,5756.24,0.0,0.0,0.0,10000000000.0,0.2704928715863088,1.1764372626222668e-05,0.44581431441268526,0.5907698292921764
HeI_5876,5877.594,0.0,0.0,0.0,10000000000.0,0.2704928715863088,1.1764372626222668e-05,0.44581431441268526,0.5907698292921764
HeII_4686,4687.02,0.0,0.0,0.0,10000000000.0,0.2704928715863088,1.1764372626222668e-05,0.44581431441268526,0.5907698292921764
NeIII_3869,3870.16,0.0,10000000000.0,0.0,10000000000.0,0.2704928715863088,1.1764372626222668e-05,0.44581431441268526,0.5907698292921764
