line,wl,amp,amp_err,flux,flux_err,z,zerr,FWHM,FWHMerr
HI_6563,6564.61,2.331906348397524,2.331906348397524,10.628462674177811,21.46068641187868,0.2701924305015782,9.381537045777546e-06,0.7721678026562262,0.2340208414688192
HI_4861,4862.683,0.0,0.0,0.0,10000000000.0,0.2701924305015782,9.381537045777546e-06,0.7721678026562262,0.2340208414688192
HI_4341,4341.684,0.0,0.0,0.0,10000000000.0,0.2701924305015782,9.381537045777546e-06,0.7721678026562262,0.2340208414688192
HI_4102,4102.892,0.0,0.0,0.0,10000000000.0,0.2701924305015782,9.381537045777546e-06,0.7721678026562262,0.2340208414688192
OIII_4363,4364.436,0.0,0.0,0.0,10000000000.0,0.2701924305015782,9.381537045777546e-06,0.7721678026562262,0.2340208414688192
OIII_5007,5008.24,0.0,0.0,0.0,10000000000.0,0.2701924305015782,9.381537045777546e-06,0.7721678026562262,0.2340208414688192
OIII_4959,4960.295,116.27407014194682,116.27407014194682,529.9589391004749,586.8858772673537,0.2701924305015782,9.381537045777546e-06,0.7721678026562262,0.2340208414688192
OII_3726,3727.092,35.877794968905846,35.877794968905846,163.52535123070686,151.10576891795904,0.2701924305015782,9.381537045777546e-06,0.7721678026562262,0.2340208414688192
OII_3729,3729.875,20.211498154267815,20.211498154267815,92.12083232650856,42.86744024064508,0.2701924305015782,9.381537045777546e-06,0.7721678026562262,0.2340208414688192
OI_6300,6302.046,0.0,0.0,0.0,10000000000.0,0.2701924305015782,9.381537045777546e-06,0.7721678026562262,0.2340208414688192
SII_6717,6718.29,0.0,0.0,0.0,10000000000.0,0.2701924305015782,9.381537045777546e-06,0.7721678026562262,0.2340208414688192
SII_6731,6732.67,14.630118317554434,14.630118317554434,66.68178015115758,93.91718149995381,0.2701924305015782,9.381537045777546e-06,0.7721678026562262,0.2340208414688192
NII_6548,6549.85,7.629969030563302,7.629969030563302,34.77619978272401,25.923968123769992,0.2701924305015782,9.381537045777546e-06,0.7721678026562262,0.2340208414688192
NII_6584,6585.28,0.0,0.0,0.0,10000000000.0,0.2701924305015782,9.381537045777546e-06,0.7721678026562262,0.2340208414688192
NII_5755,5756.24,0.0,0.0,0.0,10000000000.0,0.2701924305015782,9.381537045777546e-06,0.7721678026562262,0.2340208414688192
HeI_5876,5877.594,0.0,0.0,0.0,10000000000.0,0.2701924305015782,9.381537045777546e-06,0.7721678026562262,0.2340208414688192
HeII_4686,4687.02,0.0,0.0,0.0,10000000000.0,0.2701924305015782,9.381537045777546e-06,0.7721678026562262,0.2340208414688192
NeIII_3869,3870.16,1.0791353912327395,4.294866303909243,4.91852952584621,19.632000344816372,0.2701924305015782,9.381537045777546e-06,0.7721678026562262,0.2340208414688192
