line,wl,amp,amp_err,flux,flux_err,z,zerr,FWHM,FWHMerr
HI_6563,6564.61,1.6314989549772463,1.6314989549772463,41.927839836470966,49.55290134410329,0.27032812425936104,4.655499576912293e-05,4.353795534161678,0.5372594033954443
HI_4861,4862.683,0.9571309332753799,0.9571309332753799,24.59727746099708,49.33099446958615,0.27032812425936104,4.655499576912293e-05,4.353795534161678,0.5372594033954443
HI_4341,4341.684,2.139401544044972,2.139401544044972,54.98041234471234,49.7952521035741,0.27032812425936104,4.655499576912293e-05,4.353795534161678,0.5372594033954443
HI_4102,4102.892,0.0,0.0,0.0,10000000000.0,0.27032812425936104,4.655499576912293e-05,4.353795534161678,0.5372594033954443
OIII_4363,4364.436,0.0,0.0,0.0,10000000000.0,0.27032812425936104,4.655499576912293e-05,4.353795534161678,0.5372594033954443
OIII_5007,5008.24,7.985936886033869,7.985936886033869,205.23033844447883,56.77804696471299,0.27032812425936104,4.655499576912293e-05,4.353795534161678,0.5372594033954443
OIII_4959,4960.295,17.73982298284386,17.73982298284386,455.8951475162896,79.8684661528668,0.27032812425936104,4.655499576912293e-05,4.353795534161678,0.5372594033954443
OII_3726,3727.092,4.705155254721035,4.705155254721035,120.91763548106263,56.279034097915215,0.27032812425936104,4.655499576912293e-05,4.353795534161678,0.5372594033954443
OII_3729,3729.875,0.0,0.0,0.0,10000000000.0,0.27032812425936104,4.655499576912293e-05,4.353795534161678,0.5372594033954443
OI_6300,6302.046,2.1142379109591047,2.1142379109591047,54.333732937098084,49.78182335765404,0.27032812425936104,4.655499576912293e-05,4.353795534161678,0.5372594033954443
SII_6717,6718.29,0.42694935450890625,0.42694935450890625,10.972157903946522,49.23738993028317,0.27032812425936104,4.655499576912293e-05,4.353795534161678,0.5372594033954443
SII_6731,6732.67,2.3065590208689173,2.3065590208689173,59.276187033603094,49.889091575169736,0.27032812425936104,4.655499576912293e-05,4.353795534161678,0.5372594033954443
NII_6548,6549.85,0.0,0.0,0.0,10000000000.0,0.27032812425936104,4.655499576912293e-05,4.353795534161678,0.5372594033954443
NII_6584,6585.28,0.2792014367923912,0.2792014367923912,7.175188858216101,49.2240610679772,0.27032812425936104,4.655499576912293e-05,4.353795534161678,0.5372594033954443
NII_5755,5756.24,0.0,0.0,0.0,10000000000.0,0.27032812425936104,4.655499576912293e-05,4.353795534161678,0.5372594033954443
HeI_5876,5877.594,1.539027066168046,1.539027066168046,39.551407702365076,49.51573719631434,0.27032812425936104,4.655499576912293e-05,4.353795534161678,0.5372594033954443
HeII_4686,4687.02,0.0,0.0,0.0,10000000000.0,0.27032812425936104,4.655499576912293e-05,4.353795534161678,0.5372594033954443
NeIII_3869,3870.16,0.11383502285548275,1.915036352265434,2.92544263758493,49.21578240161409,0.27032812425936104,4.655499576912293e-05,4.353795534161678,0.5372594033954443
