line,wl,amp,amp_err,flux,flux_err,z,zerr,FWHM,FWHMerr
HI_6563,6564.61,0.0,0.0,0.0,10000000000.0,0.2704238898868375,1.904453274291326e-05,1.8211464839121456,0.2625515283495664
HI_4861,4862.683,0.3850364072582124,0.3850364072582124,4.138989590869176,30.40786158812809,0.2704238898868375,1.904453274291326e-05,1.8211464839121456,0.2625515283495664
HI_4341,4341.684,1.725848682462697,1.725848682462697,18.552192980904216,30.415372755381938,0.2704238898868375,1.904453274291326e-05,1.8211464839121456,0.2625515283495664
HI_4102,4102.892,2.405070143735088,2.405070143735088,25.853555930242344,29.957420921184063,0.2704238898868375,1.904453274291326e-05,1.8211464839121456,0.2625515283495664
OIII_4363,4364.436,1.0188774006127232,1.0188774006127232,10.952530399754705,29.857489440655307,0.2704238898868375,1.904453274291326e-05,1.8211464839121456,0.2625515283495664
OIII_5007,5008.24,2.696446973948241,2.696446973948241,28.98574198989443,30.475090376173814,0.2704238898868375,1.904453274291326e-05,1.8211464839121456,0.2625515283495664
OIII_4959,4960.295,25.725828266705776,25.725828266705776,276.54251235773796,57.33017868201439,0.2704238898868375,1.904453274291326e-05,1.8211464839121456,0.2625515283495664
OII_3726,3727.092,18.28290474679784,18.28290474679784,196.53401863138978,42.63496970546033,0.2704238898868375,1.904453274291326e-05,1.8211464839121456,0.2625515283495664
OII_3729,3729.875,3.142230837593047,3.142230837593047,33.77774278935634,30.163356793875096,0.2704238898868375,1.904453274291326e-05,1.8211464839121456,0.2625515283495664
OI_6300,6302.046,0.0,0.0,0.0,10000000000.0,0.2704238898868375,1.904453274291326e-05,1.8211464839121456,0.2625515283495664
SII_6717,6718.29,2.081913912156665,2.081913912156665,22.379753833832734,30.295605714246395,0.2704238898868375,1.904453274291326e-05,1.8211464839121456,0.2625515283495664
SII_6731,6732.67,0.0,0.0,0.0,10000000000.0,0.2704238898868375,1.904453274291326e-05,1.8211464839121456,0.2625515283495664
NII_6548,6549.85,0.6604994946399074,0.6604994946399074,7.10010918852043,29.661351797406986,0.2704238898868375,1.904453274291326e-05,1.8211464839121456,0.2625515283495664
NII_6584,6585.28,0.0,0.0,0.0,10000000000.0,0.2704238898868375,1.904453274291326e-05,1.8211464839121456,0.2625515283495664
NII_5755,5756.24,1.6298546745664453,1.6298546745664453,17.52029523830464,31.09906028517565,0.2704238898868375,1.904453274291326e-05,1.8211464839121456,0.2625515283495664
HeI_5876,5877.594,0.46663494314782383,0.46663494314782383,5.01614168430946,30.257099290595114,0.2704238898868375,1.904453274291326e-05,1.8211464839121456,0.2625515283495664
HeII_4686,4687.02,0.0,0.0,0.0,10000000000.0,0.2704238898868375,1.904453274291326e-05,1.8211464839121456,0.2625515283495664
NeIII_3869,3870.16,6.192565387641025,2.9471183164995116,66.56763671450518,33.10206166603117,0.2704238898868375,1.904453274291326e-05,1.8211464839121456,0.2625515283495664
