line,wl,amp,amp_err,flux,flux_err,z,zerr,FWHM,FWHMerr
HI_6563,6564.61,2931.0082860754624,2931.0082860754624,82399.18667951519,306.491381408075,0.2692349291411151,8.683958419788018e-07,4.7627547695789065,0.011989261231597787
HI_4861,4862.683,776.9938680872792,776.9938680872792,21843.562534273213,209.60808702320037,0.2692349291411151,8.683958419788018e-07,4.7627547695789065,0.011989261231597787
HI_4341,4341.684,315.49309606826796,315.49309606826796,8869.430578729563,201.9387572388517,0.2692349291411151,8.683958419788018e-07,4.7627547695789065,0.011989261231597787
HI_4102,4102.892,129.36109264962192,129.36109264962192,3636.717396174506,200.65125342350296,0.2692349291411151,8.683958419788018e-07,4.7627547695789065,0.011989261231597787
OIII_4363,4364.436,24.22506710378775,24.22506710378775,681.0372512735354,200.39951921396346,0.2692349291411151,8.683958419788018e-07,4.7627547695789065,0.011989261231597787
OIII_5007,5008.24,2291.494765434715,2291.494765434715,64420.59746102186,270.2376216819045,0.2692349291411151,8.683958419788018e-07,4.7627547695789065,0.011989261231597787
OIII_4959,4960.295,742.6027628224285,742.6027628224285,20876.72831674609,208.82628800220562,0.2692349291411151,8.683958419788018e-07,4.7627547695789065,0.011989261231597787
OII_3726,3727.092,666.9784838864664,666.9784838864664,18750.709394468762,236.55679730478914,0.2692349291411151,8.683958419788018e-07,4.7627547695789065,0.011989261231597787
OII_3729,3729.875,846.2046138082724,846.2046138082724,23789.278342715574,238.7814531425794,0.2692349291411151,8.683958419788018e-07,4.7627547695789065,0.011989261231597787
OI_6300,6302.046,54.129178558606554,54.129178558606554,1521.7289934145888,200.43612800574041,0.2692349291411151,8.683958419788018e-07,4.7627547695789065,0.011989261231597787
SII_6717,6718.29,297.7503346337196,297.7503346337196,8370.629835449163,201.77039991705072,0.2692349291411151,8.683958419788018e-07,4.7627547695789065,0.011989261231597787
SII_6731,6732.67,239.11171533717834,239.11171533717834,6722.127318073363,201.28146384263988,0.2692349291411151,8.683958419788018e-07,4.7627547695789065,0.011989261231597787
NII_6548,6549.85,151.49274883010617,151.49274883010617,4258.90276419486,200.74859171272846,0.2692349291411151,8.683958419788018e-07,4.7627547695789065,0.011989261231597787
NII_6584,6585.28,477.70342816505286,477.70342816505286,13429.635849826163,203.9238539657906,0.2692349291411151,8.683958419788018e-07,4.7627547695789065,0.011989261231597787
NII_5755,5756.24,8.838792040247654,8.838792040247654,248.48420893444998,200.39164465127175,0.2692349291411151,8.683958419788018e-07,4.7627547695789065,0.011989261231597787
HeI_5876,5877.594,99.08668008012887,99.08668008012887,2785.6154102887886,200.54370299853892,0.2692349291411151,8.683958419788018e-07,4.7627547695789065,0.011989261231597787
HeII_4686,4687.02,0.0,0.0,0.0,10000000000.0,0.2692349291411151,8.683958419788018e-07,4.7627547695789065,0.011989261231597787
NeIII_3869,3870.16,154.44329179079386,7.130703308500401,4341.851127520426,200.76258913267506,0.2692349291411151,8.683958419788018e-07,4.7627547695789065,0.011989261231597787
