line,wl,amp,amp_err,flux,flux_err,z,zerr,FWHM,FWHMerr
HI_6563,6564.61,0.0,0.0,0.0,10000000000.0,0.2700600275942444,0.00013716212619074473,9.999995476769918,1.2097549970381738
HI_4861,4862.683,0.0,0.0,0.0,10000000000.0,0.2700600275942444,0.00013716212619074473,9.999995476769918,1.2097549970381738
HI_4341,4341.684,0.20898956092639764,0.20898956092639764,12.335934515978138,78.1021493072939,0.2700600275942444,0.00013716212619074473,9.999995476769918,1.2097549970381738
HI_4102,4102.892,0.21334933771697706,0.21334933771697706,12.593277135171498,78.10290560656819,0.2700600275942444,0.00013716212619074473,9.999995476769918,1.2097549970381738
OIII_4363,4364.436,0.0,0.0,0.0,10000000000.0,0.2700600275942444,0.00013716212619074473,9.999995476769918,1.2097549970381738
OIII_5007,5008.24,1.3823492785184044,1.3823492785184044,81.59532037113695,78.86037715957461,0.2700600275942444,0.00013716212619074473,9.999995476769918,1.2097549970381738
OIII_4959,4960.295,3.359038311545646,3.359038311545646,198.27247095122704,82.56106930044562,0.2700600275942444,0.00013716212619074473,9.999995476769918,1.2097549970381738
OII_3726,3727.092,16.201958892798643,16.201958892798643,956.3458722348483,189.92146965095057,0.2700600275942444,0.00013716212619074473,9.999995476769918,1.2097549970381738
OII_3729,3729.875,0.0,0.0,0.0,10000000000.0,0.2700600275942444,0.00013716212619074473,9.999995476769918,1.2097549970381738
OI_6300,6302.046,0.0,0.0,0.0,10000000000.0,0.2700600275942444,0.00013716212619074473,9.999995476769918,1.2097549970381738
SII_6717,6718.29,2.5542341293482878,2.5542341293482878,150.76764991727873,80.6642325310751,0.2700600275942444,0.00013716212619074473,9.999995476769918,1.2097549970381738
SII_6731,6732.67,0.0,0.0,0.0,10000000000.0,0.2700600275942444,0.00013716212619074473,9.999995476769918,1.2097549970381738
NII_6548,6549.85,0.0,0.0,0.0,10000000000.0,0.2700600275942444,0.00013716212619074473,9.999995476769918,1.2097549970381738
NII_6584,6585.28,2.3750810588003333,2.3750810588003333,140.19286074207056,80.35344999977008,0.2700600275942444,0.00013716212619074473,9.999995476769918,1.2097549970381738
NII_5755,5756.24,1.315303843102697,1.315303843102697,77.63785906437492,78.78725619935226,0.2700600275942444,0.00013716212619074473,9.999995476769918,1.2097549970381738
HeI_5876,5877.594,0.6693328819948192,0.6693328819948192,39.50841642557891,78.26696458991844,0.2700600275942444,0.00013716212619074473,9.999995476769918,1.2097549970381738
HeII_4686,4687.02,0.0,0.0,0.0,10000000000.0,0.2700600275942444,0.00013716212619074473,9.999995476769918,1.2097549970381738
NeIII_3869,3870.16,1.8389080583592659,1.3275359165391123,108.54441383707932,79.45249626808823,0.2700600275942444,0.00013716212619074473,9.999995476769918,1.2097549970381738
