line,wl,amp,amp_err,flux,flux_err,z,zerr,FWHM,FWHMerr
HI_6563,6564.61,45.805037746618154,45.805037746618154,1542.0651083656417,77.49140052383042,0.269217135239233,1.3489756941101483e-05,5.703504744044981,0.16516434455531503
HI_4861,4862.683,21.17830853607211,21.17830853607211,712.9855634730972,63.601240449424786,0.269217135239233,1.3489756941101483e-05,5.703504744044981,0.16516434455531503
HI_4341,4341.684,10.859300858673805,10.859300858673805,365.58749384814746,60.43467318435037,0.269217135239233,1.3489756941101483e-05,5.703504744044981,0.16516434455531503
HI_4102,4102.892,3.5113109810641845,3.5113109810641845,118.21123646863452,59.38768040043045,0.269217135239233,1.3489756941101483e-05,5.703504744044981,0.16516434455531503
OIII_4363,4364.436,0.0,0.0,0.0,10000000000.0,0.269217135239233,1.3489756941101483e-05,5.703504744044981,0.16516434455531503
OIII_5007,5008.24,49.7156929397097,49.7156929397097,1673.7206034986111,80.30388768769771,0.269217135239233,1.3489756941101483e-05,5.703504744044981,0.16516434455531503
OIII_4959,4960.295,17.79277580372684,17.79277580372684,599.0087575012501,62.356779247316894,0.269217135239233,1.3489756941101483e-05,5.703504744044981,0.16516434455531503
OII_3726,3727.092,24.490100172849452,24.490100172849452,824.4798134615394,86.39943157133474,0.269217135239233,1.3489756941101483e-05,5.703504744044981,0.16516434455531503
OII_3729,3729.875,45.37299974046732,45.37299974046732,1527.5201856333763,90.94337503609226,0.269217135239233,1.3489756941101483e-05,5.703504744044981,0.16516434455531503
OI_6300,6302.046,4.258483946521096,4.258483946521096,143.36544256969287,59.44572057250483,0.269217135239233,1.3489756941101483e-05,5.703504744044981,0.16516434455531503
SII_6717,6718.29,8.832660511284075,8.832660511284075,297.35894256512915,60.04112512685367,0.269217135239233,1.3489756941101483e-05,5.703504744044981,0.16516434455531503
SII_6731,6732.67,5.330837817932888,5.330837817932888,179.46713728005324,59.54839506748201,0.269217135239233,1.3489756941101483e-05,5.703504744044981,0.16516434455531503
NII_6548,6549.85,4.328378062099546,4.328378062099546,145.7184867372323,59.45172625442785,0.269217135239233,1.3489756941101483e-05,5.703504744044981,0.16516434455531503
NII_6584,6585.28,12.284672704768354,12.284672704768354,413.5738354917893,60.758064282924,0.269217135239233,1.3489756941101483e-05,5.703504744044981,0.16516434455531503
NII_5755,5756.24,2.962675972156262,2.962675972156262,99.7409776044282,59.352142377040806,0.269217135239233,1.3489756941101483e-05,5.703504744044981,0.16516434455531503
HeI_5876,5877.594,1.6230430642835927,1.6230430642835927,54.64110940485731,59.290627441790946,0.269217135239233,1.3489756941101483e-05,5.703504744044981,0.16516434455531503
HeII_4686,4687.02,2.1600499167107046e-12,2.1600499167107046e-12,7.271989660424667e-11,59.26422902134289,0.269217135239233,1.3489756941101483e-05,5.703504744044981,0.16516434455531503
NeIII_3869,3870.16,10.652387788819965,1.7671108274684684,358.6215913801381,60.390908591638734,0.269217135239233,1.3489756941101483e-05,5.703504744044981,0.16516434455531503
