line,wl,amp,amp_err,flux,flux_err,z,zerr,FWHM,FWHMerr
HI_6563,6564.61,0.0,0.0,0.0,10000000000.0,0.27000523507889795,1.5092669530896504e-05,0.4178163755269171,0.5910972606370665
HI_4861,4862.683,14.37571370755063,14.37571370755063,35.45377879826973,390.670498903308,0.27000523507889795,1.5092669530896504e-05,0.4178163755269171,0.5910972606370665
HI_4341,4341.684,0.0,0.0,0.0,10000000000.0,0.27000523507889795,1.5092669530896504e-05,0.4178163755269171,0.5910972606370665
HI_4102,4102.892,0.0,0.0,0.0,10000000000.0,0.27000523507889795,1.5092669530896504e-05,0.4178163755269171,0.5910972606370665
OIII_4363,4364.436,265.2397007073964,265.2397007073964,654.1414129901683,7750.448430408839,0.27000523507889795,1.5092669530896504e-05,0.4178163755269171,0.5910972606370665
OIII_5007,5008.24,0.0,0.0,0.0,10000000000.0,0.27000523507889795,1.5092669530896504e-05,0.4178163755269171,0.5910972606370665
OIII_4959,4960.295,12.263169893168993,12.263169893168993,30.24376539508122,95.63987174907416,0.27000523507889795,1.5092669530896504e-05,0.4178163755269171,0.5910972606370665
OII_3726,3727.092,4.329966913106659,4.329966913106659,10.678682969352648,22.904491362936458,0.27000523507889795,1.5092669530896504e-05,0.4178163755269171,0.5910972606370665
OII_3729,3729.875,0.0,0.0,0.0,10000000000.0,0.27000523507889795,1.5092669530896504e-05,0.4178163755269171,0.5910972606370665
OI_6300,6302.046,1.0126347478677644,1.0126347478677644,2.4973875443476947,8.403209121329592,0.27000523507889795,1.5092669530896504e-05,0.4178163755269171,0.5910972606370665
SII_6717,6718.29,0.0,0.0,0.0,10000000000.0,0.27000523507889795,1.5092669530896504e-05,0.4178163755269171,0.5910972606370665
SII_6731,6732.67,353.74874067398787,353.74874067398787,872.4248310144554,13289.376331475942,0.27000523507889795,1.5092669530896504e-05,0.4178163755269171,0.5910972606370665
NII_6548,6549.85,13.97968905703226,13.97968905703226,34.47709196074835,117.8730323626137,0.27000523507889795,1.5092669530896504e-05,0.4178163755269171,0.5910972606370665
NII_6584,6585.28,0.0,0.0,0.0,10000000000.0,0.27000523507889795,1.5092669530896504e-05,0.4178163755269171,0.5910972606370665
NII_5755,5756.24,577.0300346293766,577.0300346293766,1423.087272318357,25271.65291719127,0.27000523507889795,1.5092669530896504e-05,0.4178163755269171,0.5910972606370665
HeI_5876,5877.594,0.044126363258783385,0.044126363258783385,0.10882564538881298,20.528825292385882,0.27000523507889795,1.5092669530896504e-05,0.4178163755269171,0.5910972606370665
HeII_4686,4687.02,0.0,0.0,0.0,10000000000.0,0.27000523507889795,1.5092669530896504e-05,0.4178163755269171,0.5910972606370665
NeIII_3869,3870.16,21.40929371718562,76.12456911202004,52.800186419795644,202.0551524535146,0.27000523507889795,1.5092669530896504e-05,0.4178163755269171,0.5910972606370665
