line,wl,amp,amp_err,flux,flux_err,z,zerr,FWHM,FWHMerr
HI_6563,6564.61,0.0,0.0,0.0,10000000000.0,0.27021177636887495,5.8535745589386185e-05,4.631539517187469,0.6809025447696473
HI_4861,4862.683,0.0,0.0,0.0,10000000000.0,0.27021177636887495,5.8535745589386185e-05,4.631539517187469,0.6809025447696473
HI_4341,4341.684,0.0,0.0,0.0,10000000000.0,0.27021177636887495,5.8535745589386185e-05,4.631539517187469,0.6809025447696473
HI_4102,4102.892,3.8454608433945623,3.8454608433945623,105.12873183725556,51.17155046003649,0.27021177636887495,5.8535745589386185e-05,4.631539517187469,0.6809025447696473
OIII_4363,4364.436,4.41305847255137,4.41305847255137,120.64594066531734,52.08820335475099,0.27021177636887495,5.8535745589386185e-05,4.631539517187469,0.6809025447696473
OIII_5007,5008.24,5.811180342783928,5.811180342783928,158.86835019107198,54.78762986433353,0.27021177636887495,5.8535745589386185e-05,4.631539517187469,0.6809025447696473
OIII_4959,4960.295,13.503753842765605,13.503753842765605,369.170971788973,77.4594749297654,0.27021177636887495,5.8535745589386185e-05,4.631539517187469,0.6809025447696473
OII_3726,3727.092,0.2862586095588995,0.2862586095588995,7.825851263605078,54.28822234329685,0.27021177636887495,5.8535745589386185e-05,4.631539517187469,0.6809025447696473
OII_3729,3729.875,0.0,0.0,0.0,10000000000.0,0.27021177636887495,5.8535745589386185e-05,4.631539517187469,0.6809025447696473
OI_6300,6302.046,0.0,0.0,0.0,10000000000.0,0.27021177636887495,5.8535745589386185e-05,4.631539517187469,0.6809025447696473
SII_6717,6718.29,0.0,0.0,0.0,10000000000.0,0.27021177636887495,5.8535745589386185e-05,4.631539517187469,0.6809025447696473
SII_6731,6732.67,1.6293539617573742,1.6293539617573742,44.54392404171611,48.71997238496387,0.27021177636887495,5.8535745589386185e-05,4.631539517187469,0.6809025447696473
NII_6548,6549.85,0.12802229318810987,0.12802229318810987,3.49992416458533,48.170589783875194,0.27021177636887495,5.8535745589386185e-05,4.631539517187469,0.6809025447696473
NII_6584,6585.28,1.1676208969608979,1.1676208969608979,31.92088261021548,48.452192253305164,0.27021177636887495,5.8535745589386185e-05,4.631539517187469,0.6809025447696473
NII_5755,5756.24,2.2512670117112066,2.2512670117112066,61.54602935946821,49.217564497220046,0.27021177636887495,5.8535745589386185e-05,4.631539517187469,0.6809025447696473
HeI_5876,5877.594,1.0324137919697023,1.0324137919697023,28.224537214441384,48.38985856092187,0.27021177636887495,5.8535745589386185e-05,4.631539517187469,0.6809025447696473
HeII_4686,4687.02,0.0,0.0,0.0,10000000000.0,0.27021177636887495,5.8535745589386185e-05,4.631539517187469,0.6809025447696473
NeIII_3869,3870.16,2.8153233681063057,1.7739652464864375,76.96642546996776,49.79987289511437,0.27021177636887495,5.8535745589386185e-05,4.631539517187469,0.6809025447696473
