line,wl,amp,amp_err,flux,flux_err,z,zerr,FWHM,FWHMerr
HI_6563,6564.61,1.10096029664237,1.10096029664237,25.88064956330125,46.74396213033249,0.2701491358932802,5.1961593064861414e-05,3.9825006606801243,0.6121085415300261
HI_4861,4862.683,2.319560926431791,2.319560926431791,54.526710600544,47.466386876702,0.2701491358932802,5.1961593064861414e-05,3.9825006606801243,0.6121085415300261
HI_4341,4341.684,0.32982326459432443,0.32982326459432443,7.753268083165488,46.5510742421786,0.2701491358932802,5.1961593064861414e-05,3.9825006606801243,0.6121085415300261
HI_4102,4102.892,5.047655907203989,5.047655907203989,118.65697069084153,50.8044345907827,0.2701491358932802,5.1961593064861414e-05,3.9825006606801243,0.6121085415300261
OIII_4363,4364.436,0.0,0.0,0.0,10000000000.0,0.2701491358932802,5.1961593064861414e-05,3.9825006606801243,0.6121085415300261
OIII_5007,5008.24,1.0737361848040337,1.0737361848040337,25.240683071949228,46.73347363027043,0.2701491358932802,5.1961593064861414e-05,3.9825006606801243,0.6121085415300261
OIII_4959,4960.295,16.27838190882892,16.27838190882892,382.6614810041923,80.55894339203431,0.2701491358932802,5.1961593064861414e-05,3.9825006606801243,0.6121085415300261
OII_3726,3727.092,0.7352815016923842,0.7352815016923842,17.28451328691279,49.47016249999253,0.2701491358932802,5.1961593064861414e-05,3.9825006606801243,0.6121085415300261
OII_3729,3729.875,0.0,0.0,0.0,10000000000.0,0.2701491358932802,5.1961593064861414e-05,3.9825006606801243,0.6121085415300261
OI_6300,6302.046,0.0,0.0,0.0,10000000000.0,0.2701491358932802,5.1961593064861414e-05,3.9825006606801243,0.6121085415300261
SII_6717,6718.29,0.0,0.0,0.0,10000000000.0,0.2701491358932802,5.1961593064861414e-05,3.9825006606801243,0.6121085415300261
SII_6731,6732.67,3.2578193299258373,3.2578193299258373,76.58267121484378,48.35707504129177,0.2701491358932802,5.1961593064861414e-05,3.9825006606801243,0.6121085415300261
NII_6548,6549.85,1.1991238454061204,1.1991238454061204,28.188213617329907,46.78350844500132,0.2701491358932802,5.1961593064861414e-05,3.9825006606801243,0.6121085415300261
NII_6584,6585.28,0.0,0.0,0.0,10000000000.0,0.2701491358932802,5.1961593064861414e-05,3.9825006606801243,0.6121085415300261
NII_5755,5756.24,0.0,0.0,0.0,10000000000.0,0.2701491358932802,5.1961593064861414e-05,3.9825006606801243,0.6121085415300261
HeI_5876,5877.594,0.4195480127079918,0.4195480127079918,9.862458369288595,46.56286169847251,0.2701491358932802,5.1961593064861414e-05,3.9825006606801243,0.6121085415300261
HeII_4686,4687.02,0.0,0.0,0.0,10000000000.0,0.2701491358932802,5.1961593064861414e-05,3.9825006606801243,0.6121085415300261
NeIII_3869,3870.16,0.0,10000000000.0,0.0,10000000000.0,0.2701491358932802,5.1961593064861414e-05,3.9825006606801243,0.6121085415300261
