line,wl,amp,amp_err,flux,flux_err,z,zerr,FWHM,FWHMerr
HI_6563,6564.61,1060.9616303629468,1060.9616303629468,31421.148132680057,145.8867220345619,0.2691800742421781,1.138647807606261e-06,5.017353655980079,0.015407855487722222
HI_4861,4862.683,320.0131915728498,320.0131915728498,9477.422754093788,103.45741046081031,0.2691800742421781,1.138647807606261e-06,5.017353655980079,0.015407855487722222
HI_4341,4341.684,133.0357116689422,133.0357116689422,3939.949083602914,99.13424908516889,0.2691800742421781,1.138647807606261e-06,5.017353655980079,0.015407855487722222
HI_4102,4102.892,59.07767562790673,59.07767562790673,1749.6282090841094,98.39053877038732,0.2691800742421781,1.138647807606261e-06,5.017353655980079,0.015407855487722222
OIII_4363,4364.436,14.284391627994637,14.284391627994637,423.04261764385615,98.21779157399779,0.2691800742421781,1.138647807606261e-06,5.017353655980079,0.015407855487722222
OIII_5007,5008.24,894.0240206344954,894.0240206344954,26477.16975110673,133.82296982374942,0.2691800742421781,1.138647807606261e-06,5.017353655980079,0.015407855487722222
OIII_4959,4960.295,296.2446357104541,296.2446357104541,8773.499734373716,102.72290766598718,0.2691800742421781,1.138647807606261e-06,5.017353655980079,0.015407855487722222
OII_3726,3727.092,317.91185369817185,317.91185369817185,9415.190108965538,121.71773682912722,0.2691800742421781,1.138647807606261e-06,5.017353655980079,0.015407855487722222
OII_3729,3729.875,433.5935524260858,433.5935524260858,12841.18751353369,123.87121071253135,0.2691800742421781,1.138647807606261e-06,5.017353655980079,0.015407855487722222
OI_6300,6302.046,26.895017524291006,26.895017524291006,796.5154492652869,98.24512811824965,0.2691800742421781,1.138647807606261e-06,5.017353655980079,0.015407855487722222
SII_6717,6718.29,118.4277120001741,118.4277120001741,3507.322579138767,98.9425877477438,0.2691800742421781,1.138647807606261e-06,5.017353655980079,0.015407855487722222
SII_6731,6732.67,91.5040736514336,91.5040736514336,2709.9595034005047,98.64683490787155,0.2691800742421781,1.138647807606261e-06,5.017353655980079,0.015407855487722222
NII_6548,6549.85,57.62672634412411,57.62672634412411,1706.657293761617,98.38171295801126,0.2691800742421781,1.138647807606261e-06,5.017353655980079,0.015407855487722222
NII_6584,6585.28,180.37301556686793,180.37301556686793,5341.8776693422415,99.904994837119,0.2691800742421781,1.138647807606261e-06,5.017353655980079,0.015407855487722222
NII_5755,5756.24,6.891515775503194,6.891515775503194,204.0972376792843,98.2095500453603,0.2691800742421781,1.138647807606261e-06,5.017353655980079,0.015407855487722222
HeI_5876,5877.594,38.56204430278058,38.56204430278058,1142.0429086791185,98.28531031726507,0.2691800742421781,1.138647807606261e-06,5.017353655980079,0.015407855487722222
HeII_4686,4687.02,0.0,0.0,0.0,10000000000.0,0.2691800742421781,1.138647807606261e-06,5.017353655980079,0.015407855487722222
NeIII_3869,3870.16,75.91590357219252,3.3180907104591872,2248.3045413735663,98.50991605372336,0.2691800742421781,1.138647807606261e-06,5.017353655980079,0.015407855487722222
