line,wl,amp,amp_err,flux,flux_err,z,zerr,FWHM,FWHMerr
HI_6563,6564.61,0.0,0.0,0.0,10000000000.0,0.2701859228365155,1.2325207618735385e-05,1.5165265054299621,0.4308232491595319
HI_4861,4862.683,0.6928576294016011,0.6928576294016011,6.202141451994833,30.027034756321626,0.2701859228365155,1.2325207618735385e-05,1.5165265054299621,0.4308232491595319
HI_4341,4341.684,0.0,0.0,0.0,10000000000.0,0.2701859228365155,1.2325207618735385e-05,1.5165265054299621,0.4308232491595319
HI_4102,4102.892,0.0,0.0,0.0,10000000000.0,0.2701859228365155,1.2325207618735385e-05,1.5165265054299621,0.4308232491595319
OIII_4363,4364.436,2.7627567226815017,2.7627567226815017,24.73092200243114,27.823162156196137,0.2701859228365155,1.2325207618735385e-05,1.5165265054299621,0.4308232491595319
OIII_5007,5008.24,4.80455112644961,4.80455112644961,43.00812235454145,31.77764446933683,0.2701859228365155,1.2325207618735385e-05,1.5165265054299621,0.4308232491595319
OIII_4959,4960.295,38.93461518706704,38.93461518706704,348.52469038658467,139.54157440790846,0.2701859228365155,1.2325207618735385e-05,1.5165265054299621,0.4308232491595319
OII_3726,3727.092,7.538219425641955,7.538219425641955,67.47865822648993,39.80511214327382,0.2701859228365155,1.2325207618735385e-05,1.5165265054299621,0.4308232491595319
OII_3729,3729.875,0.0,0.0,0.0,10000000000.0,0.2701859228365155,1.2325207618735385e-05,1.5165265054299621,0.4308232491595319
OI_6300,6302.046,0.0,0.0,0.0,10000000000.0,0.2701859228365155,1.2325207618735385e-05,1.5165265054299621,0.4308232491595319
SII_6717,6718.29,0.655530517623788,0.655530517623788,5.868006389586174,27.0828562569307,0.2701859228365155,1.2325207618735385e-05,1.5165265054299621,0.4308232491595319
SII_6731,6732.67,0.0,0.0,0.0,10000000000.0,0.2701859228365155,1.2325207618735385e-05,1.5165265054299621,0.4308232491595319
NII_6548,6549.85,0.0,0.0,0.0,10000000000.0,0.2701859228365155,1.2325207618735385e-05,1.5165265054299621,0.4308232491595319
NII_6584,6585.28,0.0,0.0,0.0,10000000000.0,0.2701859228365155,1.2325207618735385e-05,1.5165265054299621,0.4308232491595319
NII_5755,5756.24,0.0,0.0,0.0,10000000000.0,0.2701859228365155,1.2325207618735385e-05,1.5165265054299621,0.4308232491595319
HeI_5876,5877.594,3.035884534668071,3.035884534668071,27.175836011500486,31.630287778866506,0.2701859228365155,1.2325207618735385e-05,1.5165265054299621,0.4308232491595319
HeII_4686,4687.02,0.0,0.0,0.0,10000000000.0,0.2701859228365155,1.2325207618735385e-05,1.5165265054299621,0.4308232491595319
NeIII_3869,3870.16,0.0,10000000000.0,0.0,10000000000.0,0.2701859228365155,1.2325207618735385e-05,1.5165265054299621,0.4308232491595319
