line,wl,amp,amp_err,flux,flux_err,z,zerr,FWHM,FWHMerr
HI_6563,6564.61,3.979467639842369,3.979467639842369,65.9044305237648,40.89970645210021,0.2705889014665078,4.27617948066083e-05,2.8057048055602563,0.4491083471442919
HI_4861,4862.683,1.862716601207012,1.862716601207012,30.848668198888408,39.54914033556984,0.2705889014665078,4.27617948066083e-05,2.8057048055602563,0.4491083471442919
HI_4341,4341.684,0.0,0.0,0.0,10000000000.0,0.2705889014665078,4.27617948066083e-05,2.8057048055602563,0.4491083471442919
HI_4102,4102.892,0.0,0.0,0.0,10000000000.0,0.2705889014665078,4.27617948066083e-05,2.8057048055602563,0.4491083471442919
OIII_4363,4364.436,0.0,0.0,0.0,10000000000.0,0.2705889014665078,4.27617948066083e-05,2.8057048055602563,0.4491083471442919
OIII_5007,5008.24,13.535935481161687,13.535935481161687,224.1702157748214,56.047923893621885,0.2705889014665078,4.27617948066083e-05,2.8057048055602563,0.4491083471442919
OIII_4959,4960.295,0.0,0.0,0.0,10000000000.0,0.2705889014665078,4.27617948066083e-05,2.8057048055602563,0.4491083471442919
OII_3726,3727.092,11.95227532378101,11.95227532378101,197.94303408589494,53.93151802648536,0.2705889014665078,4.27617948066083e-05,2.8057048055602563,0.4491083471442919
OII_3729,3729.875,5.51361687380836,5.51361687380836,91.31165600053826,44.82056506332979,0.2705889014665078,4.27617948066083e-05,2.8057048055602563,0.4491083471442919
OI_6300,6302.046,2.782320662369443,2.782320662369443,46.07833895973724,40.01875759861007,0.2705889014665078,4.27617948066083e-05,2.8057048055602563,0.4491083471442919
SII_6717,6718.29,0.6217508145950887,0.6217508145950887,10.29688819512534,39.205687338473226,0.2705889014665078,4.27617948066083e-05,2.8057048055602563,0.4491083471442919
SII_6731,6732.67,2.8688314180776615,2.8688314180776615,47.51105373596708,40.08120325186396,0.2705889014665078,4.27617948066083e-05,2.8057048055602563,0.4491083471442919
NII_6548,6549.85,0.7202421241333923,0.7202421241333923,11.92801432910211,39.22142947488025,0.2705889014665078,4.27617948066083e-05,2.8057048055602563,0.4491083471442919
NII_6584,6585.28,0.0,0.0,0.0,10000000000.0,0.2705889014665078,4.27617948066083e-05,2.8057048055602563,0.4491083471442919
NII_5755,5756.24,3.934290518219427,3.934290518219427,65.15624691160184,40.86270953833105,0.2705889014665078,4.27617948066083e-05,2.8057048055602563,0.4491083471442919
HeI_5876,5877.594,0.9748806008108204,0.9748806008108204,16.145112019970533,39.27833446143907,0.2705889014665078,4.27617948066083e-05,2.8057048055602563,0.4491083471442919
HeII_4686,4687.02,0.0,0.0,0.0,10000000000.0,0.2705889014665078,4.27617948066083e-05,2.8057048055602563,0.4491083471442919
NeIII_3869,3870.16,2.582819407625948,2.3736312176677803,42.77437527097423,39.90181347901936,0.2705889014665078,4.27617948066083e-05,2.8057048055602563,0.4491083471442919
