line,wl,amp,amp_err,flux,flux_err,z,zerr,FWHM,FWHMerr
HI_6563,6564.61,13.502199775270924,13.502199775270924,314.51459014671815,62.09115305058588,0.2692914077913305,3.7987701968263425e-05,3.9462864773212663,0.47178560473566167
HI_4861,4862.683,5.550914475865056,5.550914475865056,129.3006784356479,48.85815261953865,0.2692914077913305,3.7987701968263425e-05,3.9462864773212663,0.47178560473566167
HI_4341,4341.684,5.537741152415265,5.537741152415265,128.99382455297393,48.84324576284937,0.2692914077913305,3.7987701968263425e-05,3.9462864773212663,0.47178560473566167
HI_4102,4102.892,0.0,0.0,0.0,10000000000.0,0.2692914077913305,3.7987701968263425e-05,3.9462864773212663,0.47178560473566167
OIII_4363,4364.436,4.005864943439406,4.005864943439406,93.31094131612868,47.37107057764402,0.2692914077913305,3.7987701968263425e-05,3.9462864773212663,0.47178560473566167
OIII_5007,5008.24,11.595560377791685,11.595560377791685,270.1021300560263,58.236383119182825,0.2692914077913305,3.7987701968263425e-05,3.9462864773212663,0.47178560473566167
OIII_4959,4960.295,3.9449347931813463,3.9449347931813463,91.89165989866002,47.321539420356565,0.2692914077913305,3.7987701968263425e-05,3.9462864773212663,0.47178560473566167
OII_3726,3727.092,4.041392365704382,4.041392365704382,94.1385022201751,54.61870081276169,0.2692914077913305,3.7987701968263425e-05,3.9462864773212663,0.47178560473566167
OII_3729,3729.875,13.148497594050696,13.148497594050696,306.27559958132724,63.51305700175843,0.2692914077913305,3.7987701968263425e-05,3.9462864773212663,0.47178560473566167
OI_6300,6302.046,0.0,0.0,0.0,10000000000.0,0.2692914077913305,3.7987701968263425e-05,3.9462864773212663,0.47178560473566167
SII_6717,6718.29,0.0,0.0,0.0,10000000000.0,0.2692914077913305,3.7987701968263425e-05,3.9462864773212663,0.47178560473566167
SII_6731,6732.67,2.206850695206981,2.206850695206981,51.4054564049062,46.213364515325566,0.2692914077913305,3.7987701968263425e-05,3.9462864773212663,0.47178560473566167
NII_6548,6549.85,0.24416223632726997,0.24416223632726997,5.687412937588283,45.7061039424767,0.2692914077913305,3.7987701968263425e-05,3.9462864773212663,0.47178560473566167
NII_6584,6585.28,1.5182553998175763,1.5182553998175763,35.36560580937526,45.94351759406147,0.2692914077913305,3.7987701968263425e-05,3.9462864773212663,0.47178560473566167
NII_5755,5756.24,0.0,0.0,0.0,10000000000.0,0.2692914077913305,3.7987701968263425e-05,3.9462864773212663,0.47178560473566167
HeI_5876,5877.594,0.8366178796150052,0.8366178796150052,19.48782671683215,45.773981315651476,0.2692914077913305,3.7987701968263425e-05,3.9462864773212663,0.47178560473566167
HeII_4686,4687.02,0.0,0.0,0.0,10000000000.0,0.2692914077913305,3.7987701968263425e-05,3.9462864773212663,0.47178560473566167
NeIII_3869,3870.16,0.0,10000000000.0,0.0,10000000000.0,0.2692914077913305,3.7987701968263425e-05,3.9462864773212663,0.47178560473566167
