line,wl,amp,amp_err,flux,flux_err,z,zerr,FWHM,FWHMerr
HI_6563,6564.61,17.354455045049917,17.354455045049917,676.6054995568566,71.871305116312,0.2691933783116196,3.360835080513349e-05,6.6050617864154155,0.40269327867469873
HI_4861,4862.683,6.066939009869884,6.066939009869884,236.53432440823647,57.42865839966525,0.2691933783116196,3.360835080513349e-05,6.6050617864154155,0.40269327867469873
HI_4341,4341.684,0.7962006224209972,0.7962006224209972,31.041811366718683,55.15907313590267,0.2691933783116196,3.360835080513349e-05,6.6050617864154155,0.40269327867469873
HI_4102,4102.892,1.3400335446384588,1.3400335446384588,52.244456166410366,55.233418156526085,0.2691933783116196,3.360835080513349e-05,6.6050617864154155,0.40269327867469873
OIII_4363,4364.436,0.0,0.0,0.0,10000000000.0,0.2691933783116196,3.360835080513349e-05,6.6050617864154155,0.40269327867469873
OIII_5007,5008.24,19.40944183964575,19.40944183964575,756.7241413195002,75.49254712221942,0.2691933783116196,3.360835080513349e-05,6.6050617864154155,0.40269327867469873
OIII_4959,4960.295,7.631857364574557,7.631857364574557,297.54646004730193,58.73231662042247,0.2691933783116196,3.360835080513349e-05,6.6050617864154155,0.40269327867469873
OII_3726,3727.092,7.893766766755675,7.893766766755675,307.75763299634474,85.31335122392613,0.2691933783116196,3.360835080513349e-05,6.6050617864154155,0.40269327867469873
OII_3729,3729.875,16.089273744086654,16.089273744086654,627.2793395624284,88.59757771363391,0.2691933783116196,3.360835080513349e-05,6.6050617864154155,0.40269327867469873
OI_6300,6302.046,3.4637800154540628,3.4637800154540628,135.0438605895511,55.88210255448801,0.2691933783116196,3.360835080513349e-05,6.6050617864154155,0.40269327867469873
SII_6717,6718.29,2.241142832744913,2.241142832744913,87.37638617815088,55.439468103906066,0.2691933783116196,3.360835080513349e-05,6.6050617864154155,0.40269327867469873
SII_6731,6732.67,3.0383846954770206,3.0383846954770206,118.4587928225103,55.70702796653658,0.2691933783116196,3.360835080513349e-05,6.6050617864154155,0.40269327867469873
NII_6548,6549.85,0.0,0.0,0.0,10000000000.0,0.2691933783116196,3.360835080513349e-05,6.6050617864154155,0.40269327867469873
NII_6584,6585.28,5.17769431921181,5.17769431921181,201.86496448946423,56.81021988752551,0.2691933783116196,3.360835080513349e-05,6.6050617864154155,0.40269327867469873
NII_5755,5756.24,2.9486061149711986,2.9486061149711986,114.95855722565857,55.672771121201706,0.2691933783116196,3.360835080513349e-05,6.6050617864154155,0.40269327867469873
HeI_5876,5877.594,0.0,0.0,0.0,10000000000.0,0.2691933783116196,3.360835080513349e-05,6.6050617864154155,0.40269327867469873
HeII_4686,4687.02,0.0,0.0,0.0,10000000000.0,0.2691933783116196,3.360835080513349e-05,6.6050617864154155,0.40269327867469873
NeIII_3869,3870.16,1.6227086749495356,1.4146162938534694,63.265231365628125,55.286956094871194,0.2691933783116196,3.360835080513349e-05,6.6050617864154155,0.40269327867469873
