line,wl,amp,amp_err,flux,flux_err,z,zerr,FWHM,FWHMerr
HI_6563,6564.61,146.23897739698464,146.23897739698464,4044.121857432039,96.44284329595055,0.2692746773071934,4.9995413245854765e-06,4.685041406646299,0.06179963205941944
HI_4861,4862.683,70.17171788769247,70.17171788769247,1940.542686597201,81.0132611258578,0.2692746773071934,4.9995413245854765e-06,4.685041406646299,0.06179963205941944
HI_4341,4341.684,24.41878526244932,24.41878526244932,675.281959499307,76.44157247636561,0.2692746773071934,4.9995413245854765e-06,4.685041406646299,0.06179963205941944
HI_4102,4102.892,18.4517077627994,18.4517077627994,510.2672078177711,76.16272560917264,0.2692746773071934,4.9995413245854765e-06,4.685041406646299,0.06179963205941944
OIII_4363,4364.436,8.063695764145223,8.063695764145223,222.99505146932364,75.86137974868352,0.2692746773071934,4.9995413245854765e-06,4.685041406646299,0.06179963205941944
OIII_5007,5008.24,207.2023972226973,207.2023972226973,5730.016432253197,113.51231666833819,0.2692746773071934,4.9995413245854765e-06,4.685041406646299,0.06179963205941944
OIII_4959,4960.295,67.15946580646346,67.15946580646346,1857.2412665611187,80.58747956130894,0.2692746773071934,4.9995413245854765e-06,4.685041406646299,0.06179963205941944
OII_3726,3727.092,89.61049032492815,89.61049032492815,2478.106377853519,98.21068816831117,0.2692746773071934,4.9995413245854765e-06,4.685041406646299,0.06179963205941944
OII_3729,3729.875,119.88504892485798,119.88504892485798,3315.325061527164,101.28786312881762,0.2692746773071934,4.9995413245854765e-06,4.685041406646299,0.06179963205941944
OI_6300,6302.046,8.637071835925212,8.637071835925212,238.85130775398903,75.87185219872748,0.2692746773071934,4.9995413245854765e-06,4.685041406646299,0.06179963205941944
SII_6717,6718.29,23.30545722479326,23.30545722479326,644.4937638231683,76.38371966468694,0.2692746773071934,4.9995413245854765e-06,4.685041406646299,0.06179963205941944
SII_6731,6732.67,16.250938757778954,16.250938757778954,449.40670267213227,76.07931005900063,0.2692746773071934,4.9995413245854765e-06,4.685041406646299,0.06179963205941944
NII_6548,6549.85,8.010320739283884,8.010320739283884,221.51900788282651,75.86045194250731,0.2692746773071934,4.9995413245854765e-06,4.685041406646299,0.06179963205941944
NII_6584,6585.28,32.89186444736106,32.89186444736106,909.5981817635948,76.96804610095838,0.2692746773071934,4.9995413245854765e-06,4.685041406646299,0.06179963205941944
NII_5755,5756.24,5.142650073451023,5.142650073451023,142.2158711539007,75.81905062040775,0.2692746773071934,4.9995413245854765e-06,4.685041406646299,0.06179963205941944
HeI_5876,5877.594,5.223493932194742,5.223493932194742,144.45154335295538,75.81997355737838,0.2692746773071934,4.9995413245854765e-06,4.685041406646299,0.06179963205941944
HeII_4686,4687.02,0.0,0.0,0.0,10000000000.0,0.2692746773071934,4.9995413245854765e-06,4.685041406646299,0.06179963205941944
NeIII_3869,3870.16,11.084732506831642,2.74161062750302,306.53940428599867,75.92479601200759,0.2692746773071934,4.9995413245854765e-06,4.685041406646299,0.06179963205941944
