line,wl,amp,amp_err,flux,flux_err,z,zerr,FWHM,FWHMerr
HI_6563,6564.61,0.023082606846514864,0.023082606846514864,0.35679677770124985,36.201788113102964,0.27015379223221225,3.141044034298843e-05,2.6187160548452226,0.3612059777194832
HI_4861,4862.683,3.8065254985414185,3.8065254985414185,58.83893622363036,37.305804728015296,0.27015379223221225,3.141044034298843e-05,2.6187160548452226,0.3612059777194832
HI_4341,4341.684,1.7218282612442408,1.7218282612442408,26.614965088297538,36.414416223085134,0.27015379223221225,3.141044034298843e-05,2.6187160548452226,0.3612059777194832
HI_4102,4102.892,2.4931853159067714,2.4931853159067714,38.53812928681057,36.66663765667417,0.27015379223221225,3.141044034298843e-05,2.6187160548452226,0.3612059777194832
OIII_4363,4364.436,0.0,0.0,0.0,10000000000.0,0.27015379223221225,3.141044034298843e-05,2.6187160548452226,0.3612059777194832
OIII_5007,5008.24,2.500046196308972,2.500046196308972,38.64418056758558,36.664587953300774,0.27015379223221225,3.141044034298843e-05,2.6187160548452226,0.3612059777194832
OIII_4959,4960.295,17.228721419213457,17.228721419213457,266.31100755485056,54.81502578444736,0.27015379223221225,3.141044034298843e-05,2.6187160548452226,0.3612059777194832
OII_3726,3727.092,0.0,0.0,0.0,10000000000.0,0.27015379223221225,3.141044034298843e-05,2.6187160548452226,0.3612059777194832
OII_3729,3729.875,0.0,0.0,0.0,10000000000.0,0.27015379223221225,3.141044034298843e-05,2.6187160548452226,0.3612059777194832
OI_6300,6302.046,3.4601414981659673,3.4601414981659673,53.48474481868991,37.11250007419351,0.27015379223221225,3.141044034298843e-05,2.6187160548452226,0.3612059777194832
SII_6717,6718.29,0.0,0.0,0.0,10000000000.0,0.27015379223221225,3.141044034298843e-05,2.6187160548452226,0.3612059777194832
SII_6731,6732.67,0.0,0.0,0.0,10000000000.0,0.27015379223221225,3.141044034298843e-05,2.6187160548452226,0.3612059777194832
NII_6548,6549.85,1.9420592270182624,1.9420592270182624,30.019160266974648,36.49776726449518,0.27015379223221225,3.141044034298843e-05,2.6187160548452226,0.3612059777194832
NII_6584,6585.28,0.0,0.0,0.0,10000000000.0,0.27015379223221225,3.141044034298843e-05,2.6187160548452226,0.3612059777194832
NII_5755,5756.24,0.0,0.0,0.0,10000000000.0,0.27015379223221225,3.141044034298843e-05,2.6187160548452226,0.3612059777194832
HeI_5876,5877.594,0.9325234014989974,0.9325234014989974,14.414374728047113,36.272436666133174,0.27015379223221225,3.141044034298843e-05,2.6187160548452226,0.3612059777194832
HeII_4686,4687.02,0.0,0.0,0.0,10000000000.0,0.27015379223221225,3.141044034298843e-05,2.6187160548452226,0.3612059777194832
NeIII_3869,3870.16,0.0,10000000000.0,0.0,10000000000.0,0.27015379223221225,3.141044034298843e-05,2.6187160548452226,0.3612059777194832
