line,wl,amp,amp_err,flux,flux_err,z,zerr,FWHM,FWHMerr
HI_6563,6564.61,722.3176900980613,722.3176900980613,21143.845217509333,121.18992226247781,0.269195399839852,1.3818981135201003e-06,4.959159327778572,0.018270180668363698
HI_4861,4862.683,252.1936649928207,252.1936649928207,7382.269450884814,89.59197563678164,0.269195399839852,1.3818981135201003e-06,4.959159327778572,0.018270180668363698
HI_4341,4341.684,105.81503406643242,105.81503406643242,3097.4413788514375,85.23428852063213,0.269195399839852,1.3818981135201003e-06,4.959159327778572,0.018270180668363698
HI_4102,4102.892,47.35843073803926,47.35843073803926,1386.2865924456278,84.46721658694517,0.269195399839852,1.3818981135201003e-06,4.959159327778572,0.018270180668363698
OIII_4363,4364.436,6.967112283342999,6.967112283342999,203.94287133132997,84.27820894073771,0.269195399839852,1.3818981135201003e-06,4.959159327778572,0.018270180668363698
OIII_5007,5008.24,673.9243307054708,673.9243307054708,19727.26396167255,117.06707188284348,0.269195399839852,1.3818981135201003e-06,4.959159327778572,0.018270180668363698
OIII_4959,4960.295,226.86526275267556,226.86526275267556,6640.85078716672,88.6020335007304,0.269195399839852,1.3818981135201003e-06,4.959159327778572,0.018270180668363698
OII_3726,3727.092,251.2420764648998,251.2420764648998,7354.414338347857,105.62946702886494,0.269195399839852,1.3818981135201003e-06,4.959159327778572,0.018270180668363698
OII_3729,3729.875,360.19709993460356,360.19709993460356,10543.77019034251,108.27096389628599,0.269195399839852,1.3818981135201003e-06,4.959159327778572,0.018270180668363698
OI_6300,6302.046,20.68445770716005,20.68445770716005,605.4800791448647,84.31092275065848,0.269195399839852,1.3818981135201003e-06,4.959159327778572,0.018270180668363698
SII_6717,6718.29,81.10856831978595,81.10856831978595,2374.2281794794685,84.83951626193998,0.269195399839852,1.3818981135201003e-06,4.959159327778572,0.018270180668363698
SII_6731,6732.67,63.522694994986296,63.522694994986296,1859.4505564313463,84.62132583704341,0.269195399839852,1.3818981135201003e-06,4.959159327778572,0.018270180668363698
NII_6548,6549.85,30.00203420982666,30.00203420982666,878.2262655880335,84.35164412523969,0.269195399839852,1.3818981135201003e-06,4.959159327778572,0.018270180668363698
NII_6584,6585.28,120.12471410639728,120.12471410639728,3516.3175382267177,85.50960131676561,0.269195399839852,1.3818981135201003e-06,4.959159327778572,0.018270180668363698
NII_5755,5756.24,0.621519892000947,0.621519892000947,18.19326949376954,84.27405468376091,0.269195399839852,1.3818981135201003e-06,4.959159327778572,0.018270180668363698
HeI_5876,5877.594,32.14902935338273,32.14902935338273,941.0735883386791,84.36314826884423,0.269195399839852,1.3818981135201003e-06,4.959159327778572,0.018270180668363698
HeII_4686,4687.02,0.0,0.0,0.0,10000000000.0,0.269195399839852,1.3818981135201003e-06,4.959159327778572,0.018270180668363698
NeIII_3869,3870.16,61.339211654789324,2.881192930086341,1795.5351430155854,84.59794459691005,0.269195399839852,1.3818981135201003e-06,4.959159327778572,0.018270180668363698
