line,wl,amp,amp_err,flux,flux_err,z,zerr,FWHM,FWHMerr
HI_6563,6564.61,24.762208137734206,24.762208137734206,959.295437190517,76.23896932369988,0.26919146076551803,2.5099533562751176e-05,6.563195650404527,0.2952915707060467
HI_4861,4862.683,7.849049367280031,7.849049367280031,304.0745478930385,60.97187015089828,0.26919146076551803,2.5099533562751176e-05,6.563195650404527,0.2952915707060467
HI_4341,4341.684,7.10786781106367,7.10786781106367,275.360950097023,60.625615949306315,0.26919146076551803,2.5099533562751176e-05,6.563195650404527,0.2952915707060467
HI_4102,4102.892,1.12627398103848,1.12627398103848,43.63219487644103,59.062680052663865,0.26919146076551803,2.5099533562751176e-05,6.563195650404527,0.2952915707060467
OIII_4363,4364.436,0.0,0.0,0.0,10000000000.0,0.26919146076551803,2.5099533562751176e-05,6.563195650404527,0.2952915707060467
OIII_5007,5008.24,28.785125506482473,28.785125506482473,1115.1444735352948,81.4281671823403,0.26919146076551803,2.5099533562751176e-05,6.563195650404527,0.2952915707060467
OIII_4959,4960.295,13.417148961592943,13.417148961592943,519.7844112839009,64.55427820198774,0.26919146076551803,2.5099533562751176e-05,6.563195650404527,0.2952915707060467
OII_3726,3727.092,18.666159197823163,18.666159197823163,723.1326563747247,92.98987047561096,0.26919146076551803,2.5099533562751176e-05,6.563195650404527,0.2952915707060467
OII_3729,3729.875,17.160829235410915,17.160829235410915,664.8157180638922,92.54264154114007,0.26919146076551803,2.5099533562751176e-05,6.563195650404527,0.2952915707060467
OI_6300,6302.046,2.9647481869907324,2.9647481869907324,114.85524200344216,59.304016890733,0.26919146076551803,2.5099533562751176e-05,6.563195650404527,0.2952915707060467
SII_6717,6718.29,2.1974497268817004,2.1974497268817004,85.12986744671025,59.17709575334649,0.26919146076551803,2.5099533562751176e-05,6.563195650404527,0.2952915707060467
SII_6731,6732.67,3.327744846413225,3.327744846413225,128.91784244531294,59.377163424174945,0.26919146076551803,2.5099533562751176e-05,6.563195650404527,0.2952915707060467
NII_6548,6549.85,1.593941648223904,1.593941648223904,61.74978183625894,59.10372317150423,0.26919146076551803,2.5099533562751176e-05,6.563195650404527,0.2952915707060467
NII_6584,6585.28,4.3141840580076405,4.3141840580076405,167.13279603446085,59.61771641767283,0.26919146076551803,2.5099533562751176e-05,6.563195650404527,0.2952915707060467
NII_5755,5756.24,1.509951817005458,1.509951817005458,58.495990356512934,59.09520224157283,0.26919146076551803,2.5099533562751176e-05,6.563195650404527,0.2952915707060467
HeI_5876,5877.594,0.0,0.0,0.0,10000000000.0,0.26919146076551803,2.5099533562751176e-05,6.563195650404527,0.2952915707060467
HeII_4686,4687.02,0.0,0.0,0.0,10000000000.0,0.26919146076551803,2.5099533562751176e-05,6.563195650404527,0.2952915707060467
NeIII_3869,3870.16,5.809851876767993,1.5291243375877834,225.07541997610684,60.09805613180756,0.26919146076551803,2.5099533562751176e-05,6.563195650404527,0.2952915707060467
