line,wl,amp,amp_err,flux,flux_err,z,zerr,FWHM,FWHMerr
HI_6563,6564.61,172.81191636656763,172.81191636656763,5126.642560493906,93.07526291435705,0.2692237543345,4.402518948742759e-06,5.025875130299861,0.055614606665353915
HI_4861,4862.683,66.84532696099427,66.84532696099427,1983.0351133972008,72.40186908232504,0.2692237543345,4.402518948742759e-06,5.025875130299861,0.055614606665353915
HI_4341,4341.684,33.34040697575915,33.34040697575915,989.0773332062996,69.20878487230111,0.2692237543345,4.402518948742759e-06,5.025875130299861,0.055614606665353915
HI_4102,4102.892,19.43747016231623,19.43747016231623,576.6324678159692,68.4909628571243,0.2692237543345,4.402518948742759e-06,5.025875130299861,0.055614606665353915
OIII_4363,4364.436,3.8232973971123556,3.8232973971123556,113.42203460023514,68.13289315230338,0.2692237543345,4.402518948742759e-06,5.025875130299861,0.055614606665353915
OIII_5007,5008.24,185.66868337687902,185.66868337687902,5508.051726778505,96.3528464287288,0.2692237543345,4.402518948742759e-06,5.025875130299861,0.055614606665353915
OIII_4959,4960.295,59.223947691146805,59.223947691146805,1756.9390885629728,71.50245939701765,0.2692237543345,4.402518948742759e-06,5.025875130299861,0.055614606665353915
OII_3726,3727.092,102.76611136192332,102.76611136192332,3048.6619867518375,92.37909981792424,0.2692237543345,4.402518948742759e-06,5.025875130299861,0.055614606665353915
OII_3729,3729.875,115.69947764849667,115.69947764849667,3432.3435490496518,93.492416699075,0.2692237543345,4.402518948742759e-06,5.025875130299861,0.055614606665353915
OI_6300,6302.046,5.517677247218558,5.517677247218558,163.687548899446,68.14853806878514,0.2692237543345,4.402518948742759e-06,5.025875130299861,0.055614606665353915
SII_6717,6718.29,18.9573351317174,18.9573351317174,562.3887701913753,68.47285732298539,0.2692237543345,4.402518948742759e-06,5.025875130299861,0.055614606665353915
SII_6731,6732.67,16.297813453764093,16.297813453764093,483.491334693754,68.38056120442842,0.2692237543345,4.402518948742759e-06,5.025875130299861,0.055614606665353915
NII_6548,6549.85,9.6697702799529,9.6697702799529,286.8636429113527,68.21083655438758,0.2692237543345,4.402518948742759e-06,5.025875130299861,0.055614606665353915
NII_6584,6585.28,25.40534618966558,25.40534618966558,753.6756247974715,68.75365514223117,0.2692237543345,4.402518948742759e-06,5.025875130299861,0.055614606665353915
NII_5755,5756.24,0.11931044825041681,0.11931044825041681,3.5394666917224535,68.11845422318409,0.2692237543345,4.402518948742759e-06,5.025875130299861,0.055614606665353915
HeI_5876,5877.594,6.784003302544875,6.784003302544875,201.25440879658103,68.16392882752305,0.2692237543345,4.402518948742759e-06,5.025875130299861,0.055614606665353915
HeII_4686,4687.02,2.1600499167107046e-12,2.1600499167107046e-12,6.408009394624574e-11,68.11843602114506,0.2692237543345,4.402518948742759e-06,5.025875130299861,0.055614606665353915
NeIII_3869,3870.16,18.431347658513573,2.298440003442159,546.7848128769186,68.45350208898749,0.2692237543345,4.402518948742759e-06,5.025875130299861,0.055614606665353915
