line,wl,amp,amp_err,flux,flux_err,z,zerr,FWHM,FWHMerr
HI_6563,6564.61,28.792254703819708,28.792254703819708,892.4910186010794,69.22158838398441,0.2691557730164095,1.8787584279106744e-05,5.251465547642505,0.22430155184875644
HI_4861,4862.683,15.124209764140346,15.124209764140346,468.81432235118683,58.962361294437514,0.2691557730164095,1.8787584279106744e-05,5.251465547642505,0.22430155184875644
HI_4341,4341.684,8.396461459740522,8.396461459740522,260.27021912439415,55.94533111296346,0.2691557730164095,1.8787584279106744e-05,5.251465547642505,0.22430155184875644
HI_4102,4102.892,0.4816712527173195,0.4816712527173195,14.930656573814888,54.552094396992786,0.2691557730164095,1.8787584279106744e-05,5.251465547642505,0.22430155184875644
OIII_4363,4364.436,4.847498998476908,4.847498998476908,150.26087270075502,55.0173175093279,0.2691557730164095,1.8787584279106744e-05,5.251465547642505,0.22430155184875644
OIII_5007,5008.24,37.52903272611343,37.52903272611343,1163.3102370547838,77.85262839454147,0.2691557730164095,1.8787584279106744e-05,5.251465547642505,0.22430155184875644
OIII_4959,4960.295,11.963316308771937,11.963316308771937,370.83418676642555,57.34983374045251,0.2691557730164095,1.8787584279106744e-05,5.251465547642505,0.22430155184875644
OII_3726,3727.092,18.28054545514101,18.28054545514101,566.653178143693,76.87914603788526,0.2691557730164095,1.8787584279106744e-05,5.251465547642505,0.22430155184875644
OII_3729,3729.875,29.582595098281217,29.582595098281217,916.9896801665092,80.56611119713267,0.2691557730164095,1.8787584279106744e-05,5.251465547642505,0.22430155184875644
OI_6300,6302.046,2.694672095828082,2.694672095828082,83.52838873999183,54.693091913364455,0.2691557730164095,1.8787584279106744e-05,5.251465547642505,0.22430155184875644
SII_6717,6718.29,4.961457359913197,4.961457359913197,153.79330929256147,55.039578743406004,0.2691557730164095,1.8787584279106744e-05,5.251465547642505,0.22430155184875644
SII_6731,6732.67,3.251577360000738,3.251577360000738,100.79111969311228,54.75937244563047,0.2691557730164095,1.8787584279106744e-05,5.251465547642505,0.22430155184875644
NII_6548,6549.85,0.0,0.0,0.0,10000000000.0,0.2691557730164095,1.8787584279106744e-05,5.251465547642505,0.22430155184875644
NII_6584,6585.28,3.556593165391064,3.556593165391064,110.24587999731752,54.80089645917227,0.2691557730164095,1.8787584279106744e-05,5.251465547642505,0.22430155184875644
NII_5755,5756.24,0.5317421619848801,0.5317421619848801,16.482734980809497,54.55313819133937,0.2691557730164095,1.8787584279106744e-05,5.251465547642505,0.22430155184875644
HeI_5876,5877.594,1.7679520653695135,1.7679520653695135,54.802284707845075,54.6101896787122,0.2691557730164095,1.8787584279106744e-05,5.251465547642505,0.22430155184875644
HeII_4686,4687.02,0.0,0.0,0.0,10000000000.0,0.2691557730164095,1.8787584279106744e-05,5.251465547642505,0.22430155184875644
NeIII_3869,3870.16,6.628744344111624,1.7654097939209294,205.47521729645825,55.42276297534391,0.2691557730164095,1.8787584279106744e-05,5.251465547642505,0.22430155184875644
