line,wl,amp,amp_err,flux,flux_err,z,zerr,FWHM,FWHMerr
HI_6563,6564.61,0.0,0.0,0.0,10000000000.0,0.27020295382152393,2.204780646240391e-05,2.5643889143176875,0.2688855875345239
HI_4861,4862.683,4.572041314571948,4.572041314571948,69.20567280991133,39.32072829176039,0.27020295382152393,2.204780646240391e-05,2.5643889143176875,0.2688855875345239
HI_4341,4341.684,0.0,0.0,0.0,10000000000.0,0.27020295382152393,2.204780646240391e-05,2.5643889143176875,0.2688855875345239
HI_4102,4102.892,2.1610494557240827,2.1610494557240827,32.71118331372295,38.65452745039717,0.27020295382152393,2.204780646240391e-05,2.5643889143176875,0.2688855875345239
OIII_4363,4364.436,0.0,0.0,0.0,10000000000.0,0.27020295382152393,2.204780646240391e-05,2.5643889143176875,0.2688855875345239
OIII_5007,5008.24,1.9040615574352842,1.9040615574352842,28.82123149977123,38.609410154085076,0.27020295382152393,2.204780646240391e-05,2.5643889143176875,0.2688855875345239
OIII_4959,4960.295,29.226563696591256,29.226563696591256,442.3940785700653,64.68502216552888,0.27020295382152393,2.204780646240391e-05,2.5643889143176875,0.2688855875345239
OII_3726,3727.092,16.560057315342533,16.560057315342533,250.66481893466255,47.749632637303804,0.27020295382152393,2.204780646240391e-05,2.5643889143176875,0.2688855875345239
OII_3729,3729.875,0.0,0.0,0.0,10000000000.0,0.27020295382152393,2.204780646240391e-05,2.5643889143176875,0.2688855875345239
OI_6300,6302.046,1.5212135500297563,1.5212135500297563,23.02617145689975,38.52486807522376,0.27020295382152393,2.204780646240391e-05,2.5643889143176875,0.2688855875345239
SII_6717,6718.29,1.1011014872595979,1.1011014872595979,16.667056138561787,38.47954232666556,0.27020295382152393,2.204780646240391e-05,2.5643889143176875,0.2688855875345239
SII_6731,6732.67,0.0,0.0,0.0,10000000000.0,0.27020295382152393,2.204780646240391e-05,2.5643889143176875,0.2688855875345239
NII_6548,6549.85,0.0,0.0,0.0,10000000000.0,0.27020295382152393,2.204780646240391e-05,2.5643889143176875,0.2688855875345239
NII_6584,6585.28,0.0,0.0,0.0,10000000000.0,0.27020295382152393,2.204780646240391e-05,2.5643889143176875,0.2688855875345239
NII_5755,5756.24,0.5900224831673313,0.5900224831673313,8.93100042434605,38.48406870539252,0.27020295382152393,2.204780646240391e-05,2.5643889143176875,0.2688855875345239
HeI_5876,5877.594,0.0,0.0,0.0,10000000000.0,0.27020295382152393,2.204780646240391e-05,2.5643889143176875,0.2688855875345239
HeII_4686,4687.02,0.0,0.0,0.0,10000000000.0,0.27020295382152393,2.204780646240391e-05,2.5643889143176875,0.2688855875345239
NeIII_3869,3870.16,9.837590887878946,2.5903434168949593,148.90878042908852,42.20371228396644,0.27020295382152393,2.204780646240391e-05,2.5643889143176875,0.2688855875345239
