line,wl,amp,amp_err,flux,flux_err,z,zerr,FWHM,FWHMerr
HI_6563,6564.61,3.048289437809217,3.048289437809217,14.060534058480398,100.86754486771045,0.2684065607789599,6.725318811703547e-05,0.7814441732326755,1.2691952882796018
HI_4861,4862.683,0.0,0.0,0.0,10000000000.0,0.2684065607789599,6.725318811703547e-05,0.7814441732326755,1.2691952882796018
HI_4341,4341.684,0.0,0.0,0.0,10000000000.0,0.2684065607789599,6.725318811703547e-05,0.7814441732326755,1.2691952882796018
HI_4102,4102.892,0.0,0.0,0.0,10000000000.0,0.2684065607789599,6.725318811703547e-05,0.7814441732326755,1.2691952882796018
OIII_4363,4364.436,3.8661110081066,3.8661110081066,17.832816276926994,34.95725918022347,0.2684065607789599,6.725318811703547e-05,0.7814441732326755,1.2691952882796018
OIII_5007,5008.24,4.131669389671401,4.131669389671401,19.05773036224769,39.156058323386134,0.2684065607789599,6.725318811703547e-05,0.7814441732326755,1.2691952882796018
OIII_4959,4960.295,4.423590126895078,4.423590126895078,20.4042433991003,146.9017312634539,0.2684065607789599,6.725318811703547e-05,0.7814441732326755,1.2691952882796018
OII_3726,3727.092,1.9032094720139412,1.9032094720139412,8.778740387890078,23.306660166490595,0.2684065607789599,6.725318811703547e-05,0.7814441732326755,1.2691952882796018
OII_3729,3729.875,1.8315453068955776,1.8315453068955776,8.44818239627643,21.636037939083536,0.2684065607789599,6.725318811703547e-05,0.7814441732326755,1.2691952882796018
OI_6300,6302.046,0.0,0.0,0.0,10000000000.0,0.2684065607789599,6.725318811703547e-05,0.7814441732326755,1.2691952882796018
SII_6717,6718.29,0.0,0.0,0.0,10000000000.0,0.2684065607789599,6.725318811703547e-05,0.7814441732326755,1.2691952882796018
SII_6731,6732.67,2.8735450058999277,2.8735450058999277,13.254508224478165,27.292234641075524,0.2684065607789599,6.725318811703547e-05,0.7814441732326755,1.2691952882796018
NII_6548,6549.85,0.0,0.0,0.0,10000000000.0,0.2684065607789599,6.725318811703547e-05,0.7814441732326755,1.2691952882796018
NII_6584,6585.28,0.0,0.0,0.0,10000000000.0,0.2684065607789599,6.725318811703547e-05,0.7814441732326755,1.2691952882796018
NII_5755,5756.24,0.0,0.0,0.0,10000000000.0,0.2684065607789599,6.725318811703547e-05,0.7814441732326755,1.2691952882796018
HeI_5876,5877.594,0.0,0.0,0.0,10000000000.0,0.2684065607789599,6.725318811703547e-05,0.7814441732326755,1.2691952882796018
HeII_4686,4687.02,0.0,0.0,0.0,10000000000.0,0.2684065607789599,6.725318811703547e-05,0.7814441732326755,1.2691952882796018
NeIII_3869,3870.16,0.0,10000000000.0,0.0,10000000000.0,0.2684065607789599,6.725318811703547e-05,0.7814441732326755,1.2691952882796018
