line,wl,amp,amp_err,flux,flux_err,z,zerr,FWHM,FWHMerr
HI_6563,6564.61,0.0,0.0,0.0,10000000000.0,0.2701669150287182,4.435605348489254e-05,1.9656790555320698,0.499726459708992
HI_4861,4862.683,1.8522620316665552,1.8522620316665552,21.491300314448047,32.972053115555354,0.2701669150287182,4.435605348489254e-05,1.9656790555320698,0.499726459708992
HI_4341,4341.684,2.718532767843385,2.718532767843385,31.542407677504833,33.24214386013437,0.2701669150287182,4.435605348489254e-05,1.9656790555320698,0.499726459708992
HI_4102,4102.892,0.0,0.0,0.0,10000000000.0,0.2701669150287182,4.435605348489254e-05,1.9656790555320698,0.499726459708992
OIII_4363,4364.436,1.2685078405935428,1.2685078405935428,14.718156765810933,32.204978608083856,0.2701669150287182,4.435605348489254e-05,1.9656790555320698,0.499726459708992
OIII_5007,5008.24,3.0534597084651978,3.0534597084651978,35.42847527552515,33.65648052293307,0.2701669150287182,4.435605348489254e-05,1.9656790555320698,0.499726459708992
OIII_4959,4960.295,0.0,0.0,0.0,10000000000.0,0.2701669150287182,4.435605348489254e-05,1.9656790555320698,0.499726459708992
OII_3726,3727.092,0.0,0.0,0.0,10000000000.0,0.2701669150287182,4.435605348489254e-05,1.9656790555320698,0.499726459708992
OII_3729,3729.875,0.0,0.0,0.0,10000000000.0,0.2701669150287182,4.435605348489254e-05,1.9656790555320698,0.499726459708992
OI_6300,6302.046,2.253800307982715,2.253800307982715,26.150241401898846,32.905539179219375,0.2701669150287182,4.435605348489254e-05,1.9656790555320698,0.499726459708992
SII_6717,6718.29,0.0,0.0,0.0,10000000000.0,0.2701669150287182,4.435605348489254e-05,1.9656790555320698,0.499726459708992
SII_6731,6732.67,0.0,0.0,0.0,10000000000.0,0.2701669150287182,4.435605348489254e-05,1.9656790555320698,0.499726459708992
NII_6548,6549.85,0.0,0.0,0.0,10000000000.0,0.2701669150287182,4.435605348489254e-05,1.9656790555320698,0.499726459708992
NII_6584,6585.28,4.4178616026265445,4.4178616026265445,51.25926506428974,35.80254912421155,0.2701669150287182,4.435605348489254e-05,1.9656790555320698,0.499726459708992
NII_5755,5756.24,0.0,0.0,0.0,10000000000.0,0.2701669150287182,4.435605348489254e-05,1.9656790555320698,0.499726459708992
HeI_5876,5877.594,0.0,0.0,0.0,10000000000.0,0.2701669150287182,4.435605348489254e-05,1.9656790555320698,0.499726459708992
HeII_4686,4687.02,0.0,0.0,0.0,10000000000.0,0.2701669150287182,4.435605348489254e-05,1.9656790555320698,0.499726459708992
NeIII_3869,3870.16,0.0,10000000000.0,0.0,10000000000.0,0.2701669150287182,4.435605348489254e-05,1.9656790555320698,0.499726459708992
