line,wl,amp,amp_err,flux,flux_err,z,zerr,FWHM,FWHMerr
HI_6563,6564.61,85.00211564692336,85.00211564692336,2248.1406702723566,81.88377432104451,0.26978540495294695,8.106020022744091e-06,4.480702288206563,0.10766413182031945
HI_4861,4862.683,23.05736412544718,23.05736412544718,609.8224455378343,57.66987326532836,0.26978540495294695,8.106020022744091e-06,4.480702288206563,0.10766413182031945
HI_4341,4341.684,8.719845816641737,8.719845816641737,230.62296590739152,55.64004475970106,0.26978540495294695,8.106020022744091e-06,4.480702288206563,0.10766413182031945
HI_4102,4102.892,6.654427000855094,6.654427000855094,175.9966544847089,55.49580244722616,0.26978540495294695,8.106020022744091e-06,4.480702288206563,0.10766413182031945
OIII_4363,4364.436,0.0,0.0,0.0,10000000000.0,0.26978540495294695,8.106020022744091e-06,4.480702288206563,0.10766413182031945
OIII_5007,5008.24,67.76445787909051,67.76445787909051,1792.2381413391975,73.31831415068568,0.26978540495294695,8.106020022744091e-06,4.480702288206563,0.10766413182031945
OIII_4959,4960.295,25.018627189955623,25.018627189955623,661.6940398724868,58.081080020049804,0.26978540495294695,8.106020022744091e-06,4.480702288206563,0.10766413182031945
OII_3726,3727.092,47.984281509946186,47.984281509946186,1269.090939387841,72.57473363925439,0.26978540495294695,8.106020022744091e-06,4.480702288206563,0.10766413182031945
OII_3729,3729.875,42.48109439194627,42.48109439194627,1123.5423411919521,71.488104376662,0.26978540495294695,8.106020022744091e-06,4.480702288206563,0.10766413182031945
OI_6300,6302.046,3.150802201826764,3.150802201826764,83.33259143023251,55.33932485192822,0.26978540495294695,8.106020022744091e-06,4.480702288206563,0.10766413182031945
SII_6717,6718.29,13.171548505962619,13.171548505962619,348.36184560062117,56.080395352545615,0.26978540495294695,8.106020022744091e-06,4.480702288206563,0.10766413182031945
SII_6731,6732.67,10.472697081883439,10.472697081883439,276.98247341302454,55.792447770291496,0.26978540495294695,8.106020022744091e-06,4.480702288206563,0.10766413182031945
NII_6548,6549.85,0.0,0.0,0.0,10000000000.0,0.26978540495294695,8.106020022744091e-06,4.480702288206563,0.10766413182031945
NII_6584,6585.28,2.742975126317333,2.742975126317333,72.54635831223162,55.32835635997104,0.26978540495294695,8.106020022744091e-06,4.480702288206563,0.10766413182031945
NII_5755,5756.24,0.0,0.0,0.0,10000000000.0,0.26978540495294695,8.106020022744091e-06,4.480702288206563,0.10766413182031945
HeI_5876,5877.594,6.900242025889725,6.900242025889725,182.49798390384757,55.51095142165097,0.26978540495294695,8.106020022744091e-06,4.480702288206563,0.10766413182031945
HeII_4686,4687.02,0.0,0.0,0.0,10000000000.0,0.26978540495294695,8.106020022744091e-06,4.480702288206563,0.10766413182031945
NeIII_3869,3870.16,1.3747674163840884,2.0907295405532933,36.35992489617741,55.302632433788574,0.26978540495294695,8.106020022744091e-06,4.480702288206563,0.10766413182031945
