line,wl,amp,amp_err,flux,flux_err,z,zerr,FWHM,FWHMerr
HI_6563,6564.61,189.18000658869278,189.18000658869278,4159.9918792627395,70.64331336827047,0.2697106057556292,3.0431966270916656e-06,3.7253715051573733,0.03961837092586114
HI_4861,4862.683,63.25688950446374,63.25688950446374,1390.99343208141,53.080362670688324,0.2697106057556292,3.0431966270916656e-06,3.7253715051573733,0.03961837092586114
HI_4341,4341.684,20.93604631901701,20.93604631901701,460.3751963088518,50.73416451194781,0.2697106057556292,3.0431966270916656e-06,3.7253715051573733,0.03961837092586114
HI_4102,4102.892,17.142621824019557,17.142621824019557,376.9593249472691,50.63673897351814,0.2697106057556292,3.0431966270916656e-06,3.7253715051573733,0.03961837092586114
OIII_4363,4364.436,4.855531466278421,4.855531466278421,106.77117436166861,50.453963816220536,0.2697106057556292,3.0431966270916656e-06,3.7253715051573733,0.03961837092586114
OIII_5007,5008.24,198.37543076535258,198.37543076535258,4362.195540162534,72.34697441592284,0.2697106057556292,3.0431966270916656e-06,3.7253715051573733,0.03961837092586114
OIII_4959,4960.295,65.97924484752798,65.97924484752798,1450.8569257128331,53.306413578664184,0.2697106057556292,3.0431966270916656e-06,3.7253715051573733,0.03961837092586114
OII_3726,3727.092,75.02091119339661,75.02091119339661,1649.6795140616848,57.87218392160513,0.2697106057556292,3.0431966270916656e-06,3.7253715051573733,0.03961837092586114
OII_3729,3729.875,91.16829221460534,91.16829221460534,2004.753896026552,59.0453547837027,0.2697106057556292,3.0431966270916656e-06,3.7253715051573733,0.03961837092586114
OI_6300,6302.046,5.183045210885211,5.183045210885211,113.97306922613686,50.456177237307,0.2697106057556292,3.0431966270916656e-06,3.7253715051573733,0.03961837092586114
SII_6717,6718.29,20.398838387123646,20.398838387123646,448.56221102330477,50.71918971948484,0.2697106057556292,3.0431966270916656e-06,3.7253715051573733,0.03961837092586114
SII_6731,6732.67,14.621707246517417,14.621707246517417,321.525432329196,50.58264790909995,0.2697106057556292,3.0431966270916656e-06,3.7253715051573733,0.03961837092586114
NII_6548,6549.85,4.868228756755002,4.868228756755002,107.05038264706663,50.45404769758918,0.2697106057556292,3.0431966270916656e-06,3.7253715051573733,0.03961837092586114
NII_6584,6585.28,12.9292594787604,12.9292594787604,284.3091899952328,50.55114816393889,0.2697106057556292,3.0431966270916656e-06,3.7253715051573733,0.03961837092586114
NII_5755,5756.24,0.0,0.0,0.0,10000000000.0,0.2697106057556292,3.0431966270916656e-06,3.7253715051573733,0.03961837092586114
HeI_5876,5877.594,7.293423610492368,7.293423610492368,160.37943722899112,50.47402908200781,0.2697106057556292,3.0431966270916656e-06,3.7253715051573733,0.03961837092586114
HeII_4686,4687.02,0.0,0.0,0.0,10000000000.0,0.2697106057556292,3.0431966270916656e-06,3.7253715051573733,0.03961837092586114
NeIII_3869,3870.16,14.500731322615138,2.2950163400599886,318.8652206604548,50.58028264850071,0.2697106057556292,3.0431966270916656e-06,3.7253715051573733,0.03961837092586114
