line,wl,amp,amp_err,flux,flux_err,z,zerr,FWHM,FWHMerr
HI_6563,6564.61,130.47547372676672,130.47547372676672,2721.647266674771,62.42448271275035,0.26976890735846737,3.7863924990490744e-06,3.5339084803702017,0.048654994845072984
HI_4861,4862.683,47.48561558151755,47.48561558151755,990.5240591381204,48.725101751829186,0.26976890735846737,3.7863924990490744e-06,3.5339084803702017,0.048654994845072984
HI_4341,4341.684,16.325737401442552,16.325737401442552,340.5459838998914,46.57405134936846,0.26976890735846737,3.7863924990490744e-06,3.5339084803702017,0.048654994845072984
HI_4102,4102.892,5.985060336611241,5.985060336611241,124.84509648252669,46.31793948443385,0.26976890735846737,3.7863924990490744e-06,3.5339084803702017,0.048654994845072984
OIII_4363,4364.436,1.606516010500627,1.606516010500627,33.51104835231043,46.28094325577141,0.26976890735846737,3.7863924990490744e-06,3.5339084803702017,0.048654994845072984
OIII_5007,5008.24,160.98557127783147,160.98557127783147,3358.0712721528284,69.38017332949352,0.26976890735846737,3.7863924990490744e-06,3.5339084803702017,0.048654994845072984
OIII_4959,4960.295,50.706536074925225,50.706536074925225,1057.710705077551,49.058499456613575,0.26976890735846737,3.7863924990490744e-06,3.5339084803702017,0.048654994845072984
OII_3726,3727.092,47.479139139741164,47.479139139741164,990.3889640926301,51.213410453857584,0.26976890735846737,3.7863924990490744e-06,3.5339084803702017,0.048654994845072984
OII_3729,3729.875,56.773135563147434,56.773135563147434,1184.2566638200124,51.97215623528524,0.26976890735846737,3.7863924990490744e-06,3.5339084803702017,0.048654994845072984
OI_6300,6302.046,0.550197247627807,0.550197247627807,11.476814702156595,46.27836202927636,0.26976890735846737,3.7863924990490744e-06,3.5339084803702017,0.048654994845072984
SII_6717,6718.29,12.858360760065807,12.858360760065807,268.21839704401015,46.461881468786345,0.26976890735846737,3.7863924990490744e-06,3.5339084803702017,0.048654994845072984
SII_6731,6732.67,9.986827873083143,9.986827873083143,208.31978614193844,46.389026756893756,0.26976890735846737,3.7863924990490744e-06,3.5339084803702017,0.048654994845072984
NII_6548,6549.85,0.0,0.0,0.0,10000000000.0,0.26976890735846737,3.7863924990490744e-06,3.5339084803702017,0.048654994845072984
NII_6584,6585.28,6.393961056651051,6.393961056651051,133.37454263244618,46.32362627078899,0.26976890735846737,3.7863924990490744e-06,3.5339084803702017,0.048654994845072984
NII_5755,5756.24,0.3087793007665596,0.3087793007665596,6.440967914758758,46.27820184638238,0.26976890735846737,3.7863924990490744e-06,3.5339084803702017,0.048654994845072984
HeI_5876,5877.594,2.926260097707768,2.926260097707768,61.04019068889534,46.28758988577308,0.26976890735846737,3.7863924990490744e-06,3.5339084803702017,0.048654994845072984
HeII_4686,4687.02,0.0,0.0,0.0,10000000000.0,0.26976890735846737,3.7863924990490744e-06,3.5339084803702017,0.048654994845072984
NeIII_3869,3870.16,9.720648265224327,2.2195765835562247,202.76742460240035,46.38324756328588,0.26976890735846737,3.7863924990490744e-06,3.5339084803702017,0.048654994845072984
