line,wl,amp,amp_err,flux,flux_err,z,zerr,FWHM,FWHMerr
HI_6563,6564.61,0.0,0.0,0.0,10000000000.0,0.2701382648855816,2.3330790444955965e-05,2.9802624587764317,0.2752573191670207
HI_4861,4862.683,1.3571338977741334,1.3571338977741334,23.873982357697752,44.02121553215191,0.2701382648855816,2.3330790444955965e-05,2.9802624587764317,0.2752573191670207
HI_4341,4341.684,4.351325012208235,4.351325012208235,76.5462101745819,44.65807612252062,0.2701382648855816,2.3330790444955965e-05,2.9802624587764317,0.2752573191670207
HI_4102,4102.892,0.6628667451047932,0.6628667451047932,11.660801490620603,43.968340354734984,0.2701382648855816,2.3330790444955965e-05,2.9802624587764317,0.2752573191670207
OIII_4363,4364.436,0.3989698343642658,0.3989698343642658,7.018466492133346,43.957731772800294,0.2701382648855816,2.3330790444955965e-05,2.9802624587764317,0.2752573191670207
OIII_5007,5008.24,4.243929146332903,4.243929146332903,74.65695885501601,44.62235267206533,0.2701382648855816,2.3330790444955965e-05,2.9802624587764317,0.2752573191670207
OIII_4959,4960.295,36.32988372608338,36.32988372608338,639.0961161284587,79.30677417233903,0.2701382648855816,2.3330790444955965e-05,2.9802624587764317,0.2752573191670207
OII_3726,3727.092,9.339128519343717,9.339128519343717,164.28901368742555,47.185844735846445,0.2701382648855816,2.3330790444955965e-05,2.9802624587764317,0.2752573191670207
OII_3729,3729.875,0.0,0.0,0.0,10000000000.0,0.2701382648855816,2.3330790444955965e-05,2.9802624587764317,0.2752573191670207
OI_6300,6302.046,0.0,0.0,0.0,10000000000.0,0.2701382648855816,2.3330790444955965e-05,2.9802624587764317,0.2752573191670207
SII_6717,6718.29,0.0,0.0,0.0,10000000000.0,0.2701382648855816,2.3330790444955965e-05,2.9802624587764317,0.2752573191670207
SII_6731,6732.67,3.8183401797922443,3.8183401797922443,67.17022265640881,44.49744231304884,0.2701382648855816,2.3330790444955965e-05,2.9802624587764317,0.2752573191670207
NII_6548,6549.85,0.7978295973694003,0.7978295973694003,14.034996667083618,43.978819173350296,0.2701382648855816,2.3330790444955965e-05,2.9802624587764317,0.2752573191670207
NII_6584,6585.28,3.630350835306217,3.630350835306217,63.86321345042292,44.447261034888875,0.2701382648855816,2.3330790444955965e-05,2.9802624587764317,0.2752573191670207
NII_5755,5756.24,0.9835330998444078,0.9835330998444078,17.301794548355662,43.988044493642924,0.2701382648855816,2.3330790444955965e-05,2.9802624587764317,0.2752573191670207
HeI_5876,5877.594,0.9181959479707302,0.9181959479707302,16.152417899748805,43.98634182609549,0.2701382648855816,2.3330790444955965e-05,2.9802624587764317,0.2752573191670207
HeII_4686,4687.02,0.0,0.0,0.0,10000000000.0,0.2701382648855816,2.3330790444955965e-05,2.9802624587764317,0.2752573191670207
NeIII_3869,3870.16,0.0,10000000000.0,0.0,10000000000.0,0.2701382648855816,2.3330790444955965e-05,2.9802624587764317,0.2752573191670207
