line,wl,amp,amp_err,flux,flux_err,z,zerr,FWHM,FWHMerr
HI_6563,6564.61,2.997032241044394,2.997032241044394,6.5011156084129125,7.372658400031833,0.27042222527689813,5.421547932892991e-06,0.3674927841217135,0.13637176067391404
HI_4861,4862.683,14.93281730909871,14.93281730909871,32.39203447872488,92.98606714657224,0.27042222527689813,5.421547932892991e-06,0.3674927841217135,0.13637176067391404
HI_4341,4341.684,0.0,0.0,0.0,10000000000.0,0.27042222527689813,5.421547932892991e-06,0.3674927841217135,0.13637176067391404
HI_4102,4102.892,0.8334175889820017,0.8334175889820017,1.8078364396135607,7.853491189092312,0.27042222527689813,5.421547932892991e-06,0.3674927841217135,0.13637176067391404
OIII_4363,4364.436,4.3136707257239095,4.3136707257239095,9.35714728073296,12.014447569330542,0.27042222527689813,5.421547932892991e-06,0.3674927841217135,0.13637176067391404
OIII_5007,5008.24,0.0,0.0,0.0,10000000000.0,0.27042222527689813,5.421547932892991e-06,0.3674927841217135,0.13637176067391404
OIII_4959,4960.295,49999.902092633885,49999.902092633885,108459.0080353175,640859.3751115733,0.27042222527689813,5.421547932892991e-06,0.3674927841217135,0.13637176067391404
OII_3726,3727.092,3.3705747801550388,3.3705747801550388,7.311398260084402,11.902986297775424,0.27042222527689813,5.421547932892991e-06,0.3674927841217135,0.13637176067391404
OII_3729,3729.875,0.0,0.0,0.0,10000000000.0,0.27042222527689813,5.421547932892991e-06,0.3674927841217135,0.13637176067391404
OI_6300,6302.046,1.099802737952814,1.099802737952814,2.3856749513607864,13.608859704543121,0.27042222527689813,5.421547932892991e-06,0.3674927841217135,0.13637176067391404
SII_6717,6718.29,2.3786613795160747,2.3786613795160747,5.159755177045451,22.526470617097566,0.27042222527689813,5.421547932892991e-06,0.3674927841217135,0.13637176067391404
SII_6731,6732.67,0.0,0.0,0.0,10000000000.0,0.27042222527689813,5.421547932892991e-06,0.3674927841217135,0.13637176067391404
NII_6548,6549.85,0.0,0.0,0.0,10000000000.0,0.27042222527689813,5.421547932892991e-06,0.3674927841217135,0.13637176067391404
NII_6584,6585.28,0.0,0.0,0.0,10000000000.0,0.27042222527689813,5.421547932892991e-06,0.3674927841217135,0.13637176067391404
NII_5755,5756.24,406.865232949993,406.865232949993,882.565719589993,4725.361351710677,0.27042222527689813,5.421547932892991e-06,0.3674927841217135,0.13637176067391404
HeI_5876,5877.594,0.0,0.0,0.0,10000000000.0,0.27042222527689813,5.421547932892991e-06,0.3674927841217135,0.13637176067391404
HeII_4686,4687.02,0.0,0.0,0.0,10000000000.0,0.27042222527689813,5.421547932892991e-06,0.3674927841217135,0.13637176067391404
NeIII_3869,3870.16,10247.15257551024,51014.844551497416,22227.963596155187,110967.59635766913,0.27042222527689813,5.421547932892991e-06,0.3674927841217135,0.13637176067391404
