line,wl,amp,amp_err,flux,flux_err,z,zerr,FWHM,FWHMerr
HI_6563,6564.61,77.72657970229534,77.72657970229534,2491.703554050195,96.90120391283529,0.26921414200962657,1.0384197048670965e-05,5.430991913181789,0.12965945374684162
HI_4861,4862.683,31.00962934921199,31.00962934921199,994.0846999205988,75.30241444925747,0.26921414200962657,1.0384197048670965e-05,5.430991913181789,0.12965945374684162
HI_4341,4341.684,15.48145472399608,15.48145472399608,496.29349323483814,71.70681056431634,0.26921414200962657,1.0384197048670965e-05,5.430991913181789,0.12965945374684162
HI_4102,4102.892,12.500788819613035,12.500788819613035,400.7414201108981,71.27971392038432,0.26921414200962657,1.0384197048670965e-05,5.430991913181789,0.12965945374684162
OIII_4363,4364.436,3.2626446027745715,3.2626446027745715,104.59154620560274,70.52781701891482,0.26921414200962657,1.0384197048670965e-05,5.430991913181789,0.12965945374684162
OIII_5007,5008.24,74.87956067164282,74.87956067164282,2400.4358375972615,95.24580348383115,0.26921414200962657,1.0384197048670965e-05,5.430991913181789,0.12965945374684162
OIII_4959,4960.295,24.646254079319306,24.646254079319306,790.0921295994002,73.56043201310062,0.26921414200962657,1.0384197048670965e-05,5.430991913181789,0.12965945374684162
OII_3726,3727.092,52.57615892079866,52.57615892079866,1685.4492059605348,101.78372417785322,0.26921414200962657,1.0384197048670965e-05,5.430991913181789,0.12965945374684162
OII_3729,3729.875,52.438291842086755,52.438291842086755,1681.029560951984,101.75489753158843,0.26921414200962657,1.0384197048670965e-05,5.430991913181789,0.12965945374684162
OI_6300,6302.046,3.2894062257215637,3.2894062257215637,105.4494513297517,70.52874580423043,0.26921414200962657,1.0384197048670965e-05,5.430991913181789,0.12965945374684162
SII_6717,6718.29,14.511178388886378,14.511178388886378,465.18906278307276,71.55808462872623,0.26921414200962657,1.0384197048670965e-05,5.430991913181789,0.12965945374684162
SII_6731,6732.67,11.874516391468887,11.874516391468887,380.66482287752814,71.20127355264222,0.26921414200962657,1.0384197048670965e-05,5.430991913181789,0.12965945374684162
NII_6548,6549.85,0.0,0.0,0.0,10000000000.0,0.26921414200962657,1.0384197048670965e-05,5.430991913181789,0.12965945374684162
NII_6584,6585.28,12.215329791824843,12.215329791824843,391.5903770983295,71.24347498769241,0.26921414200962657,1.0384197048670965e-05,5.430991913181789,0.12965945374684162
NII_5755,5756.24,0.3757776720486845,0.3757776720486845,12.046414039607681,70.47328036862545,0.26921414200962657,1.0384197048670965e-05,5.430991913181789,0.12965945374684162
HeI_5876,5877.594,2.4544423378750935,2.4544423378750935,78.68277132377197,70.50383473834063,0.26921414200962657,1.0384197048670965e-05,5.430991913181789,0.12965945374684162
HeII_4686,4687.02,0.0,0.0,0.0,10000000000.0,0.26921414200962657,1.0384197048670965e-05,5.430991913181789,0.12965945374684162
NeIII_3869,3870.16,8.425788985688087,2.200631457255631,270.107966177444,70.84039660810402,0.26921414200962657,1.0384197048670965e-05,5.430991913181789,0.12965945374684162
