line,wl,amp,amp_err,flux,flux_err,z,zerr,FWHM,FWHMerr
HI_6563,6564.61,4.487487782960102,4.487487782960102,36.82811380173196,42.03520461905084,0.26916345621802595,3.4228086607032125e-05,1.3903640793058543,0.6674565880576453
HI_4861,4862.683,0.0,0.0,0.0,10000000000.0,0.26916345621802595,3.4228086607032125e-05,1.3903640793058543,0.6674565880576453
HI_4341,4341.684,2.4364850123611177,2.4364850123611177,19.99585328169067,35.83079763246055,0.26916345621802595,3.4228086607032125e-05,1.3903640793058543,0.6674565880576453
HI_4102,4102.892,0.0,0.0,0.0,10000000000.0,0.26916345621802595,3.4228086607032125e-05,1.3903640793058543,0.6674565880576453
OIII_4363,4364.436,9.766569900266973,9.766569900266973,80.15271910163104,67.31654263795834,0.26916345621802595,3.4228086607032125e-05,1.3903640793058543,0.6674565880576453
OIII_5007,5008.24,4.357277741395023,4.357277741395023,35.759500256510506,33.96881362767958,0.26916345621802595,3.4228086607032125e-05,1.3903640793058543,0.6674565880576453
OIII_4959,4960.295,2.16584783945882,2.16584783945882,17.774776125676617,36.63973555042261,0.26916345621802595,3.4228086607032125e-05,1.3903640793058543,0.6674565880576453
OII_3726,3727.092,0.0,0.0,0.0,10000000000.0,0.26916345621802595,3.4228086607032125e-05,1.3903640793058543,0.6674565880576453
OII_3729,3729.875,3.4288411616844314,3.4288411616844314,28.13996574878247,32.7160656821591,0.26916345621802595,3.4228086607032125e-05,1.3903640793058543,0.6674565880576453
OI_6300,6302.046,0.0,0.0,0.0,10000000000.0,0.26916345621802595,3.4228086607032125e-05,1.3903640793058543,0.6674565880576453
SII_6717,6718.29,0.0,0.0,0.0,10000000000.0,0.26916345621802595,3.4228086607032125e-05,1.3903640793058543,0.6674565880576453
SII_6731,6732.67,0.0,0.0,0.0,10000000000.0,0.26916345621802595,3.4228086607032125e-05,1.3903640793058543,0.6674565880576453
NII_6548,6549.85,0.0,0.0,0.0,10000000000.0,0.26916345621802595,3.4228086607032125e-05,1.3903640793058543,0.6674565880576453
NII_6584,6585.28,0.0,0.0,0.0,10000000000.0,0.26916345621802595,3.4228086607032125e-05,1.3903640793058543,0.6674565880576453
NII_5755,5756.24,0.6225342888964178,0.6225342888964178,5.1090420176774884,33.21364288440234,0.26916345621802595,3.4228086607032125e-05,1.3903640793058543,0.6674565880576453
HeI_5876,5877.594,0.0,0.0,0.0,10000000000.0,0.26916345621802595,3.4228086607032125e-05,1.3903640793058543,0.6674565880576453
HeII_4686,4687.02,0.0,0.0,0.0,10000000000.0,0.26916345621802595,3.4228086607032125e-05,1.3903640793058543,0.6674565880576453
NeIII_3869,3870.16,0.0,10000000000.0,0.0,10000000000.0,0.26916345621802595,3.4228086607032125e-05,1.3903640793058543,0.6674565880576453
