line,wl,amp,amp_err,flux,flux_err,z,zerr,FWHM,FWHMerr
HI_6563,6564.61,53.61557175245275,53.61557175245275,236.31646543749955,654.9195875094404,0.2693734024467091,6.517229721148696e-06,0.7467158716685657,0.5147261128061734
HI_4861,4862.683,9.715465293595798,9.715465293595798,42.82197024520635,38.72541230928271,0.2693734024467091,6.517229721148696e-06,0.7467158716685657,0.5147261128061734
HI_4341,4341.684,0.0,0.0,0.0,10000000000.0,0.2693734024467091,6.517229721148696e-06,0.7467158716685657,0.5147261128061734
HI_4102,4102.892,3.9666367098516275,3.9666367098516275,17.483382836514966,54.95593920229896,0.2693734024467091,6.517229721148696e-06,0.7467158716685657,0.5147261128061734
OIII_4363,4364.436,0.0,0.0,0.0,10000000000.0,0.2693734024467091,6.517229721148696e-06,0.7467158716685657,0.5147261128061734
OIII_5007,5008.24,2.989000868464359,2.989000868464359,13.174346506764621,17.334591573835063,0.2693734024467091,6.517229721148696e-06,0.7467158716685657,0.5147261128061734
OIII_4959,4960.295,2.9832905767823377,2.9832905767823377,13.149177774942777,35.10719315774185,0.2693734024467091,6.517229721148696e-06,0.7467158716685657,0.5147261128061734
OII_3726,3727.092,0.0,0.0,0.0,10000000000.0,0.2693734024467091,6.517229721148696e-06,0.7467158716685657,0.5147261128061734
OII_3729,3729.875,0.0,0.0,0.0,10000000000.0,0.2693734024467091,6.517229721148696e-06,0.7467158716685657,0.5147261128061734
OI_6300,6302.046,3.512064723821595,3.512064723821595,15.479807354349054,20.694582741260866,0.2693734024467091,6.517229721148696e-06,0.7467158716685657,0.5147261128061734
SII_6717,6718.29,27.573269352804346,27.573269352804346,121.53218442014966,304.48777365272673,0.2693734024467091,6.517229721148696e-06,0.7467158716685657,0.5147261128061734
SII_6731,6732.67,0.5149443257739676,0.5149443257739676,2.2696731376073296,17.819997527097573,0.2693734024467091,6.517229721148696e-06,0.7467158716685657,0.5147261128061734
NII_6548,6549.85,17.6836083823556,17.6836083823556,77.94242777813969,227.8993650295952,0.2693734024467091,6.517229721148696e-06,0.7467158716685657,0.5147261128061734
NII_6584,6585.28,12.189523533118404,12.189523533118404,53.72665109333623,162.38684455073815,0.2693734024467091,6.517229721148696e-06,0.7467158716685657,0.5147261128061734
NII_5755,5756.24,0.0,0.0,0.0,10000000000.0,0.2693734024467091,6.517229721148696e-06,0.7467158716685657,0.5147261128061734
HeI_5876,5877.594,1.2150738552271605,1.2150738552271605,5.355570207076319,19.17283783274965,0.2693734024467091,6.517229721148696e-06,0.7467158716685657,0.5147261128061734
HeII_4686,4687.02,0.0,0.0,0.0,10000000000.0,0.2693734024467091,6.517229721148696e-06,0.7467158716685657,0.5147261128061734
NeIII_3869,3870.16,14.745480528204553,13.8865873827429,64.99230961653159,75.85075797872899,0.2693734024467091,6.517229721148696e-06,0.7467158716685657,0.5147261128061734
