line,wl,amp,amp_err,flux,flux_err,z,zerr,FWHM,FWHMerr
HI_6563,6564.61,160.45085411296122,160.45085411296122,3224.3064949039535,69.92725212498007,0.2694882449109498,3.516217881645667e-06,3.404447384862632,0.0449030512638113
HI_4861,4862.683,57.808847045533184,57.808847045533184,1161.6855642326245,54.061724698810295,0.2694882449109498,3.516217881645667e-06,3.404447384862632,0.0449030512638113
HI_4341,4341.684,23.795687589629892,23.795687589629892,478.181250390435,51.75837398779028,0.2694882449109498,3.516217881645667e-06,3.404447384862632,0.0449030512638113
HI_4102,4102.892,9.401517485900058,9.401517485900058,188.92622329326653,51.35121734780278,0.2694882449109498,3.516217881645667e-06,3.404447384862632,0.0449030512638113
OIII_4363,4364.436,4.4207428931536015,4.4207428931536015,88.83611185179865,51.292489444752256,0.2694882449109498,3.516217881645667e-06,3.404447384862632,0.0449030512638113
OIII_5007,5008.24,176.0860700507742,176.0860700507742,3538.5006983329017,73.15788586232237,0.2694882449109498,3.516217881645667e-06,3.404447384862632,0.0449030512638113
OIII_4959,4960.295,70.43288057457335,70.43288057457335,1415.3691829618404,55.360784280849664,0.2694882449109498,3.516217881645667e-06,3.404447384862632,0.0449030512638113
OII_3726,3727.092,68.17618654615649,68.17618654615649,1370.0202613056626,57.93172044516156,0.2694882449109498,3.516217881645667e-06,3.404447384862632,0.0449030512638113
OII_3729,3729.875,82.04982831470147,82.04982831470147,1648.8151203894126,59.189807978675546,0.2694882449109498,3.516217881645667e-06,3.404447384862632,0.0449030512638113
OI_6300,6302.046,3.331150407508062,3.331150407508062,66.9404345262539,51.28527704136112,0.2694882449109498,3.516217881645667e-06,3.404447384862632,0.0449030512638113
SII_6717,6718.29,15.468122707432826,15.468122707432826,310.8364164545645,51.480112124217996,0.2694882449109498,3.516217881645667e-06,3.404447384862632,0.0449030512638113
SII_6731,6732.67,19.67157595576566,19.67157595576566,395.30602981095643,51.60596908891446,0.2694882449109498,3.516217881645667e-06,3.404447384862632,0.0449030512638113
NII_6548,6549.85,1.4908153124114278,1.4908153124114278,29.95836651094609,51.27751649002141,0.2694882449109498,3.516217881645667e-06,3.404447384862632,0.0449030512638113
NII_6584,6585.28,13.518651259832154,13.518651259832154,271.6612217516221,51.43186125173102,0.2694882449109498,3.516217881645667e-06,3.404447384862632,0.0449030512638113
NII_5755,5756.24,1.8180716471914593,1.8180716471914593,36.53467756621071,51.27845449239666,0.2694882449109498,3.516217881645667e-06,3.404447384862632,0.0449030512638113
HeI_5876,5877.594,4.415121596444919,4.415121596444919,88.72315026248343,51.292439844494275,0.2694882449109498,3.516217881645667e-06,3.404447384862632,0.0449030512638113
HeII_4686,4687.02,0.0,0.0,0.0,10000000000.0,0.2694882449109498,3.516217881645667e-06,3.404447384862632,0.0449030512638113
NeIII_3869,3870.16,17.35502115111842,2.554196159414841,348.75418847786824,51.53302049869163,0.2694882449109498,3.516217881645667e-06,3.404447384862632,0.0449030512638113
