line,wl,amp,amp_err,flux,flux_err,z,zerr,FWHM,FWHMerr
HI_6563,6564.61,50.49485490782945,50.49485490782945,1408.759307398327,79.88023576198782,0.2697635582476883,1.2693158520980466e-05,4.726525567911849,0.16263564181880943
HI_4861,4862.683,22.587635886375665,22.587635886375665,630.173952279686,63.49440742109646,0.2697635582476883,1.2693158520980466e-05,4.726525567911849,0.16263564181880943
HI_4341,4341.684,3.6440529175641814,3.6440529175641814,101.66567412939696,58.8145391360032,0.2697635582476883,1.2693158520980466e-05,4.726525567911849,0.16263564181880943
HI_4102,4102.892,4.514826846094138,4.514826846094138,125.95945373715212,58.884066356519206,0.2697635582476883,1.2693158520980466e-05,4.726525567911849,0.16263564181880943
OIII_4363,4364.436,0.30659397119029563,0.30659397119029563,8.553685544694433,58.68529119352977,0.2697635582476883,1.2693158520980466e-05,4.726525567911849,0.16263564181880943
OIII_5007,5008.24,46.12417470299761,46.12417470299761,1286.8214103698563,76.774949734995,0.2697635582476883,1.2693158520980466e-05,4.726525567911849,0.16263564181880943
OIII_4959,4960.295,37.42460712093816,37.42460712093816,1044.1115971831919,71.11306433035489,0.2697635582476883,1.2693158520980466e-05,4.726525567911849,0.16263564181880943
OII_3726,3727.092,29.419083059527793,29.419083059527793,820.7649502287825,75.84839755191764,0.2697635582476883,1.2693158520980466e-05,4.726525567911849,0.16263564181880943
OII_3729,3729.875,26.924142841337016,26.924142841337016,751.1584475426308,75.21227300133243,0.2697635582476883,1.2693158520980466e-05,4.726525567911849,0.16263564181880943
OI_6300,6302.046,4.622582927292001,4.622582927292001,128.9657477960884,58.893693458262824,0.2697635582476883,1.2693158520980466e-05,4.726525567911849,0.16263564181880943
SII_6717,6718.29,8.096255797659182,8.096255797659182,225.87797768404994,59.324187771913245,0.2697635582476883,1.2693158520980466e-05,4.726525567911849,0.16263564181880943
SII_6731,6732.67,6.909608888426419,6.909608888426419,192.77163682955018,59.15106297978633,0.2697635582476883,1.2693158520980466e-05,4.726525567911849,0.16263564181880943
NII_6548,6549.85,2.4432228184095948,2.4432228184095948,68.16363551821605,58.742906572625834,0.2697635582476883,1.2693158520980466e-05,4.726525567911849,0.16263564181880943
NII_6584,6585.28,5.15355913654264,5.15355913654264,143.77948828815065,58.94445066877617,0.2697635582476883,1.2693158520980466e-05,4.726525567911849,0.16263564181880943
NII_5755,5756.24,0.0,0.0,0.0,10000000000.0,0.2697635582476883,1.2693158520980466e-05,4.726525567911849,0.16263564181880943
HeI_5876,5877.594,0.1923306793177062,0.1923306793177062,5.365846383391626,58.68470939376702,0.2697635582476883,1.2693158520980466e-05,4.726525567911849,0.16263564181880943
HeII_4686,4687.02,0.0,0.0,0.0,10000000000.0,0.2697635582476883,1.2693158520980466e-05,4.726525567911849,0.16263564181880943
NeIII_3869,3870.16,5.601995730497038,2.10565895172441,156.290450576574,58.99155795941247,0.2697635582476883,1.2693158520980466e-05,4.726525567911849,0.16263564181880943
