line,wl,amp,amp_err,flux,flux_err,z,zerr,FWHM,FWHMerr
HI_6563,6564.61,54.29502988936224,54.29502988936224,1555.9384133503427,69.21748498660918,0.2692334957024321,1.0139201748294768e-05,4.854948955676507,0.12421893648584417
HI_4861,4862.683,26.55015638359987,26.55015638359987,760.8506392183715,57.30377881219249,0.2692334957024321,1.0139201748294768e-05,4.854948955676507,0.12421893648584417
HI_4341,4341.684,12.27571617464696,12.27571617464696,351.7864965990478,53.9563766962225,0.2692334957024321,1.0139201748294768e-05,4.854948955676507,0.12421893648584417
HI_4102,4102.892,7.229509895405158,7.229509895405158,207.17682960814062,53.33992238157099,0.2692334957024321,1.0139201748294768e-05,4.854948955676507,0.12421893648584417
OIII_4363,4364.436,1.1749758974963243,1.1749758974963243,33.671408550665774,53.018407766087954,0.2692334957024321,1.0139201748294768e-05,4.854948955676507,0.12421893648584417
OIII_5007,5008.24,66.0022271969915,66.0022271969915,1891.4328046552266,75.74598938674742,0.2692334957024321,1.0139201748294768e-05,4.854948955676507,0.12421893648584417
OIII_4959,4960.295,22.804227634070116,22.804227634070116,653.5031629034411,56.20933118738739,0.2692334957024321,1.0139201748294768e-05,4.854948955676507,0.12421893648584417
OII_3726,3727.092,33.531776694952214,33.531776694952214,960.9236708014782,71.93642177132688,0.2692334957024321,1.0139201748294768e-05,4.854948955676507,0.12421893648584417
OII_3729,3729.875,49.395396071920686,49.395396071920686,1415.529088897584,75.21076912105106,0.2692334957024321,1.0139201748294768e-05,4.854948955676507,0.12421893648584417
OI_6300,6302.046,1.5369365194416105,1.5369365194416105,44.04415237183078,53.0246107833975,0.2692334957024321,1.0139201748294768e-05,4.854948955676507,0.12421893648584417
SII_6717,6718.29,7.413602051999419,7.413602051999419,212.4523780077859,53.35689796950266,0.2692334957024321,1.0139201748294768e-05,4.854948955676507,0.12421893648584417
SII_6731,6732.67,0.6238646053270713,0.6238646053270713,17.87815396982081,53.012134951387175,0.2692334957024321,1.0139201748294768e-05,4.854948955676507,0.12421893648584417
NII_6548,6549.85,2.682017798592369,2.682017798592369,76.85886768315042,53.05523903258491,0.2692334957024321,1.0139201748294768e-05,4.854948955676507,0.12421893648584417
NII_6584,6585.28,7.564480307922167,7.564480307922167,216.7761121434494,53.371130162844516,0.2692334957024321,1.0139201748294768e-05,4.854948955676507,0.12421893648584417
NII_5755,5756.24,2.3816624054937847,2.3816624054937847,68.25155141992478,53.04560451683297,0.2692334957024321,1.0139201748294768e-05,4.854948955676507,0.12421893648584417
HeI_5876,5877.594,1.9839505184363588,1.9839505184363588,56.85427981367149,53.0346094444314,0.2692334957024321,1.0139201748294768e-05,4.854948955676507,0.12421893648584417
HeII_4686,4687.02,0.0,0.0,0.0,10000000000.0,0.2692334957024321,1.0139201748294768e-05,4.854948955676507,0.12421893648584417
NeIII_3869,3870.16,6.263411963995168,1.851525597906218,179.49125902088468,53.257741140176215,0.2692334957024321,1.0139201748294768e-05,4.854948955676507,0.12421893648584417
