line,wl,amp,amp_err,flux,flux_err,z,zerr,FWHM,FWHMerr
HI_6563,6564.61,4.518719043142937,4.518719043142937,30.198015470974955,30.605729694519564,0.2701744796884888,5.07044106572395e-06,1.1321798094548936,0.38663896063721015
HI_4861,4862.683,4.590003953758355,4.590003953758355,30.67440331741079,30.754614167090814,0.2701744796884888,5.07044106572395e-06,1.1321798094548936,0.38663896063721015
HI_4341,4341.684,2.300134614081685,2.300134614081685,15.37150240990687,22.43561503981927,0.2701744796884888,5.07044106572395e-06,1.1321798094548936,0.38663896063721015
HI_4102,4102.892,0.0,0.0,0.0,10000000000.0,0.2701744796884888,5.07044106572395e-06,1.1321798094548936,0.38663896063721015
OIII_4363,4364.436,0.0,0.0,0.0,10000000000.0,0.2701744796884888,5.07044106572395e-06,1.1321798094548936,0.38663896063721015
OIII_5007,5008.24,1.0224121913679483,1.0224121913679483,6.832648562095182,24.196985849960715,0.2701744796884888,5.07044106572395e-06,1.1321798094548936,0.38663896063721015
OIII_4959,4960.295,84.55372202110402,84.55372202110402,565.0615985068772,378.7646179438814,0.2701744796884888,5.07044106572395e-06,1.1321798094548936,0.38663896063721015
OII_3726,3727.092,0.0,0.0,0.0,10000000000.0,0.2701744796884888,5.07044106572395e-06,1.1321798094548936,0.38663896063721015
OII_3729,3729.875,0.0,0.0,0.0,10000000000.0,0.2701744796884888,5.07044106572395e-06,1.1321798094548936,0.38663896063721015
OI_6300,6302.046,0.0,0.0,0.0,10000000000.0,0.2701744796884888,5.07044106572395e-06,1.1321798094548936,0.38663896063721015
SII_6717,6718.29,0.0,0.0,0.0,10000000000.0,0.2701744796884888,5.07044106572395e-06,1.1321798094548936,0.38663896063721015
SII_6731,6732.67,0.0,0.0,0.0,10000000000.0,0.2701744796884888,5.07044106572395e-06,1.1321798094548936,0.38663896063721015
NII_6548,6549.85,0.0,0.0,0.0,10000000000.0,0.2701744796884888,5.07044106572395e-06,1.1321798094548936,0.38663896063721015
NII_6584,6585.28,0.08960870624719064,0.08960870624719064,0.5988434049010016,27.594712261725682,0.2701744796884888,5.07044106572395e-06,1.1321798094548936,0.38663896063721015
NII_5755,5756.24,0.6192228385331191,0.6192228385331191,4.138186215932136,26.741462744334033,0.2701744796884888,5.07044106572395e-06,1.1321798094548936,0.38663896063721015
HeI_5876,5877.594,3.5069352325502905,3.5069352325502905,23.436395004235912,35.180977192555936,0.2701744796884888,5.07044106572395e-06,1.1321798094548936,0.38663896063721015
HeII_4686,4687.02,0.0,0.0,0.0,10000000000.0,0.2701744796884888,5.07044106572395e-06,1.1321798094548936,0.38663896063721015
NeIII_3869,3870.16,5.3663780842073265,3.8703327181978637,35.862811310631784,28.617951044569462,0.2701744796884888,5.07044106572395e-06,1.1321798094548936,0.38663896063721015
