line,wl,amp,amp_err,flux,flux_err,z,zerr,FWHM,FWHMerr
HI_6563,6564.61,7.826338038255244,7.826338038255244,347.29712019093074,83.96496730024106,0.26921751273073663,8.575299171619063e-05,7.517871907263267,0.926656210590064
HI_4861,4862.683,4.256630152267235,4.256630152267235,188.88979576070807,73.73792702876223,0.26921751273073663,8.575299171619063e-05,7.517871907263267,0.926656210590064
HI_4341,4341.684,0.0,0.0,0.0,10000000000.0,0.26921751273073663,8.575299171619063e-05,7.517871907263267,0.926656210590064
HI_4102,4102.892,0.0,0.0,0.0,10000000000.0,0.26921751273073663,8.575299171619063e-05,7.517871907263267,0.926656210590064
OIII_4363,4364.436,0.0,0.0,0.0,10000000000.0,0.26921751273073663,8.575299171619063e-05,7.517871907263267,0.926656210590064
OIII_5007,5008.24,6.592860685580035,6.592860685580035,292.561031574404,79.90754869984136,0.26921751273073663,8.575299171619063e-05,7.517871907263267,0.926656210590064
OIII_4959,4960.295,8.94797815384345,8.94797815384345,397.0703832585773,88.05614361424757,0.26921751273073663,8.575299171619063e-05,7.517871907263267,0.926656210590064
OII_3726,3727.092,3.9738579671961816,3.9738579671961816,176.34165829651454,119.63817620358266,0.26921751273073663,8.575299171619063e-05,7.517871907263267,0.926656210590064
OII_3729,3729.875,9.490611750082394,9.490611750082394,421.1499827304455,123.18228312717095,0.26921751273073663,8.575299171619063e-05,7.517871907263267,0.926656210590064
OI_6300,6302.046,0.013940141454781951,0.013940141454781951,0.6185997791860379,68.9903426144668,0.26921751273073663,8.575299171619063e-05,7.517871907263267,0.926656210590064
SII_6717,6718.29,0.4005711219731438,0.4005711219731438,17.775516009264642,69.03374611468979,0.26921751273073663,8.575299171619063e-05,7.517871907263267,0.926656210590064
SII_6731,6732.67,0.0,0.0,0.0,10000000000.0,0.26921751273073663,8.575299171619063e-05,7.517871907263267,0.926656210590064
NII_6548,6549.85,0.0,0.0,0.0,10000000000.0,0.26921751273073663,8.575299171619063e-05,7.517871907263267,0.926656210590064
NII_6584,6585.28,0.122531876256744,0.122531876256744,5.437404766769519,68.99435531252955,0.26921751273073663,8.575299171619063e-05,7.517871907263267,0.926656210590064
NII_5755,5756.24,0.0,0.0,0.0,10000000000.0,0.26921751273073663,8.575299171619063e-05,7.517871907263267,0.926656210590064
HeI_5876,5877.594,0.7737001330542626,0.7737001330542626,34.33327653209681,69.15234234700898,0.26921751273073663,8.575299171619063e-05,7.517871907263267,0.926656210590064
HeII_4686,4687.02,0.0,0.0,0.0,10000000000.0,0.26921751273073663,8.575299171619063e-05,7.517871907263267,0.926656210590064
NeIII_3869,3870.16,3.8589658616606357,1.5727830562491496,171.24327164491226,72.91488103878213,0.26921751273073663,8.575299171619063e-05,7.517871907263267,0.926656210590064
