line,wl,amp,amp_err,flux,flux_err,z,zerr,FWHM,FWHMerr
HI_6563,6564.61,33.436829849497826,33.436829849497826,1088.6857149629564,77.71362282655836,0.2692034914214797,1.935937849963348e-05,5.516070028035573,0.23896408588432402
HI_4861,4862.683,9.914512640275689,9.914512640275689,322.8113529563543,59.190940959566575,0.2692034914214797,1.935937849963348e-05,5.516070028035573,0.23896408588432402
HI_4341,4341.684,0.0,0.0,0.0,10000000000.0,0.2692034914214797,1.935937849963348e-05,5.516070028035573,0.23896408588432402
HI_4102,4102.892,4.786350554676687,4.786350554676687,155.84107402334348,57.585569778698634,0.2692034914214797,1.935937849963348e-05,5.516070028035573,0.23896408588432402
OIII_4363,4364.436,4.05181046737664,4.05181046737664,131.92483245048354,57.4452152655057,0.2692034914214797,1.935937849963348e-05,5.516070028035573,0.23896408588432402
OIII_5007,5008.24,32.4391700150602,32.4391700150602,1056.2024318576691,76.65474307514879,0.2692034914214797,1.935937849963348e-05,5.516070028035573,0.23896408588432402
OIII_4959,4960.295,11.064298726284278,11.064298726284278,360.2477873532449,59.695616417650754,0.2692034914214797,1.935937849963348e-05,5.516070028035573,0.23896408588432402
OII_3726,3727.092,8.461801296294084,8.461801296294084,275.51183038570116,79.32398099419785,0.2692034914214797,1.935937849963348e-05,5.516070028035573,0.23896408588432402
OII_3729,3729.875,33.7895972257013,33.7895972257013,1100.1716364724516,87.16791933766542,0.2692034914214797,1.935937849963348e-05,5.516070028035573,0.23896408588432402
OI_6300,6302.046,1.7116074031074504,1.7116074031074504,55.72904302756169,57.15253745502727,0.2692034914214797,1.935937849963348e-05,5.516070028035573,0.23896408588432402
SII_6717,6718.29,3.7215988127965147,3.7215988127965147,121.17331345559701,57.38963470412529,0.2692034914214797,1.935937849963348e-05,5.516070028035573,0.23896408588432402
SII_6731,6732.67,2.9483065601116323,2.9483065601116323,95.99532161908323,57.27777698513802,0.2692034914214797,1.935937849963348e-05,5.516070028035573,0.23896408588432402
NII_6548,6549.85,0.0,0.0,0.0,10000000000.0,0.2692034914214797,1.935937849963348e-05,5.516070028035573,0.23896408588432402
NII_6584,6585.28,9.505436654213213,9.505436654213213,309.4920525213194,59.02389765639935,0.2692034914214797,1.935937849963348e-05,5.516070028035573,0.23896408588432402
NII_5755,5756.24,1.8523632568964103,1.8523632568964103,60.311980106441396,57.16345410105531,0.2692034914214797,1.935937849963348e-05,5.516070028035573,0.23896408588432402
HeI_5876,5877.594,0.2979334981091597,0.2979334981091597,9.700559079922957,57.090702125900364,0.2692034914214797,1.935937849963348e-05,5.516070028035573,0.23896408588432402
HeII_4686,4687.02,0.0,0.0,0.0,10000000000.0,0.2692034914214797,1.935937849963348e-05,5.516070028035573,0.23896408588432402
NeIII_3869,3870.16,3.876059626001961,1.7553767979095083,126.20247685461632,57.415051368731426,0.2692034914214797,1.935937849963348e-05,5.516070028035573,0.23896408588432402
