line,wl,amp,amp_err,flux,flux_err,z,zerr,FWHM,FWHMerr
HI_6563,6564.61,1.9847943997857556,1.9847943997857556,35.807871959402206,43.69255034755261,0.2693455068250116,4.8229811154678496e-05,3.056436151262764,0.5642673690959078
HI_4861,4862.683,1.2941246922957816,1.2941246922957816,23.347431495287466,43.329984279905986,0.2693455068250116,4.8229811154678496e-05,3.056436151262764,0.5642673690959078
HI_4341,4341.684,8.630043412389682,8.630043412389682,155.6954662650646,53.722636942519344,0.2693455068250116,4.8229811154678496e-05,3.056436151262764,0.5642673690959078
HI_4102,4102.892,1.3198686093602419,1.3198686093602419,23.811880047780946,43.34294027065961,0.2693455068250116,4.8229811154678496e-05,3.056436151262764,0.5642673690959078
OIII_4363,4364.436,5.306558765592172,5.306558765592172,95.73615123253012,47.37693015348687,0.2693455068250116,4.8229811154678496e-05,3.056436151262764,0.5642673690959078
OIII_5007,5008.24,0.11672699947496312,0.11672699947496312,2.105883335752994,43.06373897579526,0.2693455068250116,4.8229811154678496e-05,3.056436151262764,0.5642673690959078
OIII_4959,4960.295,2.203759493051848,2.203759493051848,39.758242851267454,43.83664137766997,0.2693455068250116,4.8229811154678496e-05,3.056436151262764,0.5642673690959078
OII_3726,3727.092,6.052709653976649,6.052709653976649,109.19753316536385,50.18925208553728,0.2693455068250116,4.8229811154678496e-05,3.056436151262764,0.5642673690959078
OII_3729,3729.875,5.082464041344338,5.082464041344338,91.69323616106973,48.88047814356907,0.2693455068250116,4.8229811154678496e-05,3.056436151262764,0.5642673690959078
OI_6300,6302.046,0.0,0.0,0.0,10000000000.0,0.2693455068250116,4.8229811154678496e-05,3.056436151262764,0.5642673690959078
SII_6717,6718.29,0.0,0.0,0.0,10000000000.0,0.2693455068250116,4.8229811154678496e-05,3.056436151262764,0.5642673690959078
SII_6731,6732.67,0.0,0.0,0.0,10000000000.0,0.2693455068250116,4.8229811154678496e-05,3.056436151262764,0.5642673690959078
NII_6548,6549.85,0.0,0.0,0.0,10000000000.0,0.2693455068250116,4.8229811154678496e-05,3.056436151262764,0.5642673690959078
NII_6584,6585.28,0.0,0.0,0.0,10000000000.0,0.2693455068250116,4.8229811154678496e-05,3.056436151262764,0.5642673690959078
NII_5755,5756.24,0.0,0.0,0.0,10000000000.0,0.2693455068250116,4.8229811154678496e-05,3.056436151262764,0.5642673690959078
HeI_5876,5877.594,0.0,0.0,0.0,10000000000.0,0.2693455068250116,4.8229811154678496e-05,3.056436151262764,0.5642673690959078
HeII_4686,4687.02,0.0,0.0,0.0,10000000000.0,0.2693455068250116,4.8229811154678496e-05,3.056436151262764,0.5642673690959078
NeIII_3869,3870.16,0.0,10000000000.0,0.0,10000000000.0,0.2693455068250116,4.8229811154678496e-05,3.056436151262764,0.5642673690959078
