line,wl,amp,amp_err,flux,flux_err,z,zerr,FWHM,FWHMerr
HI_6563,6564.61,40.76627566570869,40.76627566570869,1171.6748928074223,74.99310468002793,0.269208751447805,1.4458516574606483e-05,4.869209141186348,0.17984550372917646
HI_4861,4862.683,16.614018917345106,16.614018917345106,477.5081489834303,60.59429143229113,0.269208751447805,1.4458516574606483e-05,4.869209141186348,0.17984550372917646
HI_4341,4341.684,8.368094267759489,8.368094267759489,240.5097300175227,58.150489347579835,0.269208751447805,1.4458516574606483e-05,4.869209141186348,0.17984550372917646
HI_4102,4102.892,8.69503977530701,8.69503977530701,249.9065619884118,58.218038153136604,0.269208751447805,1.4458516574606483e-05,4.869209141186348,0.17984550372917646
OIII_4363,4364.436,0.4417608824769559,0.4417608824769559,12.696772667366533,57.298439449688324,0.269208751447805,1.4458516574606483e-05,4.869209141186348,0.17984550372917646
OIII_5007,5008.24,51.97744741187671,51.97744741187671,1493.8983051606504,84.19404325390937,0.269208751447805,1.4458516574606483e-05,4.869209141186348,0.17984550372917646
OIII_4959,4960.295,15.495157366004378,15.495157366004378,445.3506372454567,60.17532468783144,0.269208751447805,1.4458516574606483e-05,4.869209141186348,0.17984550372917646
OII_3726,3727.092,21.097511885325503,21.097511885325503,606.369470182808,74.82992333972665,0.269208751447805,1.4458516574606483e-05,4.869209141186348,0.17984550372917646
OII_3729,3729.875,33.025657872326065,33.025657872326065,949.199639053649,78.17275972136059,0.269208751447805,1.4458516574606483e-05,4.869209141186348,0.17984550372917646
OI_6300,6302.046,0.862729187756031,0.862729187756031,24.795940077404897,57.30516125113838,0.269208751447805,1.4458516574606483e-05,4.869209141186348,0.17984550372917646
SII_6717,6718.29,7.517721848288829,7.517721848288829,216.06893926194778,57.986652012269744,0.269208751447805,1.4458516574606483e-05,4.869209141186348,0.17984550372917646
SII_6731,6732.67,5.215358922481414,5.215358922481414,149.89608461071114,57.62944337488826,0.269208751447805,1.4458516574606483e-05,4.869209141186348,0.17984550372917646
NII_6548,6549.85,3.011769839061685,3.011769839061685,86.5621164974743,57.40744501752457,0.269208751447805,1.4458516574606483e-05,4.869209141186348,0.17984550372917646
NII_6584,6585.28,3.15559641530092,3.15559641530092,90.69587621788251,57.418323120170825,0.269208751447805,1.4458516574606483e-05,4.869209141186348,0.17984550372917646
NII_5755,5756.24,1.110857377035245,1.110857377035245,31.927461533037206,57.31122101906167,0.269208751447805,1.4458516574606483e-05,4.869209141186348,0.17984550372917646
HeI_5876,5877.594,1.8788370183197003,1.8788370183197003,54.00017848316933,57.339429366724254,0.269208751447805,1.4458516574606483e-05,4.869209141186348,0.17984550372917646
HeII_4686,4687.02,0.0,0.0,0.0,10000000000.0,0.269208751447805,1.4458516574606483e-05,4.869209141186348,0.17984550372917646
NeIII_3869,3870.16,3.5769250071660963,1.994604755550154,102.80539872512455,57.45310749521982,0.269208751447805,1.4458516574606483e-05,4.869209141186348,0.17984550372917646
