line,wl,amp,amp_err,flux,flux_err,z,zerr,FWHM,FWHMerr
HI_6563,6564.61,18.887289160761384,18.887289160761384,95.24610026363894,132.99569388989832,0.26976142308469253,1.0533249358381473e-05,0.8543383772883417,0.35552381821259704
HI_4861,4862.683,2.479930676140384,2.479930676140384,12.505962280561553,27.82986167670474,0.26976142308469253,1.0533249358381473e-05,0.8543383772883417,0.35552381821259704
HI_4341,4341.684,16.429272795765883,16.429272795765883,82.85064895470218,107.06768960181957,0.26976142308469253,1.0533249358381473e-05,0.8543383772883417,0.35552381821259704
HI_4102,4102.892,0.0,0.0,0.0,10000000000.0,0.26976142308469253,1.0533249358381473e-05,0.8543383772883417,0.35552381821259704
OIII_4363,4364.436,8.202581146876469,8.202581146876469,41.3645314415537,63.8147159633681,0.26976142308469253,1.0533249358381473e-05,0.8543383772883417,0.35552381821259704
OIII_5007,5008.24,33.672015833508794,33.672015833508794,169.8035207095824,215.178737834896,0.26976142308469253,1.0533249358381473e-05,0.8543383772883417,0.35552381821259704
OIII_4959,4960.295,0.0,0.0,0.0,10000000000.0,0.26976142308469253,1.0533249358381473e-05,0.8543383772883417,0.35552381821259704
OII_3726,3727.092,10.951731225282515,10.951731225282515,55.22813154736675,29.2477489866447,0.26976142308469253,1.0533249358381473e-05,0.8543383772883417,0.35552381821259704
OII_3729,3729.875,0.0,0.0,0.0,10000000000.0,0.26976142308469253,1.0533249358381473e-05,0.8543383772883417,0.35552381821259704
OI_6300,6302.046,1.402004734750335,1.402004734750335,7.070124378333172,19.071398219725104,0.26976142308469253,1.0533249358381473e-05,0.8543383772883417,0.35552381821259704
SII_6717,6718.29,0.0,0.0,0.0,10000000000.0,0.26976142308469253,1.0533249358381473e-05,0.8543383772883417,0.35552381821259704
SII_6731,6732.67,0.0,0.0,0.0,10000000000.0,0.26976142308469253,1.0533249358381473e-05,0.8543383772883417,0.35552381821259704
NII_6548,6549.85,6.048060572273016,6.048060572273016,30.4995692480866,60.61215951572568,0.26976142308469253,1.0533249358381473e-05,0.8543383772883417,0.35552381821259704
NII_6584,6585.28,13.330353536727785,13.330353536727785,67.22320914886369,99.57848310217699,0.26976142308469253,1.0533249358381473e-05,0.8543383772883417,0.35552381821259704
NII_5755,5756.24,6.667159438123917,6.667159438123917,33.62160291570495,43.39895273448302,0.26976142308469253,1.0533249358381473e-05,0.8543383772883417,0.35552381821259704
HeI_5876,5877.594,0.0,0.0,0.0,10000000000.0,0.26976142308469253,1.0533249358381473e-05,0.8543383772883417,0.35552381821259704
HeII_4686,4687.02,0.0,0.0,0.0,10000000000.0,0.26976142308469253,1.0533249358381473e-05,0.8543383772883417,0.35552381821259704
NeIII_3869,3870.16,5.839105103086695,11.558307732347457,29.445834463843283,59.561113949943426,0.26976142308469253,1.0533249358381473e-05,0.8543383772883417,0.35552381821259704
