line,wl,amp,amp_err,flux,flux_err,z,zerr,FWHM,FWHMerr
HI_6563,6564.61,92.97931464931958,92.97931464931958,2973.967318159435,83.70845835241049,0.2692397363188685,7.443006584945607e-06,5.4187884038187555,0.09364816824963594
HI_4861,4862.683,30.27707903725718,30.27707903725718,968.4201683539933,63.68134491888454,0.2692397363188685,7.443006584945607e-06,5.4187884038187555,0.09364816824963594
HI_4341,4341.684,22.558634089061457,22.558634089061457,721.543719441441,62.44640031694813,0.2692397363188685,7.443006584945607e-06,5.4187884038187555,0.09364816824963594
HI_4102,4102.892,11.881887304331826,11.881887304331826,380.0452246223881,61.31156785929608,0.2692397363188685,7.443006584945607e-06,5.4187884038187555,0.09364816824963594
OIII_4363,4364.436,0.9894571441899416,0.9894571441899416,31.648041509432524,60.873325212799394,0.2692397363188685,7.443006584945607e-06,5.4187884038187555,0.09364816824963594
OIII_5007,5008.24,91.30481129983218,91.30481129983218,2920.407897396803,83.0016245079615,0.2692397363188685,7.443006584945607e-06,5.4187884038187555,0.09364816824963594
OIII_4959,4960.295,31.71322290041735,31.71322290041735,1014.3555995767575,63.94779835243358,0.2692397363188685,7.443006584945607e-06,5.4187884038187555,0.09364816824963594
OII_3726,3727.092,51.963633092615964,51.963633092615964,1662.0701833856642,85.70403153684809,0.2692397363188685,7.443006584945607e-06,5.4187884038187555,0.09364816824963594
OII_3729,3729.875,68.34070009109746,68.34070009109746,2185.894887885654,87.87641199132132,0.2692397363188685,7.443006584945607e-06,5.4187884038187555,0.09364816824963594
OI_6300,6302.046,4.449636776164311,4.449636776164311,142.32277792004362,60.9322816801026,0.2692397363188685,7.443006584945607e-06,5.4187884038187555,0.09364816824963594
SII_6717,6718.29,16.75782718823666,16.75782718823666,536.003417202475,61.74497809394879,0.2692397363188685,7.443006584945607e-06,5.4187884038187555,0.09364816824963594
SII_6731,6732.67,15.192026281199333,15.192026281199333,485.9208720488957,61.59006737861469,0.2692397363188685,7.443006584945607e-06,5.4187884038187555,0.09364816824963594
NII_6548,6549.85,10.596606533406202,10.596606533406202,338.9351882470066,61.22151533582848,0.2692397363188685,7.443006584945607e-06,5.4187884038187555,0.09364816824963594
NII_6584,6585.28,16.871165676867577,16.871165676867577,539.6285779422504,61.75678668915188,0.2692397363188685,7.443006584945607e-06,5.4187884038187555,0.09364816824963594
NII_5755,5756.24,0.0,0.0,0.0,10000000000.0,0.2692397363188685,7.443006584945607e-06,5.4187884038187555,0.09364816824963594
HeI_5876,5877.594,2.626794744467361,2.626794744467361,84.01870621463075,60.891906560936995,0.2692397363188685,7.443006584945607e-06,5.4187884038187555,0.09364816824963594
HeII_4686,4687.02,2.1600499167107046e-12,2.1600499167107046e-12,6.908975272746491e-11,60.87023010801124,0.2692397363188685,7.443006584945607e-06,5.4187884038187555,0.09364816824963594
NeIII_3869,3870.16,8.489542246142605,1.904485166642919,271.54019451945607,61.09594210278999,0.2692397363188685,7.443006584945607e-06,5.4187884038187555,0.09364816824963594
