line,wl,amp,amp_err,flux,flux_err,z,zerr,FWHM,FWHMerr
HI_6563,6564.61,40.108472832862844,40.108472832862844,1168.921042088184,77.6089908420507,0.2692471336744822,1.598177569396962e-05,4.937435010596632,0.20028249724351013
HI_4861,4862.683,18.854218055277556,18.854218055277556,549.4871946077983,61.91788205075831,0.2692471336744822,1.598177569396962e-05,4.937435010596632,0.20028249724351013
HI_4341,4341.684,1.2370941499383434,1.2370941499383434,36.05386295641484,56.70521963010168,0.2692471336744822,1.598177569396962e-05,4.937435010596632,0.20028249724351013
HI_4102,4102.892,5.123766354396366,5.123766354396366,149.32700956616992,57.08476969530598,0.2692471336744822,1.598177569396962e-05,4.937435010596632,0.20028249724351013
OIII_4363,4364.436,1.7086983075477065,1.7086983075477065,49.798291114102646,56.72661871440513,0.2692471336744822,1.598177569396962e-05,4.937435010596632,0.20028249724351013
OIII_5007,5008.24,39.798762836004244,39.798762836004244,1159.8948561802415,77.32990225451633,0.2692471336744822,1.598177569396962e-05,4.937435010596632,0.20028249724351013
OIII_4959,4960.295,14.382127344672199,14.382127344672199,419.1526152899207,59.78426377844879,0.2692471336744822,1.598177569396962e-05,4.937435010596632,0.20028249724351013
OII_3726,3727.092,32.19111409614811,32.19111409614811,938.1775963411376,80.9790623685843,0.2692471336744822,1.598177569396962e-05,4.937435010596632,0.20028249724351013
OII_3729,3729.875,24.3951136513233,24.3951136513233,710.9710157750008,78.37112724800633,0.2692471336744822,1.598177569396962e-05,4.937435010596632,0.20028249724351013
OI_6300,6302.046,0.7571171275919824,0.7571171275919824,22.06541608940294,56.69046607661784,0.2692471336744822,1.598177569396962e-05,4.937435010596632,0.20028249724351013
SII_6717,6718.29,3.467713146676374,3.467713146676374,101.06300686060091,56.866641003528635,0.2692471336744822,1.598177569396962e-05,4.937435010596632,0.20028249724351013
SII_6731,6732.67,2.4643435369151803,2.4643435369151803,71.82081021229853,56.775136652127514,0.2692471336744822,1.598177569396962e-05,4.937435010596632,0.20028249724351013
NII_6548,6549.85,2.8562295530300617,2.8562295530300617,83.24193343096826,56.80719726392329,0.2692471336744822,1.598177569396962e-05,4.937435010596632,0.20028249724351013
NII_6584,6585.28,7.672836749381645,7.672836749381645,223.61709871713225,57.58172462611649,0.2692471336744822,1.598177569396962e-05,4.937435010596632,0.20028249724351013
NII_5755,5756.24,0.8998328447581798,0.8998328447581798,26.224721918060357,56.694103507820564,0.2692471336744822,1.598177569396962e-05,4.937435010596632,0.20028249724351013
HeI_5876,5877.594,1.717277137074575,1.717277137074575,50.04831245977273,56.72705754956758,0.2692471336744822,1.598177569396962e-05,4.937435010596632,0.20028249724351013
HeII_4686,4687.02,0.0,0.0,0.0,10000000000.0,0.2692471336744822,1.598177569396962e-05,4.937435010596632,0.20028249724351013
NeIII_3869,3870.16,3.5395680758914523,1.946206653396194,103.15714639783212,56.87437574273205,0.2692471336744822,1.598177569396962e-05,4.937435010596632,0.20028249724351013
