line,wl,amp,amp_err,flux,flux_err,z,zerr,FWHM,FWHMerr
HI_6563,6564.61,9.760750270146332,9.760750270146332,479.30876170675515,81.6577105659665,0.2697572597189414,5.5541840642076236e-05,8.31925637677655,0.5721544792051133
HI_4861,4862.683,3.6323029136606237,3.6323029136606237,178.36688405146663,74.14761980758998,0.2697572597189414,5.5541840642076236e-05,8.31925637677655,0.5721544792051133
HI_4341,4341.684,4.758592078794322,4.758592078794322,233.6741350437487,75.05058033924679,0.2697572597189414,5.5541840642076236e-05,8.31925637677655,0.5721544792051133
HI_4102,4102.892,0.8361673740911328,0.8361673740911328,41.060608822358645,72.93660357375384,0.2697572597189414,5.5541840642076236e-05,8.31925637677655,0.5721544792051133
OIII_4363,4364.436,2.2155587162145594,2.2155587162145594,108.79662683363459,73.34682113615757,0.2697572597189414,5.5541840642076236e-05,8.31925637677655,0.5721544792051133
OIII_5007,5008.24,11.487861051642653,11.487861051642653,564.1197964221201,84.80041939955387,0.2697572597189414,5.5541840642076236e-05,8.31925637677655,0.5721544792051133
OIII_4959,4960.295,17.128698960267798,17.128698960267798,841.1172564678944,97.42646825042483,0.2697572597189414,5.5541840642076236e-05,8.31925637677655,0.5721544792051133
OII_3726,3727.092,22.491647127456304,22.491647127456304,1104.468738061952,144.0954058404824,0.2697572597189414,5.5541840642076236e-05,8.31925637677655,0.5721544792051133
OII_3729,3729.875,0.0,0.0,0.0,10000000000.0,0.2697572597189414,5.5541840642076236e-05,8.31925637677655,0.5721544792051133
OI_6300,6302.046,1.3833309459068914,1.3833309459068914,67.92947512869071,73.05518261015513,0.2697572597189414,5.5541840642076236e-05,8.31925637677655,0.5721544792051133
SII_6717,6718.29,2.352607092985977,2.352607092985977,115.52648734088885,73.40855410183791,0.2697572597189414,5.5541840642076236e-05,8.31925637677655,0.5721544792051133
SII_6731,6732.67,0.6170120131135945,0.6170120131135945,30.2988249651464,72.9066263146375,0.2697572597189414,5.5541840642076236e-05,8.31925637677655,0.5721544792051133
NII_6548,6549.85,0.0,0.0,0.0,10000000000.0,0.2697572597189414,5.5541840642076236e-05,8.31925637677655,0.5721544792051133
NII_6584,6585.28,0.6322822397665959,0.6322822397665959,31.048680583358205,72.90733278278692,0.2697572597189414,5.5541840642076236e-05,8.31925637677655,0.5721544792051133
NII_5755,5756.24,2.941830356581022,2.941830356581022,144.46072549124366,73.70990905150586,0.2697572597189414,5.5541840642076236e-05,8.31925637677655,0.5721544792051133
HeI_5876,5877.594,1.1762044593750716,1.1762044593750716,57.75837792524294,73.00344088523626,0.2697572597189414,5.5541840642076236e-05,8.31925637677655,0.5721544792051133
HeII_4686,4687.02,0.0,0.0,0.0,10000000000.0,0.2697572597189414,5.5541840642076236e-05,8.31925637677655,0.5721544792051133
NeIII_3869,3870.16,0.8146920494085634,1.484169415272549,40.00604733927928,72.93313859991541,0.2697572597189414,5.5541840642076236e-05,8.31925637677655,0.5721544792051133
