line,wl,amp,amp_err,flux,flux_err,z,zerr,FWHM,FWHMerr
HI_6563,6564.61,27.473126843621458,27.473126843621458,505.7633397872361,59.939953368627286,0.26984793925270767,1.759381073190966e-05,3.118829237425238,0.2217675551756053
HI_4861,4862.683,9.723701799494961,9.723701799494961,179.00735963549542,46.68126698767266,0.26984793925270767,1.759381073190966e-05,3.118829237425238,0.2217675551756053
HI_4341,4341.684,3.9707569099011835,3.9707569099011835,73.09918844207333,44.83877925636983,0.26984793925270767,1.759381073190966e-05,3.118829237425238,0.2217675551756053
HI_4102,4102.892,7.502915928772609,7.502915928772609,138.12405991784357,45.79608690769421,0.26984793925270767,1.759381073190966e-05,3.118829237425238,0.2217675551756053
OIII_4363,4364.436,1.986767508318053,1.986767508318053,36.575165837775764,44.5551869731684,0.26984793925270767,1.759381073190966e-05,3.118829237425238,0.2217675551756053
OIII_5007,5008.24,31.820837782164972,31.820837782164972,585.8020196660718,64.38105087037837,0.26984793925270767,1.759381073190966e-05,3.118829237425238,0.2217675551756053
OIII_4959,4960.295,5.853990356710028,5.853990356710028,107.76835599182415,45.278485339980584,0.26984793925270767,1.759381073190966e-05,3.118829237425238,0.2217675551756053
OII_3726,3727.092,13.161023598769134,13.161023598769134,242.2863363249655,49.82976101291228,0.26984793925270767,1.759381073190966e-05,3.118829237425238,0.2217675551756053
OII_3729,3729.875,10.617555788221125,10.617555788221125,195.46266089019218,48.696242602512356,0.26984793925270767,1.759381073190966e-05,3.118829237425238,0.2217675551756053
OI_6300,6302.046,0.0,0.0,0.0,10000000000.0,0.26984793925270767,1.759381073190966e-05,3.118829237425238,0.2217675551756053
SII_6717,6718.29,1.6263065611358343,1.6263065611358343,29.93930186978056,44.523803575181866,0.26984793925270767,1.759381073190966e-05,3.118829237425238,0.2217675551756053
SII_6731,6732.67,1.0507432217544874,1.0507432217544874,19.34353537980092,44.48745303322418,0.26984793925270767,1.759381073190966e-05,3.118829237425238,0.2217675551756053
NII_6548,6549.85,0.0,0.0,0.0,10000000000.0,0.26984793925270767,1.759381073190966e-05,3.118829237425238,0.2217675551756053
NII_6584,6585.28,2.8045980464728473,2.8045980464728473,51.63092220331648,44.64904406763357,0.26984793925270767,1.759381073190966e-05,3.118829237425238,0.2217675551756053
NII_5755,5756.24,2.1577276001216887,2.1577276001216887,39.72243580428176,44.57259155473371,0.26984793925270767,1.759381073190966e-05,3.118829237425238,0.2217675551756053
HeI_5876,5877.594,0.7600583756076276,0.7600583756076276,13.99220644481628,44.47398696250234,0.26984793925270767,1.759381073190966e-05,3.118829237425238,0.2217675551756053
HeII_4686,4687.02,0.0,0.0,0.0,10000000000.0,0.26984793925270767,1.759381073190966e-05,3.118829237425238,0.2217675551756053
NeIII_3869,3870.16,6.188414250946494,2.425109066975304,113.92489385576803,45.37374832248648,0.26984793925270767,1.759381073190966e-05,3.118829237425238,0.2217675551756053
