line,wl,amp,amp_err,flux,flux_err,z,zerr,FWHM,FWHMerr
HI_6563,6564.61,17.15730678587022,17.15730678587022,85.40515733770755,86.70698962037677,0.27014394234404815,1.2861793488477765e-05,0.8433101394432646,0.24617454513128922
HI_4861,4862.683,0.0,0.0,0.0,10000000000.0,0.27014394234404815,1.2861793488477765e-05,0.8433101394432646,0.24617454513128922
HI_4341,4341.684,0.0,0.0,0.0,10000000000.0,0.27014394234404815,1.2861793488477765e-05,0.8433101394432646,0.24617454513128922
HI_4102,4102.892,2.970580645383052,2.970580645383052,14.786872471862756,18.73607423227026,0.27014394234404815,1.2861793488477765e-05,0.8433101394432646,0.24617454513128922
OIII_4363,4364.436,0.0,0.0,0.0,10000000000.0,0.27014394234404815,1.2861793488477765e-05,0.8433101394432646,0.24617454513128922
OIII_5007,5008.24,0.6719556652227539,0.6719556652227539,3.3448419398535862,16.63523139435156,0.27014394234404815,1.2861793488477765e-05,0.8433101394432646,0.24617454513128922
OIII_4959,4960.295,42.14800937335008,42.14800937335008,209.80317114610372,152.84046663889032,0.27014394234404815,1.2861793488477765e-05,0.8433101394432646,0.24617454513128922
OII_3726,3727.092,7.214804938922157,7.214804938922157,35.9136523383127,31.867826345255693,0.27014394234404815,1.2861793488477765e-05,0.8433101394432646,0.24617454513128922
OII_3729,3729.875,5.668682423272571,5.668682423272571,28.217407329674668,19.351252078980625,0.27014394234404815,1.2861793488477765e-05,0.8433101394432646,0.24617454513128922
OI_6300,6302.046,0.0,0.0,0.0,10000000000.0,0.27014394234404815,1.2861793488477765e-05,0.8433101394432646,0.24617454513128922
SII_6717,6718.29,7.570948397306893,7.570948397306893,37.68645319090298,32.390495139718524,0.27014394234404815,1.2861793488477765e-05,0.8433101394432646,0.24617454513128922
SII_6731,6732.67,0.0,0.0,0.0,10000000000.0,0.27014394234404815,1.2861793488477765e-05,0.8433101394432646,0.24617454513128922
NII_6548,6549.85,8.225068148912897,8.225068148912897,40.94251202349437,59.851717196864215,0.27014394234404815,1.2861793488477765e-05,0.8433101394432646,0.24617454513128922
NII_6584,6585.28,0.0,0.0,0.0,10000000000.0,0.27014394234404815,1.2861793488477765e-05,0.8433101394432646,0.24617454513128922
NII_5755,5756.24,0.0,0.0,0.0,10000000000.0,0.27014394234404815,1.2861793488477765e-05,0.8433101394432646,0.24617454513128922
HeI_5876,5877.594,0.0,0.0,0.0,10000000000.0,0.27014394234404815,1.2861793488477765e-05,0.8433101394432646,0.24617454513128922
HeII_4686,4687.02,0.0,0.0,0.0,10000000000.0,0.27014394234404815,1.2861793488477765e-05,0.8433101394432646,0.24617454513128922
NeIII_3869,3870.16,2.091712281654168,6.336912864667448,10.41206634289536,31.689801920903047,0.27014394234404815,1.2861793488477765e-05,0.8433101394432646,0.24617454513128922
