line,wl,amp,amp_err,flux,flux_err,z,zerr,FWHM,FWHMerr
HI_6563,6564.61,1.2386345731227948,1.2386345731227948,9.621189612839855,32.488356854379454,0.2695833046913814,3.863388501867769e-05,1.315945543146622,0.6614416705943484
HI_4861,4862.683,0.0,0.0,0.0,10000000000.0,0.2695833046913814,3.863388501867769e-05,1.315945543146622,0.6614416705943484
HI_4341,4341.684,4.3534896207962674,4.3534896207962674,33.81606652041896,31.524078561896463,0.2695833046913814,3.863388501867769e-05,1.315945543146622,0.6614416705943484
HI_4102,4102.892,0.7511774826281226,0.7511774826281226,5.834829052962658,29.277985401657315,0.2695833046913814,3.863388501867769e-05,1.315945543146622,0.6614416705943484
OIII_4363,4364.436,3.9392628692041853,3.9392628692041853,30.598528268010558,29.054721210695686,0.2695833046913814,3.863388501867769e-05,1.315945543146622,0.6614416705943484
OIII_5007,5008.24,2.4606630325141623,2.4606630325141623,19.113389956036087,27.79973692188702,0.2695833046913814,3.863388501867769e-05,1.315945543146622,0.6614416705943484
OIII_4959,4960.295,0.8114902070781227,0.8114902070781227,6.3033127935201625,25.6947960206876,0.2695833046913814,3.863388501867769e-05,1.315945543146622,0.6614416705943484
OII_3726,3727.092,12.206882727259767,12.206882727259767,94.81790339871512,77.63338202264012,0.2695833046913814,3.863388501867769e-05,1.315945543146622,0.6614416705943484
OII_3729,3729.875,8.021741394214473,8.021741394214473,62.30949519221316,57.48113575194017,0.2695833046913814,3.863388501867769e-05,1.315945543146622,0.6614416705943484
OI_6300,6302.046,0.5417308652624797,0.5417308652624797,4.207936292846723,24.91472186068702,0.2695833046913814,3.863388501867769e-05,1.315945543146622,0.6614416705943484
SII_6717,6718.29,3.001516338037277,3.001516338037277,23.314509735899698,33.908811968993916,0.2695833046913814,3.863388501867769e-05,1.315945543146622,0.6614416705943484
SII_6731,6732.67,0.8347262582742587,0.8347262582742587,6.48380061394976,28.73089094298314,0.2695833046913814,3.863388501867769e-05,1.315945543146622,0.6614416705943484
NII_6548,6549.85,0.0,0.0,0.0,10000000000.0,0.2695833046913814,3.863388501867769e-05,1.315945543146622,0.6614416705943484
NII_6584,6585.28,2.2469977521059263,2.2469977521059263,17.45372840524839,34.67759728085922,0.2695833046913814,3.863388501867769e-05,1.315945543146622,0.6614416705943484
NII_5755,5756.24,0.0,0.0,0.0,10000000000.0,0.2695833046913814,3.863388501867769e-05,1.315945543146622,0.6614416705943484
HeI_5876,5877.594,1.7102955211835251,1.7102955211835251,13.284852417619499,27.326924685565157,0.2695833046913814,3.863388501867769e-05,1.315945543146622,0.6614416705943484
HeII_4686,4687.02,0.0,0.0,0.0,10000000000.0,0.2695833046913814,3.863388501867769e-05,1.315945543146622,0.6614416705943484
NeIII_3869,3870.16,2.6038940681795566,3.186244391362957,20.2259480764718,26.75605022641611,0.2695833046913814,3.863388501867769e-05,1.315945543146622,0.6614416705943484
