line,wl,amp,amp_err,flux,flux_err,z,zerr,FWHM,FWHMerr
HI_6563,6564.61,0.0,0.0,0.0,10000000000.0,0.270171951165332,5.5431223980738746e-05,0.5366120440413863,2.676091323363651
HI_4861,4862.683,5.014224680380835,5.014224680380835,15.882244020517348,246.474852955307,0.270171951165332,5.5431223980738746e-05,0.5366120440413863,2.676091323363651
HI_4341,4341.684,0.9898612984377451,0.9898612984377451,3.1353239414593554,20.396899382264646,0.270171951165332,5.5431223980738746e-05,0.5366120440413863,2.676091323363651
HI_4102,4102.892,0.0,0.0,0.0,10000000000.0,0.270171951165332,5.5431223980738746e-05,0.5366120440413863,2.676091323363651
OIII_4363,4364.436,0.3722375616133604,0.3722375616133604,1.1790392660858453,11.720220308653847,0.270171951165332,5.5431223980738746e-05,0.5366120440413863,2.676091323363651
OIII_5007,5008.24,0.0,0.0,0.0,10000000000.0,0.270171951165332,5.5431223980738746e-05,0.5366120440413863,2.676091323363651
OIII_4959,4960.295,1029.265869309356,1029.265869309356,3260.135462681249,122435.09951617864,0.270171951165332,5.5431223980738746e-05,0.5366120440413863,2.676091323363651
OII_3726,3727.092,8.18090290038674,8.18090290038674,25.912499828833354,609.1708454341108,0.270171951165332,5.5431223980738746e-05,0.5366120440413863,2.676091323363651
OII_3729,3729.875,0.0,0.0,0.0,10000000000.0,0.270171951165332,5.5431223980738746e-05,0.5366120440413863,2.676091323363651
OI_6300,6302.046,5.605764151067319,5.605764151067319,17.755908409345025,91.56666240631957,0.270171951165332,5.5431223980738746e-05,0.5366120440413863,2.676091323363651
SII_6717,6718.29,0.0,0.0,0.0,10000000000.0,0.270171951165332,5.5431223980738746e-05,0.5366120440413863,2.676091323363651
SII_6731,6732.67,0.0,0.0,0.0,10000000000.0,0.270171951165332,5.5431223980738746e-05,0.5366120440413863,2.676091323363651
NII_6548,6549.85,19.134197145875874,19.134197145875874,60.60637637490273,796.6429000265102,0.270171951165332,5.5431223980738746e-05,0.5366120440413863,2.676091323363651
NII_6584,6585.28,0.0,0.0,0.0,10000000000.0,0.270171951165332,5.5431223980738746e-05,0.5366120440413863,2.676091323363651
NII_5755,5756.24,1.2059538939383856,1.2059538939383856,3.8197837635723637,60.17151911669665,0.270171951165332,5.5431223980738746e-05,0.5366120440413863,2.676091323363651
HeI_5876,5877.594,8.932620296158007,8.932620296158007,28.29351780770866,690.0277113612412,0.270171951165332,5.5431223980738746e-05,0.5366120440413863,2.676091323363651
HeII_4686,4687.02,0.0,0.0,0.0,10000000000.0,0.270171951165332,5.5431223980738746e-05,0.5366120440413863,2.676091323363651
NeIII_3869,3870.16,0.0,10000000000.0,0.0,10000000000.0,0.270171951165332,5.5431223980738746e-05,0.5366120440413863,2.676091323363651
