line,wl,amp,amp_err,flux,flux_err,z,zerr,FWHM,FWHMerr
HI_6563,6564.61,206.71637151863274,206.71637151863274,6550.613801167081,97.82410391812965,0.2692174217609379,3.885177957705886e-06,5.368580436262677,0.04909745539574385
HI_4861,4862.683,80.83814453696937,80.83814453696937,2561.671634299559,75.95685859700143,0.2692174217609379,3.885177957705886e-06,5.368580436262677,0.04909745539574385
HI_4341,4341.684,40.088444469242404,40.088444469242404,1270.358586880813,72.47147705572564,0.2692174217609379,3.885177957705886e-06,5.368580436262677,0.04909745539574385
HI_4102,4102.892,14.491328742627502,14.491328742627502,459.21422363079984,71.45235653976502,0.2692174217609379,3.885177957705886e-06,5.368580436262677,0.04909745539574385
OIII_4363,4364.436,0.5766457958786759,0.5766457958786759,18.273269219643534,71.29814645843074,0.2692174217609379,3.885177957705886e-06,5.368580436262677,0.04909745539574385
OIII_5007,5008.24,214.17657464516583,214.17657464516583,6787.019409494877,99.49460504430994,0.2692174217609379,3.885177957705886e-06,5.368580436262677,0.04909745539574385
OIII_4959,4960.295,75.7673119532817,75.7673119532817,2400.9825429514262,75.4060457659978,0.2692174217609379,3.885177957705886e-06,5.368580436262677,0.04909745539574385
OII_3726,3727.092,100.50317475609381,100.50317475609381,3184.834751025189,97.20961725694801,0.2692174217609379,3.885177957705886e-06,5.368580436262677,0.04909745539574385
OII_3729,3729.875,143.2307124733834,143.2307124733834,4538.823291964412,100.07874771129944,0.2692174217609379,3.885177957705886e-06,5.368580436262677,0.04909745539574385
OI_6300,6302.046,10.361008557832065,10.361008557832065,328.3289327997288,71.37688493326593,0.2692174217609379,3.885177957705886e-06,5.368580436262677,0.04909745539574385
SII_6717,6718.29,30.301304022498698,30.301304022498698,960.2149015335638,71.97071522178852,0.2692174217609379,3.885177957705886e-06,5.368580436262677,0.04909745539574385
SII_6731,6732.67,22.938041954932487,22.938041954932487,726.8812484365152,71.68421264017834,0.2692174217609379,3.885177957705886e-06,5.368580436262677,0.04909745539574385
NII_6548,6549.85,5.788220600083491,5.788220600083491,183.42232629450376,71.322572211136,0.2692174217609379,3.885177957705886e-06,5.368580436262677,0.04909745539574385
NII_6584,6585.28,32.5627313033126,32.5627313033126,1031.877037663406,72.07433417634465,0.2692174217609379,3.885177957705886e-06,5.368580436262677,0.04909745539574385
NII_5755,5756.24,0.16289930037339673,0.16289930037339673,5.162099147673218,71.29793054231656,0.2692174217609379,3.885177957705886e-06,5.368580436262677,0.04909745539574385
HeI_5876,5877.594,8.047674739247327,8.047674739247327,255.0219357418697,71.34556991361421,0.2692174217609379,3.885177957705886e-06,5.368580436262677,0.04909745539574385
HeII_4686,4687.02,0.0,0.0,0.0,10000000000.0,0.2692174217609379,3.885177957705886e-06,5.368580436262677,0.04909745539574385
NeIII_3869,3870.16,21.018748018401652,2.2519868102042673,666.0609406071378,71.62247668442679,0.2692174217609379,3.885177957705886e-06,5.368580436262677,0.04909745539574385
