line,wl,amp,amp_err,flux,flux_err,z,zerr,FWHM,FWHMerr
HI_6563,6564.61,2.532963705590987,2.532963705590987,5.121394436870018,135.8234834682123,0.27018850491630275,9.213570469497079e-05,0.34254024205762845,1.4279496095559137
HI_4861,4862.683,0.0,0.0,0.0,10000000000.0,0.27018850491630275,9.213570469497079e-05,0.34254024205762845,1.4279496095559137
HI_4341,4341.684,0.0,0.0,0.0,10000000000.0,0.27018850491630275,9.213570469497079e-05,0.34254024205762845,1.4279496095559137
HI_4102,4102.892,37.139693946548505,37.139693946548505,75.09267564516081,1538.877422729848,0.27018850491630275,9.213570469497079e-05,0.34254024205762845,1.4279496095559137
OIII_4363,4364.436,0.0,0.0,0.0,10000000000.0,0.27018850491630275,9.213570469497079e-05,0.34254024205762845,1.4279496095559137
OIII_5007,5008.24,0.0,0.0,0.0,10000000000.0,0.27018850491630275,9.213570469497079e-05,0.34254024205762845,1.4279496095559137
OIII_4959,4960.295,49899.322209705315,49899.322209705315,100891.34345047548,6949977.914899776,0.27018850491630275,9.213570469497079e-05,0.34254024205762845,1.4279496095559137
OII_3726,3727.092,10476.493769833454,10476.493769833454,21182.402571461218,993197.4654797716,0.27018850491630275,9.213570469497079e-05,0.34254024205762845,1.4279496095559137
OII_3729,3729.875,0.0,0.0,0.0,10000000000.0,0.27018850491630275,9.213570469497079e-05,0.34254024205762845,1.4279496095559137
OI_6300,6302.046,3.6735425271725717,3.6735425271725717,7.427528559031391,33.81975120110792,0.27018850491630275,9.213570469497079e-05,0.34254024205762845,1.4279496095559137
SII_6717,6718.29,0.0,0.0,0.0,10000000000.0,0.27018850491630275,9.213570469497079e-05,0.34254024205762845,1.4279496095559137
SII_6731,6732.67,0.0,0.0,0.0,10000000000.0,0.27018850491630275,9.213570469497079e-05,0.34254024205762845,1.4279496095559137
NII_6548,6549.85,0.0,0.0,0.0,10000000000.0,0.27018850491630275,9.213570469497079e-05,0.34254024205762845,1.4279496095559137
NII_6584,6585.28,27.98329786782324,27.98329786782324,56.579376052334275,1371.0646767055932,0.27018850491630275,9.213570469497079e-05,0.34254024205762845,1.4279496095559137
NII_5755,5756.24,93.47148822516465,93.47148822516465,188.98982198034656,4959.2904641415835,0.27018850491630275,9.213570469497079e-05,0.34254024205762845,1.4279496095559137
HeI_5876,5877.594,133.2962103899829,133.2962103899829,269.5113510076277,12702.683174726219,0.27018850491630275,9.213570469497079e-05,0.34254024205762845,1.4279496095559137
HeII_4686,4687.02,0.0,0.0,0.0,10000000000.0,0.27018850491630275,9.213570469497079e-05,0.34254024205762845,1.4279496095559137
NeIII_3869,3870.16,0.0,10000000000.0,0.0,10000000000.0,0.27018850491630275,9.213570469497079e-05,0.34254024205762845,1.4279496095559137
