line,wl,amp,amp_err,flux,flux_err,z,zerr,FWHM,FWHMerr
HI_6563,6564.61,61.71327063284002,61.71327063284002,184.0003158546015,15727.44377356488,0.27013133792282495,0.00010566988361597407,0.5051174206884673,5.068991983967711
HI_4861,4862.683,0.2432619787288104,0.2432619787288104,0.7252942594440583,15.558104625661322,0.27013133792282495,0.00010566988361597407,0.5051174206884673,5.068991983967711
HI_4341,4341.684,16.063339500563302,16.063339500563302,47.89341921882395,1044.7872566899805,0.27013133792282495,0.00010566988361597407,0.5051174206884673,5.068991983967711
HI_4102,4102.892,0.0,0.0,0.0,10000000000.0,0.27013133792282495,0.00010566988361597407,0.5051174206884673,5.068991983967711
OIII_4363,4364.436,0.5480816681699707,0.5480816681699707,1.634125027295617,22.259651856345233,0.27013133792282495,0.00010566988361597407,0.5051174206884673,5.068991983967711
OIII_5007,5008.24,1.650622785567407,1.650622785567407,4.921390663414077,50.47153871590655,0.27013133792282495,0.00010566988361597407,0.5051174206884673,5.068991983967711
OIII_4959,4960.295,0.0,0.0,0.0,10000000000.0,0.27013133792282495,0.00010566988361597407,0.5051174206884673,5.068991983967711
OII_3726,3727.092,12.22917579573857,12.22917579573857,36.461723483181274,970.0619276061625,0.27013133792282495,0.00010566988361597407,0.5051174206884673,5.068991983967711
OII_3729,3729.875,0.0,0.0,0.0,10000000000.0,0.27013133792282495,0.00010566988361597407,0.5051174206884673,5.068991983967711
OI_6300,6302.046,0.0,0.0,0.0,10000000000.0,0.27013133792282495,0.00010566988361597407,0.5051174206884673,5.068991983967711
SII_6717,6718.29,0.0,0.0,0.0,10000000000.0,0.27013133792282495,0.00010566988361597407,0.5051174206884673,5.068991983967711
SII_6731,6732.67,0.6144953560436761,0.6144953560436761,1.8321398046768678,52.8053860347675,0.27013133792282495,0.00010566988361597407,0.5051174206884673,5.068991983967711
NII_6548,6549.85,37.561026154382034,37.561026154382034,111.98953815537209,9650.032291690115,0.27013133792282495,0.00010566988361597407,0.5051174206884673,5.068991983967711
NII_6584,6585.28,0.0,0.0,0.0,10000000000.0,0.27013133792282495,0.00010566988361597407,0.5051174206884673,5.068991983967711
NII_5755,5756.24,3.3490114781833427,3.3490114781833427,9.98519708107168,106.81302175062278,0.27013133792282495,0.00010566988361597407,0.5051174206884673,5.068991983967711
HeI_5876,5877.594,6.379337583636698,6.379337583636698,19.0202223653928,1135.0901071476744,0.27013133792282495,0.00010566988361597407,0.5051174206884673,5.068991983967711
HeII_4686,4687.02,0.0,0.0,0.0,10000000000.0,0.27013133792282495,0.00010566988361597407,0.5051174206884673,5.068991983967711
NeIII_3869,3870.16,0.0,10000000000.0,0.0,10000000000.0,0.27013133792282495,0.00010566988361597407,0.5051174206884673,5.068991983967711
