line,wl,amp,amp_err,flux,flux_err,z,zerr,FWHM,FWHMerr
HI_6563,6564.61,1.0961946215468288,1.0961946215468288,13.787703572278216,33.815947139219595,0.2700082705058956,2.34377043814398e-05,2.130868319825935,0.2441338990137015
HI_4861,4862.683,2.85546757242048,2.85546757242048,35.91546580773347,34.28532615985308,0.2700082705058956,2.34377043814398e-05,2.130868319825935,0.2441338990137015
HI_4341,4341.684,0.09845595672265972,0.09845595672265972,1.2383581524068752,33.933209190241996,0.2700082705058956,2.34377043814398e-05,2.130868319825935,0.2441338990137015
HI_4102,4102.892,0.0,0.0,0.0,10000000000.0,0.2700082705058956,2.34377043814398e-05,2.130868319825935,0.2441338990137015
OIII_4363,4364.436,0.3457150595203302,0.3457150595203302,4.3483307320124505,34.036967892704546,0.2700082705058956,2.34377043814398e-05,2.130868319825935,0.2441338990137015
OIII_5007,5008.24,1.336984297718459,1.336984297718459,16.816305075207115,34.115061183172166,0.2700082705058956,2.34377043814398e-05,2.130868319825935,0.2441338990137015
OIII_4959,4960.295,23.670298705190703,23.670298705190703,297.7199993500501,50.677883693491616,0.2700082705058956,2.34377043814398e-05,2.130868319825935,0.2441338990137015
OII_3726,3727.092,14.536451667244933,14.536451667244933,182.8364075513397,40.83403414060106,0.2700082705058956,2.34377043814398e-05,2.130868319825935,0.2441338990137015
OII_3729,3729.875,0.05998827045937105,0.05998827045937105,0.7545197491850026,33.96881767520536,0.2700082705058956,2.34377043814398e-05,2.130868319825935,0.2441338990137015
OI_6300,6302.046,0.0,0.0,0.0,10000000000.0,0.2700082705058956,2.34377043814398e-05,2.130868319825935,0.2441338990137015
SII_6717,6718.29,0.648424350070627,0.648424350070627,8.15574401852604,33.68498403793595,0.2700082705058956,2.34377043814398e-05,2.130868319825935,0.2441338990137015
SII_6731,6732.67,2.4217070979577784,2.4217070979577784,30.459718510941062,34.26323603501767,0.2700082705058956,2.34377043814398e-05,2.130868319825935,0.2441338990137015
NII_6548,6549.85,0.0,0.0,0.0,10000000000.0,0.2700082705058956,2.34377043814398e-05,2.130868319825935,0.2441338990137015
NII_6584,6585.28,10.176839216186522,10.176839216186522,128.0021263172397,37.48449280203094,0.2700082705058956,2.34377043814398e-05,2.130868319825935,0.2441338990137015
NII_5755,5756.24,0.0,0.0,0.0,10000000000.0,0.2700082705058956,2.34377043814398e-05,2.130868319825935,0.2441338990137015
HeI_5876,5877.594,1.654537141679839,1.654537141679839,20.810417429904874,33.88826713915161,0.2700082705058956,2.34377043814398e-05,2.130868319825935,0.2441338990137015
HeII_4686,4687.02,0.0,0.0,0.0,10000000000.0,0.2700082705058956,2.34377043814398e-05,2.130868319825935,0.2441338990137015
NeIII_3869,3870.16,6.43515682584632,2.7157433755041187,80.94003839454301,35.39443913262188,0.2700082705058956,2.34377043814398e-05,2.130868319825935,0.2441338990137015
