line,wl,amp,amp_err,flux,flux_err,z,zerr,FWHM,FWHMerr
HI_6563,6564.61,2.7503020887070306,2.7503020887070306,7.083541241919207,72.85105262178976,0.27006185531812843,1.2317501020973486e-05,0.43633733015372544,4.013723766975965
HI_4861,4862.683,0.0,0.0,0.0,10000000000.0,0.27006185531812843,1.2317501020973486e-05,0.43633733015372544,4.013723766975965
HI_4341,4341.684,0.0,0.0,0.0,10000000000.0,0.27006185531812843,1.2317501020973486e-05,0.43633733015372544,4.013723766975965
HI_4102,4102.892,3.9085302342881505,3.9085302342881505,10.066616035943921,113.84158132296982,0.27006185531812843,1.2317501020973486e-05,0.43633733015372544,4.013723766975965
OIII_4363,4364.436,27.027749961219115,27.027749961219115,69.61132826560925,4329.363543325373,0.27006185531812843,1.2317501020973486e-05,0.43633733015372544,4.013723766975965
OIII_5007,5008.24,0.0,0.0,0.0,10000000000.0,0.27006185531812843,1.2317501020973486e-05,0.43633733015372544,4.013723766975965
OIII_4959,4960.295,19.208610152836513,19.208610152836513,49.47274074955605,456.27566096480365,0.27006185531812843,1.2317501020973486e-05,0.43633733015372544,4.013723766975965
OII_3726,3727.092,0.0,0.0,0.0,10000000000.0,0.27006185531812843,1.2317501020973486e-05,0.43633733015372544,4.013723766975965
OII_3729,3729.875,4.125634479981386,4.125634479981386,10.625778930986762,122.47589675708087,0.27006185531812843,1.2317501020973486e-05,0.43633733015372544,4.013723766975965
OI_6300,6302.046,31.205284026034633,31.205284026034633,80.37077718547489,3613.868389249162,0.27006185531812843,1.2317501020973486e-05,0.43633733015372544,4.013723766975965
SII_6717,6718.29,0.0,0.0,0.0,10000000000.0,0.27006185531812843,1.2317501020973486e-05,0.43633733015372544,4.013723766975965
SII_6731,6732.67,0.0,0.0,0.0,10000000000.0,0.27006185531812843,1.2317501020973486e-05,0.43633733015372544,4.013723766975965
NII_6548,6549.85,0.0,0.0,0.0,10000000000.0,0.27006185531812843,1.2317501020973486e-05,0.43633733015372544,4.013723766975965
NII_6584,6585.28,1.7169772453121368,1.7169772453121368,4.4221611795099465,46.50689261168239,0.27006185531812843,1.2317501020973486e-05,0.43633733015372544,4.013723766975965
NII_5755,5756.24,7.547772435541333,7.547772435541333,19.4396672101256,508.8778859328758,0.27006185531812843,1.2317501020973486e-05,0.43633733015372544,4.013723766975965
HeI_5876,5877.594,0.0,0.0,0.0,10000000000.0,0.27006185531812843,1.2317501020973486e-05,0.43633733015372544,4.013723766975965
HeII_4686,4687.02,0.0,0.0,0.0,10000000000.0,0.27006185531812843,1.2317501020973486e-05,0.43633733015372544,4.013723766975965
NeIII_3869,3870.16,112.62563760705689,7880.697505684416,290.0729894955248,20471.769268959928,0.27006185531812843,1.2317501020973486e-05,0.43633733015372544,4.013723766975965
