line,wl,amp,amp_err,flux,flux_err,z,zerr,FWHM,FWHMerr
HI_6563,6564.61,153.00280407186187,153.00280407186187,3428.4036189749177,72.0141810870134,0.26977360289585817,3.816469189872422e-06,3.796163389499303,0.04955977927410115
HI_4861,4862.683,46.050544469524084,46.050544469524084,1031.8755546527711,53.932728906519955,0.26977360289585817,3.816469189872422e-06,3.796163389499303,0.04955977927410115
HI_4341,4341.684,20.401425599368963,20.401425599368963,457.14404896967017,52.21510498085084,0.26977360289585817,3.816469189872422e-06,3.796163389499303,0.04955977927410115
HI_4102,4102.892,12.209787660270877,12.209787660270877,273.5902812717554,51.940743767148774,0.26977360289585817,3.816469189872422e-06,3.796163389499303,0.04955977927410115
OIII_4363,4364.436,0.0,0.0,0.0,10000000000.0,0.26977360289585817,3.816469189872422e-06,3.796163389499303,0.04955977927410115
OIII_5007,5008.24,161.42142496799352,161.42142496799352,3617.043497323288,73.95397465378174,0.26977360289585817,3.816469189872422e-06,3.796163389499303,0.04955977927410115
OIII_4959,4960.295,65.62365763736238,65.62365763736238,1470.459229156573,56.058485700700835,0.26977360289585817,3.816469189872422e-06,3.796163389499303,0.04955977927410115
OII_3726,3727.092,63.17037121506928,63.17037121506928,1415.487321291268,59.94595928232955,0.26977360289585817,3.816469189872422e-06,3.796163389499303,0.04955977927410115
OII_3729,3729.875,76.85636468522489,76.85636468522489,1722.1556194769066,61.189253436625975,0.26977360289585817,3.816469189872422e-06,3.796163389499303,0.04955977927410115
OI_6300,6302.046,3.595844407541449,3.595844407541449,80.57372578802963,51.800353516486304,0.26977360289585817,3.816469189872422e-06,3.796163389499303,0.04955977927410115
SII_6717,6718.29,18.8522848383069,18.8522848383069,422.43174533742933,52.152773512279296,0.26977360289585817,3.816469189872422e-06,3.796163389499303,0.04955977927410115
SII_6731,6732.67,14.884170795792102,14.884170795792102,333.51640403771495,52.015304252477975,0.26977360289585817,3.816469189872422e-06,3.796163389499303,0.04955977927410115
NII_6548,6549.85,0.0,0.0,0.0,10000000000.0,0.26977360289585817,3.816469189872422e-06,3.796163389499303,0.04955977927410115
NII_6584,6585.28,12.80898186719537,12.80898186719537,287.0166991727233,51.956170815106546,0.26977360289585817,3.816469189872422e-06,3.796163389499303,0.04955977927410115
NII_5755,5756.24,5.5790057897690986,5.5790057897690986,125.01132744562541,51.8191450185252,0.26977360289585817,3.816469189872422e-06,3.796163389499303,0.04955977927410115
HeI_5876,5877.594,4.050468248719767,4.050468248719767,90.76068956181753,51.803936947739025,0.26977360289585817,3.816469189872422e-06,3.796163389499303,0.04955977927410115
HeII_4686,4687.02,0.0,0.0,0.0,10000000000.0,0.26977360289585817,3.816469189872422e-06,3.796163389499303,0.04955977927410115
NeIII_3869,3870.16,14.595707682529905,2.3131133214943578,327.0526794841153,52.00655512028205,0.26977360289585817,3.816469189872422e-06,3.796163389499303,0.04955977927410115
