line,wl,amp,amp_err,flux,flux_err,z,zerr,FWHM,FWHMerr
HI_6563,6564.61,14.74441915799332,14.74441915799332,492.87948896045026,74.7238371748065,0.26956383766444075,4.155543231675488e-05,5.663245892558956,0.49723575992951763
HI_4861,4862.683,6.236681673875637,6.236681673875637,208.4810831332324,60.51323949811058,0.26956383766444075,4.155543231675488e-05,5.663245892558956,0.49723575992951763
HI_4341,4341.684,6.554673696019904,6.554673696019904,219.11098612829196,60.87464077111314,0.26956383766444075,4.155543231675488e-05,5.663245892558956,0.49723575992951763
HI_4102,4102.892,0.0,0.0,0.0,10000000000.0,0.26956383766444075,4.155543231675488e-05,5.663245892558956,0.49723575992951763
OIII_4363,4364.436,0.0,0.0,0.0,10000000000.0,0.26956383766444075,4.155543231675488e-05,5.663245892558956,0.49723575992951763
OIII_5007,5008.24,14.868676383265438,14.868676383265438,497.0331851512266,74.9882842779693,0.26956383766444075,4.155543231675488e-05,5.663245892558956,0.49723575992951763
OIII_4959,4960.295,8.624318676060057,8.624318676060057,288.2955059904215,63.59059627420686,0.26956383766444075,4.155543231675488e-05,5.663245892558956,0.49723575992951763
OII_3726,3727.092,11.676408417522794,11.676408417522794,390.32139225383935,84.31981382947482,0.26956383766444075,4.155543231675488e-05,5.663245892558956,0.49723575992951763
OII_3729,3729.875,10.141473243420137,10.141473243420137,339.0112622248108,83.33919747473786,0.26956383766444075,4.155543231675488e-05,5.663245892558956,0.49723575992951763
OI_6300,6302.046,0.0,0.0,0.0,10000000000.0,0.26956383766444075,4.155543231675488e-05,5.663245892558956,0.49723575992951763
SII_6717,6718.29,2.563848103413534,2.563848103413534,85.70484394413164,57.56640072030085,0.26956383766444075,4.155543231675488e-05,5.663245892558956,0.49723575992951763
SII_6731,6732.67,1.1396631262214214,1.1396631262214214,38.09689437203517,57.07104544252302,0.26956383766444075,4.155543231675488e-05,5.663245892558956,0.49723575992951763
NII_6548,6549.85,0.15620697274584927,0.15620697274584927,5.2217189483042,56.95071095518894,0.26956383766444075,4.155543231675488e-05,5.663245892558956,0.49723575992951763
NII_6584,6585.28,0.8634790424821404,0.8634790424821404,28.864555777087542,57.018842283221346,0.26956383766444075,4.155543231675488e-05,5.663245892558956,0.49723575992951763
NII_5755,5756.24,0.0,0.0,0.0,10000000000.0,0.26956383766444075,4.155543231675488e-05,5.663245892558956,0.49723575992951763
HeI_5876,5877.594,0.9199531423410008,0.9199531423410008,30.75238365146308,57.02835374167557,0.26956383766444075,4.155543231675488e-05,5.663245892558956,0.49723575992951763
HeII_4686,4687.02,0.0,0.0,0.0,10000000000.0,0.26956383766444075,4.155543231675488e-05,5.663245892558956,0.49723575992951763
NeIII_3869,3870.16,4.422869201325625,1.7146219614585967,147.84858517173177,58.76835316218925,0.26956383766444075,4.155543231675488e-05,5.663245892558956,0.49723575992951763
