line,wl,amp,amp_err,flux,flux_err,z,zerr,FWHM,FWHMerr
HI_6563,6564.61,6.168174312249789,6.168174312249789,90.85109387705616,45.061394157733595,0.26829826681031554,2.726461098361026e-05,2.495317797618886,0.37387723070941653
HI_4861,4862.683,0.0,0.0,0.0,10000000000.0,0.26829826681031554,2.726461098361026e-05,2.495317797618886,0.37387723070941653
HI_4341,4341.684,0.0,0.0,0.0,10000000000.0,0.26829826681031554,2.726461098361026e-05,2.495317797618886,0.37387723070941653
HI_4102,4102.892,1.057755360289093,1.057755360289093,15.579688036010245,42.49574720715277,0.26829826681031554,2.726461098361026e-05,2.495317797618886,0.37387723070941653
OIII_4363,4364.436,0.0,0.0,0.0,10000000000.0,0.26829826681031554,2.726461098361026e-05,2.495317797618886,0.37387723070941653
OIII_5007,5008.24,3.430645772294042,3.430645772294042,50.530011854339115,43.29838395530115,0.26829826681031554,2.726461098361026e-05,2.495317797618886,0.37387723070941653
OIII_4959,4960.295,3.1464864464815037,3.1464864464815037,46.34462663684196,43.11060187702079,0.26829826681031554,2.726461098361026e-05,2.495317797618886,0.37387723070941653
OII_3726,3727.092,0.7773469173178,0.7773469173178,11.449549604981996,42.76675815552522,0.26829826681031554,2.726461098361026e-05,2.495317797618886,0.37387723070941653
OII_3729,3729.875,8.505534461352,8.505534461352,125.27809213954873,47.50646760950447,0.26829826681031554,2.726461098361026e-05,2.495317797618886,0.37387723070941653
OI_6300,6302.046,0.0,0.0,0.0,10000000000.0,0.26829826681031554,2.726461098361026e-05,2.495317797618886,0.37387723070941653
SII_6717,6718.29,1.996361332277047,1.996361332277047,29.404423680282335,42.72605141849108,0.26829826681031554,2.726461098361026e-05,2.495317797618886,0.37387723070941653
SII_6731,6732.67,0.0,0.0,0.0,10000000000.0,0.26829826681031554,2.726461098361026e-05,2.495317797618886,0.37387723070941653
NII_6548,6549.85,2.81564592443101,2.81564592443101,41.471673668011135,42.984675021048815,0.26829826681031554,2.726461098361026e-05,2.495317797618886,0.37387723070941653
NII_6584,6585.28,19.93956170042634,19.93956170042634,293.68998024506965,64.90491603402035,0.26829826681031554,2.726461098361026e-05,2.495317797618886,0.37387723070941653
NII_5755,5756.24,0.0,0.0,0.0,10000000000.0,0.26829826681031554,2.726461098361026e-05,2.495317797618886,0.37387723070941653
HeI_5876,5877.594,1.0714082793685975,1.0714082793685975,15.780782001614385,42.524227823385395,0.26829826681031554,2.726461098361026e-05,2.495317797618886,0.37387723070941653
HeII_4686,4687.02,0.0,0.0,0.0,10000000000.0,0.26829826681031554,2.726461098361026e-05,2.495317797618886,0.37387723070941653
NeIII_3869,3870.16,10.073321063606727,2.972598548971285,148.37003483931383,49.10381014532873,0.26829826681031554,2.726461098361026e-05,2.495317797618886,0.37387723070941653
