line,wl,amp,amp_err,flux,flux_err,z,zerr,FWHM,FWHMerr
HI_6563,6564.61,170.5013674931988,170.5013674931988,3146.1085173486454,60.289003477507244,0.26988828493236644,2.8835242689145524e-06,3.1260662213991584,0.037738326952802895
HI_4861,4862.683,47.13713363211377,47.13713363211377,869.7791682480785,44.380522471619976,0.26988828493236644,2.8835242689145524e-06,3.1260662213991584,0.037738326952802895
HI_4341,4341.684,24.321503171756376,24.321503171756376,448.78284208739313,43.226025211459635,0.26988828493236644,2.8835242689145524e-06,3.1260662213991584,0.037738326952802895
HI_4102,4102.892,5.148976357078254,5.148976357078254,95.00943371188428,42.819557125136406,0.26988828493236644,2.8835242689145524e-06,3.1260662213991584,0.037738326952802895
OIII_4363,4364.436,0.0,0.0,0.0,10000000000.0,0.26988828493236644,2.8835242689145524e-06,3.1260662213991584,0.037738326952802895
OIII_5007,5008.24,178.13155549355952,178.13155549355952,3286.9015198321226,61.639458542037026,0.26988828493236644,2.8835242689145524e-06,3.1260662213991584,0.037738326952802895
OIII_4959,4960.295,60.315828290625404,60.315828290625404,1112.9537780607207,45.36041504243025,0.26988828493236644,2.8835242689145524e-06,3.1260662213991584,0.037738326952802895
OII_3726,3727.092,54.37667583844791,54.37667583844791,1003.363934938946,46.11860248058202,0.26988828493236644,2.8835242689145524e-06,3.1260662213991584,0.037738326952802895
OII_3729,3729.875,57.49976631251684,57.49976631251684,1060.9915169658798,46.31882180852056,0.26988828493236644,2.8835242689145524e-06,3.1260662213991584,0.037738326952802895
OI_6300,6302.046,6.171505846061564,6.171505846061564,113.87725150025992,42.82833058211926,0.26988828493236644,2.8835242689145524e-06,3.1260662213991584,0.037738326952802895
SII_6717,6718.29,19.906005709373176,19.906005709373176,367.307635295933,43.08656193363082,0.26988828493236644,2.8835242689145524e-06,3.1260662213991584,0.037738326952802895
SII_6731,6732.67,11.49345683069464,11.49345683069464,212.07843057487358,42.89519801201649,0.26988828493236644,2.8835242689145524e-06,3.1260662213991584,0.037738326952802895
NII_6548,6549.85,1.1855564766424322,1.1855564766424322,21.876008291319945,42.80096953994082,0.26988828493236644,2.8835242689145524e-06,3.1260662213991584,0.037738326952802895
NII_6584,6585.28,14.62330562408215,14.62330562408215,269.83071779498994,42.95459122883341,0.26988828493236644,2.8835242689145524e-06,3.1260662213991584,0.037738326952802895
NII_5755,5756.24,0.7950018336632638,0.7950018336632638,14.669454427076984,42.79997191848899,0.26988828493236644,2.8835242689145524e-06,3.1260662213991584,0.037738326952802895
HeI_5876,5877.594,4.203160529563547,4.203160529563547,77.55714418167936,42.81289789017924,0.26988828493236644,2.8835242689145524e-06,3.1260662213991584,0.037738326952802895
HeII_4686,4687.02,2.1600499167107046e-12,2.1600499167107046e-12,3.985746003552058e-11,42.80021829409323,0.26988828493236644,2.8835242689145524e-06,3.1260662213991584,0.037738326952802895
NeIII_3869,3870.16,7.689898336656597,2.3199649799319317,141.89478366187035,42.84248768682264,0.26988828493236644,2.8835242689145524e-06,3.1260662213991584,0.037738326952802895
