line,wl,amp,amp_err,flux,flux_err,z,zerr,FWHM,FWHMerr
HI_6563,6564.61,0.0,0.0,0.0,10000000000.0,0.27017759951098347,1.5080607859401498e-06,0.41056838482369407,0.8251570531518075
HI_4861,4862.683,5.946414175798509,5.946414175798509,14.41080751910039,175.95631247934693,0.27017759951098347,1.5080607859401498e-06,0.41056838482369407,0.8251570531518075
HI_4341,4341.684,1.5964882914242935,1.5964882914242935,3.869001518234056,12.986197072773743,0.27017759951098347,1.5080607859401498e-06,0.41056838482369407,0.8251570531518075
HI_4102,4102.892,0.0,0.0,0.0,10000000000.0,0.27017759951098347,1.5080607859401498e-06,0.41056838482369407,0.8251570531518075
OIII_4363,4364.436,8.455043085173429,8.455043085173429,20.4903316291071,41.92059129105141,0.27017759951098347,1.5080607859401498e-06,0.41056838482369407,0.8251570531518075
OIII_5007,5008.24,0.0,0.0,0.0,10000000000.0,0.27017759951098347,1.5080607859401498e-06,0.41056838482369407,0.8251570531518075
OIII_4959,4960.295,9035.036904706902,9035.036904706902,21895.914733220823,567731.1242170009,0.27017759951098347,1.5080607859401498e-06,0.41056838482369407,0.8251570531518075
OII_3726,3727.092,247.6085862176526,247.6085862176526,600.0657825991422,9559.514814720143,0.27017759951098347,1.5080607859401498e-06,0.41056838482369407,0.8251570531518075
OII_3729,3729.875,10.056232173578678,10.056232173578678,24.370725270135868,132.67567989325482,0.27017759951098347,1.5080607859401498e-06,0.41056838482369407,0.8251570531518075
OI_6300,6302.046,0.0,0.0,0.0,10000000000.0,0.27017759951098347,1.5080607859401498e-06,0.41056838482369407,0.8251570531518075
SII_6717,6718.29,0.0,0.0,0.0,10000000000.0,0.27017759951098347,1.5080607859401498e-06,0.41056838482369407,0.8251570531518075
SII_6731,6732.67,0.0,0.0,0.0,10000000000.0,0.27017759951098347,1.5080607859401498e-06,0.41056838482369407,0.8251570531518075
NII_6548,6549.85,13.58054903010941,13.58054903010941,32.91171322595132,293.0964602913465,0.27017759951098347,1.5080607859401498e-06,0.41056838482369407,0.8251570531518075
NII_6584,6585.28,36.67146335763255,36.67146335763255,88.8712733871453,765.8770203432945,0.27017759951098347,1.5080607859401498e-06,0.41056838482369407,0.8251570531518075
NII_5755,5756.24,0.0,0.0,0.0,10000000000.0,0.27017759951098347,1.5080607859401498e-06,0.41056838482369407,0.8251570531518075
HeI_5876,5877.594,0.0,0.0,0.0,10000000000.0,0.27017759951098347,1.5080607859401498e-06,0.41056838482369407,0.8251570531518075
HeII_4686,4687.02,0.0,0.0,0.0,10000000000.0,0.27017759951098347,1.5080607859401498e-06,0.41056838482369407,0.8251570531518075
NeIII_3869,3870.16,0.0,10000000000.0,0.0,10000000000.0,0.27017759951098347,1.5080607859401498e-06,0.41056838482369407,0.8251570531518075
