line,wl,amp,amp_err,flux,flux_err,z,zerr,FWHM,FWHMerr
HI_6563,6564.61,0.0,0.0,0.0,10000000000.0,0.27093569473701906,2.49863463402328e-05,1.5748733395184984,0.4374305140564846
HI_4861,4862.683,3.469467480141361,3.469467480141361,32.25195984200198,34.15419456478331,0.27093569473701906,2.49863463402328e-05,1.5748733395184984,0.4374305140564846
HI_4341,4341.684,2.1117161421880155,2.1117161421880155,19.63038552901503,35.36500503521977,0.27093569473701906,2.49863463402328e-05,1.5748733395184984,0.4374305140564846
HI_4102,4102.892,5.639588865834867,5.639588865834867,52.425276981958255,36.7080810541988,0.27093569473701906,2.49863463402328e-05,1.5748733395184984,0.4374305140564846
OIII_4363,4364.436,0.0,0.0,0.0,10000000000.0,0.27093569473701906,2.49863463402328e-05,1.5748733395184984,0.4374305140564846
OIII_5007,5008.24,0.0,0.0,0.0,10000000000.0,0.27093569473701906,2.49863463402328e-05,1.5748733395184984,0.4374305140564846
OIII_4959,4960.295,0.0,0.0,0.0,10000000000.0,0.27093569473701906,2.49863463402328e-05,1.5748733395184984,0.4374305140564846
OII_3726,3727.092,0.0,0.0,0.0,10000000000.0,0.27093569473701906,2.49863463402328e-05,1.5748733395184984,0.4374305140564846
OII_3729,3729.875,9.956487622999703,9.956487622999703,92.55490671764201,48.53548297833649,0.27093569473701906,2.49863463402328e-05,1.5748733395184984,0.4374305140564846
OI_6300,6302.046,3.4928914589582973,3.4928914589582973,32.469707732266954,34.50110825627521,0.27093569473701906,2.49863463402328e-05,1.5748733395184984,0.4374305140564846
SII_6717,6718.29,0.0,0.0,0.0,10000000000.0,0.27093569473701906,2.49863463402328e-05,1.5748733395184984,0.4374305140564846
SII_6731,6732.67,0.0,0.0,0.0,10000000000.0,0.27093569473701906,2.49863463402328e-05,1.5748733395184984,0.4374305140564846
NII_6548,6549.85,0.0,0.0,0.0,10000000000.0,0.27093569473701906,2.49863463402328e-05,1.5748733395184984,0.4374305140564846
NII_6584,6585.28,2.7478841235729305,2.7478841235729305,25.54416460486265,34.16875141443611,0.27093569473701906,2.49863463402328e-05,1.5748733395184984,0.4374305140564846
NII_5755,5756.24,5.398570545272378,5.398570545272378,50.18478525218668,35.81219799393831,0.27093569473701906,2.49863463402328e-05,1.5748733395184984,0.4374305140564846
HeI_5876,5877.594,0.0,0.0,0.0,10000000000.0,0.27093569473701906,2.49863463402328e-05,1.5748733395184984,0.4374305140564846
HeII_4686,4687.02,0.0,0.0,0.0,10000000000.0,0.27093569473701906,2.49863463402328e-05,1.5748733395184984,0.4374305140564846
NeIII_3869,3870.16,0.0,10000000000.0,0.0,10000000000.0,0.27093569473701906,2.49863463402328e-05,1.5748733395184984,0.4374305140564846
