line,wl,amp,amp_err,flux,flux_err,z,zerr,FWHM,FWHMerr
HI_6563,6564.61,56.0066672994858,56.0066672994858,994.8131750391137,56.72006693510867,0.2699012382878456,7.830172303266012e-06,3.009221385628968,0.09926915476299938
HI_4861,4862.683,21.382506248424193,21.382506248424193,379.8047617713517,45.465369559108936,0.2699012382878456,7.830172303266012e-06,3.009221385628968,0.09926915476299938
HI_4341,4341.684,6.6459079311403,6.6459079311403,118.04731630685708,43.47095530594621,0.2699012382878456,7.830172303266012e-06,3.009221385628968,0.09926915476299938
HI_4102,4102.892,2.065129710601923,2.065129710601923,36.681672795952394,43.275835127347285,0.2699012382878456,7.830172303266012e-06,3.009221385628968,0.09926915476299938
OIII_4363,4364.436,3.603602108248083,3.603602108248083,64.0086444657426,43.316841816321734,0.2699012382878456,7.830172303266012e-06,3.009221385628968,0.09926915476299938
OIII_5007,5008.24,70.31580048414253,70.31580048414253,1248.9778111772937,63.18139690839743,0.2699012382878456,7.830172303266012e-06,3.009221385628968,0.09926915476299938
OIII_4959,4960.295,36.21125327975142,36.21125327975142,643.1989901264088,49.335652427612466,0.2699012382878456,7.830172303266012e-06,3.009221385628968,0.09926915476299938
OII_3726,3727.092,23.08633962322301,23.08633962322301,410.0689422886021,46.66857539918355,0.2699012382878456,7.830172303266012e-06,3.009221385628968,0.09926915476299938
OII_3729,3729.875,16.06490356647828,16.06490356647828,285.35134287149714,45.53562675297842,0.2699012382878456,7.830172303266012e-06,3.009221385628968,0.09926915476299938
OI_6300,6302.046,0.5573840087710096,0.5573840087710096,9.900481178722236,43.25680149011516,0.2699012382878456,7.830172303266012e-06,3.009221385628968,0.09926915476299938
SII_6717,6718.29,11.565120789130788,11.565120789130788,205.4243733237041,43.913727372121826,0.2699012382878456,7.830172303266012e-06,3.009221385628968,0.09926915476299938
SII_6731,6732.67,4.037458644807316,4.037458644807316,71.71498050495069,43.33315525544744,0.2699012382878456,7.830172303266012e-06,3.009221385628968,0.09926915476299938
NII_6548,6549.85,1.5721755286367625,1.5721755286367625,27.925620372992523,43.2662386801821,0.2699012382878456,7.830172303266012e-06,3.009221385628968,0.09926915476299938
NII_6584,6585.28,3.407282413617054,3.407282413617054,60.52153430269251,43.31148520894068,0.2699012382878456,7.830172303266012e-06,3.009221385628968,0.09926915476299938
NII_5755,5756.24,1.0467788345711142,1.0467788345711142,18.593310871632493,43.257845791804456,0.2699012382878456,7.830172303266012e-06,3.009221385628968,0.09926915476299938
HeI_5876,5877.594,0.0,0.0,0.0,10000000000.0,0.2699012382878456,7.830172303266012e-06,3.009221385628968,0.09926915476299938
HeII_4686,4687.02,0.0,0.0,0.0,10000000000.0,0.2699012382878456,7.830172303266012e-06,3.009221385628968,0.09926915476299938
NeIII_3869,3870.16,6.799200268152163,2.4376399376935876,120.77015706573468,43.48125424419666,0.2699012382878456,7.830172303266012e-06,3.009221385628968,0.09926915476299938
