line,wl,amp,amp_err,flux,flux_err,z,zerr,FWHM,FWHMerr
HI_6563,6564.61,3.228084093599591,3.228084093599591,57.25506014076297,40.17831393356571,0.27013533912708093,3.462663344575952e-05,3.0048401747803934,0.3893795060334392
HI_4861,4862.683,0.19592036887502218,0.19592036887502218,3.474950520954818,39.313065325189356,0.27013533912708093,3.462663344575952e-05,3.0048401747803934,0.3893795060334392
HI_4341,4341.684,0.5103065655791852,0.5103065655791852,9.051075577737594,39.332465478767475,0.27013533912708093,3.462663344575952e-05,3.0048401747803934,0.3893795060334392
HI_4102,4102.892,0.0,0.0,0.0,10000000000.0,0.27013533912708093,3.462663344575952e-05,3.0048401747803934,0.3893795060334392
OIII_4363,4364.436,0.4865613666228228,0.4865613666228228,8.629917777977514,39.32958315670911,0.27013533912708093,3.462663344575952e-05,3.0048401747803934,0.3893795060334392
OIII_5007,5008.24,4.367657718041755,4.367657718041755,77.46715948836952,40.87944408284185,0.27013533912708093,3.462663344575952e-05,3.0048401747803934,0.3893795060334392
OIII_4959,4960.295,19.18104981060594,19.18104981060594,340.20556113970764,63.04640535782918,0.27013533912708093,3.462663344575952e-05,3.0048401747803934,0.3893795060334392
OII_3726,3727.092,11.546345504982014,11.546345504982014,204.7922814664363,50.00770331600432,0.27013533912708093,3.462663344575952e-05,3.0048401747803934,0.3893795060334392
OII_3729,3729.875,3.74799586690267,3.74799586690267,66.47649892154922,42.54090609196067,0.27013533912708093,3.462663344575952e-05,3.0048401747803934,0.3893795060334392
OI_6300,6302.046,3.505474180783608,3.505474180783608,62.17500202073506,40.32990845214777,0.27013533912708093,3.462663344575952e-05,3.0048401747803934,0.3893795060334392
SII_6717,6718.29,0.0,0.0,0.0,10000000000.0,0.27013533912708093,3.462663344575952e-05,3.0048401747803934,0.3893795060334392
SII_6731,6732.67,1.6482697769833976,1.6482697769833976,29.234611761354007,39.53827342573415,0.27013533912708093,3.462663344575952e-05,3.0048401747803934,0.3893795060334392
NII_6548,6549.85,1.2836435296493391,1.2836435296493391,22.767401764747966,39.45015435965281,0.27013533912708093,3.462663344575952e-05,3.0048401747803934,0.3893795060334392
NII_6584,6585.28,0.0,0.0,0.0,10000000000.0,0.27013533912708093,3.462663344575952e-05,3.0048401747803934,0.3893795060334392
NII_5755,5756.24,0.6769991741882677,0.6769991741882677,12.00762660125548,39.34802783461562,0.27013533912708093,3.462663344575952e-05,3.0048401747803934,0.3893795060334392
HeI_5876,5877.594,3.788427178022971,3.788427178022971,67.19361070756264,40.499507616618835,0.27013533912708093,3.462663344575952e-05,3.0048401747803934,0.3893795060334392
HeII_4686,4687.02,0.0,0.0,0.0,10000000000.0,0.27013533912708093,3.462663344575952e-05,3.0048401747803934,0.3893795060334392
NeIII_3869,3870.16,2.626476722773077,2.222934904055598,46.58462368401344,39.886637440105545,0.27013533912708093,3.462663344575952e-05,3.0048401747803934,0.3893795060334392
