line,wl,amp,amp_err,flux,flux_err,z,zerr,FWHM,FWHMerr
HI_6563,6564.61,1.3519673808747257,1.3519673808747257,27.94198856642583,41.3381767827873,0.27026301237176886,3.9365480518948504e-05,3.5014137990811562,0.46207860149499375
HI_4861,4862.683,0.13326908689248285,0.13326908689248285,2.7543588365264093,41.13411243709834,0.27026301237176886,3.9365480518948504e-05,3.5014137990811562,0.46207860149499375
HI_4341,4341.684,1.0670489324813843,1.0670489324813843,22.05339381185444,41.26054430306977,0.27026301237176886,3.9365480518948504e-05,3.5014137990811562,0.46207860149499375
HI_4102,4102.892,0.0,0.0,0.0,10000000000.0,0.27026301237176886,3.9365480518948504e-05,3.5014137990811562,0.46207860149499375
OIII_4363,4364.436,0.0,0.0,0.0,10000000000.0,0.27026301237176886,3.9365480518948504e-05,3.5014137990811562,0.46207860149499375
OIII_5007,5008.24,0.08855063270789287,0.08855063270789287,1.8301334793098714,41.13306968993986,0.27026301237176886,3.9365480518948504e-05,3.5014137990811562,0.46207860149499375
OIII_4959,4960.295,20.46667727683905,20.46667727683905,422.9981215169236,74.7420612450161,0.27026301237176886,3.9365480518948504e-05,3.5014137990811562,0.46207860149499375
OII_3726,3727.092,1.1871080050790397,1.1871080050790397,24.534732697152755,42.6025725750285,0.27026301237176886,3.9365480518948504e-05,3.5014137990811562,0.46207860149499375
OII_3729,3729.875,0.9638189132250545,0.9638189132250545,19.919871909938404,42.561285075157905,0.27026301237176886,3.9365480518948504e-05,3.5014137990811562,0.46207860149499375
OI_6300,6302.046,0.0,0.0,0.0,10000000000.0,0.27026301237176886,3.9365480518948504e-05,3.5014137990811562,0.46207860149499375
SII_6717,6718.29,0.0,0.0,0.0,10000000000.0,0.27026301237176886,3.9365480518948504e-05,3.5014137990811562,0.46207860149499375
SII_6731,6732.67,0.0,0.0,0.0,10000000000.0,0.27026301237176886,3.9365480518948504e-05,3.5014137990811562,0.46207860149499375
NII_6548,6549.85,0.0,0.0,0.0,10000000000.0,0.27026301237176886,3.9365480518948504e-05,3.5014137990811562,0.46207860149499375
NII_6584,6585.28,0.5746241796197182,0.5746241796197182,11.876131394928798,41.169355410797166,0.27026301237176886,3.9365480518948504e-05,3.5014137990811562,0.46207860149499375
NII_5755,5756.24,0.43753036789280486,0.43753036789280486,9.042724484384333,41.1537282174536,0.27026301237176886,3.9365480518948504e-05,3.5014137990811562,0.46207860149499375
HeI_5876,5877.594,2.6478351303253476,2.6478351303253476,54.72452958847467,41.91687939154197,0.27026301237176886,3.9365480518948504e-05,3.5014137990811562,0.46207860149499375
HeII_4686,4687.02,0.0,0.0,0.0,10000000000.0,0.27026301237176886,3.9365480518948504e-05,3.5014137990811562,0.46207860149499375
NeIII_3869,3870.16,0.0,10000000000.0,0.0,10000000000.0,0.27026301237176886,3.9365480518948504e-05,3.5014137990811562,0.46207860149499375
